Your edit line - do NOT delete this line
X-pos [um], Y-pos [um], Max voltage [V]
600	-2000.0	0.00602
600	-2100.0	0.007616
600	-2200.0	0.009435
600	-2300.0	0.010826
600	-2400.0	0.011888
600	-2500.0	0.012413
600	-2600.0	0.012824
600	-2700.0	0.012571
600	-2800.0	0.012045
600	-2900.0	0.010384
600	-3000.0	0.009628
600	-3100.0	0.008358
600	-3200.0	0.007481
600	-3300.0	0.006677
600	-3400.0	0.005844
600	-3500.0	0.005475
600	-3600.0	0.004922
600	-3700.0	0.004378
600	-3800.0	0.004018
600	-3900.0	0.00319
600	-4000.0	0.002732
600	-4100.0	0.002175
600	-4200.0	0.001938
600	-4300.0	0.001841
600	-4400.0	0.001845
600	-4500.0	0.00199
600	-4600.0	0.002126
600	-4700.0	0.002407
600	-4800.0	0.002618
1000	-4900.0	0.002821
1000	-5000.0	0.002428
1000	-5100.0	0.001013
400	-5200.0	0.000715
400	-5300.0	0.000739
600	-5400.0	0.000802
600	-5500.0	0.000811
600	-5600.0	0.000822
400	-5700.0	0.000861
400	-5800.0	0.000934
400	-5900.0	0.000951
400	-6000.0	0.001002

Y_new [um], Max voltage [V]
-2002.49843945	0.00602
-2102.62336142	0.007616
-2202.7482834	0.009435
-2302.87320537	0.010826
-2402.99812734	0.011888
-2503.12304931	0.012413
-2603.24797129	0.012824
-2703.37289326	0.012571
-2803.49781523	0.012045
-2903.6227372	0.010384
-3003.74765918	0.009628
-3103.87258115	0.008358
-3203.99750312	0.007481
-3304.12242509	0.006677
-3404.24734707	0.005844
-3504.37226904	0.005475
-3604.49719101	0.004922
-3704.62211298	0.004378
-3804.74703496	0.004018
-3904.87195693	0.00319
-4004.9968789	0.002732
-4105.12180087	0.002175
-4205.24672285	0.001938
-4305.37164482	0.001841
-4405.49656679	0.001845
-4505.62148876	0.00199
-4605.74641074	0.002126
-4705.87133271	0.002407
-4805.99625468	0.002618
-4906.12117665	0.002821
-5006.24609863	0.002428
-5106.3710206	0.001013
-5206.49594257	0.000715
-5306.62086454	0.000739
-5406.74578652	0.000802
-5506.87070849	0.000811
-5606.99563046	0.000822
-5707.12055243	0.000861
-5807.24547441	0.000934
-5907.37039638	0.000951
-6007.49531835	0.001002
