Your edit line - do NOT delete this line
X-pos [um], Y-pos [um], Max voltage [V]
600	-2000.0	0.004683
400	-2100.0	0.005084
400	-2200.0	0.005524
600	-2300.0	0.005957
600	-2400.0	0.006176
600	-2500.0	0.006197
600	-2600.0	0.006178
600	-2700.0	0.005995
600	-2800.0	0.005809
600	-2900.0	0.005579
600	-3000.0	0.005432
600	-3100.0	0.005099
600	-3200.0	0.004847
600	-3300.0	0.004687
600	-3400.0	0.004621
600	-3500.0	0.004669
600	-3600.0	0.004619
600	-3700.0	0.0045
600	-3800.0	0.004332
600	-3900.0	0.004127
600	-4000.0	0.003831
600	-4100.0	0.003577
600	-4200.0	0.003444
400	-4300.0	0.003446
400	-4400.0	0.003425
400	-4500.0	0.003346
200	-4600.0	0.003259
400	-4700.0	0.003218
400	-4800.0	0.003043
600	-4900.0	0.002853
200	-5000.0	0.002789
200	-5100.0	0.002754
0	-5200.0	0.00271
0	-5300.0	0.002671
200	-5400.0	0.002634
200	-5500.0	0.002604
200	-5600.0	0.002576
0	-5700.0	0.002576
0	-5800.0	0.002571
0	-5900.0	0.002573
0	-6000.0	0.002572

Y_new [um], Max voltage [V]
-2022.37484162	0.004683
-2123.4935837	0.005084
-2224.61232578	0.005524
-2325.73106786	0.005957
-2426.84980994	0.006176
-2527.96855202	0.006197
-2629.0872941	0.006178
-2730.20603618	0.005995
-2831.32477826	0.005809
-2932.44352034	0.005579
-3033.56226242	0.005432
-3134.6810045	0.005099
-3235.79974659	0.004847
-3336.91848867	0.004687
-3438.03723075	0.004621
-3539.15597283	0.004669
-3640.27471491	0.004619
-3741.39345699	0.0045
-3842.51219907	0.004332
-3943.63094115	0.004127
-4044.74968323	0.003831
-4145.86842531	0.003577
-4246.98716739	0.003444
-4348.10590947	0.003446
-4449.22465155	0.003425
-4550.34339364	0.003346
-4651.46213572	0.003259
-4752.5808778	0.003218
-4853.69961988	0.003043
-4954.81836196	0.002853
-5055.93710404	0.002789
-5157.05584612	0.002754
-5258.1745882	0.00271
-5359.29333028	0.002671
-5460.41207236	0.002634
-5561.53081444	0.002604
-5662.64955652	0.002576
-5763.7682986	0.002576
-5864.88704069	0.002571
-5966.00578277	0.002573
-6067.12452485	0.002572
