added power and raised collection lens to get max. modulation increased to .4V
X-pos [um], Y-pos [um], Voltage [V]
-800	-500.0	0.00132
-700	-500.0	0.00141
-600	-500.0	0.00162
-500	-500.0	0.00183
-400	-500.0	0.00219
-300	-500.0	0.00267
-200	-500.0	0.00384
-100	-500.0	0.01038
0	-500.0	0.06387
100	-500.0	0.2949
200	-500.0	0.27768
300	-500.0	0.20265
400	-500.0	0.49149
500	-500.0	0.2736
600	-500.0	0.06657
700	-500.0	0.00651
800	-500.0	0.00243
800	-600.0	0.00261
700	-600.0	0.00546
600	-600.0	0.03858
500	-600.0	0.09549
400	-600.0	0.23706
300	-600.0	0.35691
200	-600.0	0.36114
100	-600.0	0.19131
0	-600.0	0.06144
-100	-600.0	0.01227
-200	-600.0	0.00447
-300	-600.0	0.003
-400	-600.0	0.00237
-500	-600.0	0.00198
-600	-600.0	0.00171
-700	-600.0	0.00153
-800	-600.0	0.00138
-800	-700.0	0.0015
-700	-700.0	0.00162
-600	-700.0	0.00174
-500	-700.0	0.00216
-400	-700.0	0.00246
-300	-700.0	0.00324
-200	-700.0	0.00465
-100	-700.0	0.00996
0	-700.0	0.04755
100	-700.0	0.11544
200	-700.0	0.16815
300	-700.0	0.17337
400	-700.0	0.12762
500	-700.0	0.06246
600	-700.0	0.01608
700	-700.0	0.00507
800	-700.0	0.00276
800	-800.0	0.00282
700	-800.0	0.00444
600	-800.0	0.00918
500	-800.0	0.03111
400	-800.0	0.07014
300	-800.0	0.10392
200	-800.0	0.10233
100	-800.0	0.06819
0	-800.0	0.02625
-100	-800.0	0.00867
-200	-800.0	0.00474
-300	-800.0	0.00333
-400	-800.0	0.00258
-500	-800.0	0.00207
-600	-800.0	0.0018
-700	-800.0	0.00165
-800	-800.0	0.00156
-800	-900.0	0.00153
-700	-900.0	0.00165
-600	-900.0	0.00186
-500	-900.0	0.0021
-400	-900.0	0.00255
-300	-900.0	0.00324
-200	-900.0	0.0045
-100	-900.0	0.00759
0	-900.0	0.01581
100	-900.0	0.03327
200	-900.0	0.04767
300	-900.0	0.04662
400	-900.0	0.0288
500	-900.0	0.01389
600	-900.0	0.00672
700	-900.0	0.00393
800	-900.0	0.00294
800	-1000.0	0.00288
700	-1000.0	0.00372
600	-1000.0	0.00519
500	-1000.0	0.00846
400	-1000.0	0.01542
300	-1000.0	0.024
200	-1000.0	0.02553
100	-1000.0	0.02238
0	-1000.0	0.01365
-100	-1000.0	0.00729
-200	-1000.0	0.00423
-300	-1000.0	0.00312
-400	-1000.0	0.00273
-500	-1000.0	0.00231
-600	-1000.0	0.0021
-700	-1000.0	0.00165
-800	-1000.0	0.0015
-800	-1100.0	0.00138
-700	-1100.0	0.00168
-600	-1100.0	0.00195
-500	-1100.0	0.00207
-400	-1100.0	0.00249
-300	-1100.0	0.00294
-200	-1100.0	0.00384
-100	-1100.0	0.00675
0	-1100.0	0.01275
100	-1100.0	0.01878
200	-1100.0	0.02052
300	-1100.0	0.01833
400	-1100.0	0.0114
500	-1100.0	0.00648
600	-1100.0	0.0045
700	-1100.0	0.00333
800	-1100.0	0.00276
800	-1200.0	0.00252
700	-1200.0	0.00297
600	-1200.0	0.00366
500	-1200.0	0.00513
400	-1200.0	0.00852
300	-1200.0	0.01479
200	-1200.0	0.01725
100	-1200.0	0.01662
0	-1200.0	0.01227
-100	-1200.0	0.00642
-200	-1200.0	0.00354
-300	-1200.0	0.00264
-400	-1200.0	0.0024
-500	-1200.0	0.0021
-600	-1200.0	0.00189
-700	-1200.0	0.00156
-800	-1200.0	0.00123
-800	-1300.0	0.0012
-700	-1300.0	0.00138
-600	-1300.0	0.00177
-500	-1300.0	0.00204
-400	-1300.0	0.00234
-300	-1300.0	0.00252
-200	-1300.0	0.00354
-100	-1300.0	0.00636
0	-1300.0	0.01167
100	-1300.0	0.01482
200	-1300.0	0.015
300	-1300.0	0.01194
400	-1300.0	0.00666
500	-1300.0	0.00405
600	-1300.0	0.00303
700	-1300.0	0.00264
800	-1300.0	0.00234
800	-1400.0	0.0021
700	-1400.0	0.00219
600	-1400.0	0.00249
500	-1400.0	0.00321
400	-1400.0	0.00522
300	-1400.0	0.00981
200	-1400.0	0.01407
100	-1400.0	0.01494
0	-1400.0	0.01239
-100	-1400.0	0.00702
-200	-1400.0	0.00381
-300	-1400.0	0.00276
-400	-1400.0	0.00207
-500	-1400.0	0.00174
-600	-1400.0	0.0015
-700	-1400.0	0.00135
-800	-1400.0	0.00114
-800	-1500.0	0.00114
-700	-1500.0	0.00129
-600	-1500.0	0.00147
-500	-1500.0	0.00165
-400	-1500.0	0.0021
-300	-1500.0	0.00288
-200	-1500.0	0.00408
-100	-1500.0	0.00771
0	-1500.0	0.01323
100	-1500.0	0.01416
200	-1500.0	0.01341
300	-1500.0	0.00927
400	-1500.0	0.00444
500	-1500.0	0.00282
600	-1500.0	0.00225
700	-1500.0	0.00192
800	-1500.0	0.0018
800	-1600.0	0.00165
700	-1600.0	0.0018
600	-1600.0	0.00213
500	-1600.0	0.00264
400	-1600.0	0.00396
300	-1600.0	0.00834
200	-1600.0	0.01245
100	-1600.0	0.01344
0	-1600.0	0.01284
-100	-1600.0	0.00864
-200	-1600.0	0.00444
-300	-1600.0	0.00288
-400	-1600.0	0.00213
-500	-1600.0	0.00177
-600	-1600.0	0.00159
-700	-1600.0	0.00138
-800	-1600.0	0.00117
-800	-1700.0	0.00126
-700	-1700.0	0.00132
-600	-1700.0	0.0015
-500	-1700.0	0.0018
-400	-1700.0	0.00216
-300	-1700.0	0.00282
-200	-1700.0	0.00453
-100	-1700.0	0.00852
0	-1700.0	0.01227
100	-1700.0	0.01296
200	-1700.0	0.01155
300	-1700.0	0.00723
400	-1700.0	0.00366
500	-1700.0	0.00246
600	-1700.0	0.00204
700	-1700.0	0.00177
800	-1700.0	0.00159
800	-1800.0	0.00162
700	-1800.0	0.00171
600	-1800.0	0.00195
500	-1800.0	0.00234
400	-1800.0	0.00321
300	-1800.0	0.00561
200	-1800.0	0.00993
100	-1800.0	0.01173
0	-1800.0	0.01125
-100	-1800.0	0.00834
-200	-1800.0	0.00459
-300	-1800.0	0.00276
-400	-1800.0	0.00204
-500	-1800.0	0.00168
-600	-1800.0	0.0015
-700	-1800.0	0.00132
-800	-1800.0	0.00117
-800	-1900.0	0.0012
-700	-1900.0	0.00129
-600	-1900.0	0.00156
-500	-1900.0	0.00174
-400	-1900.0	0.00192
-300	-1900.0	0.00273
-200	-1900.0	0.00486
-100	-1900.0	0.01002
0	-1900.0	0.01299
100	-1900.0	0.01137
200	-1900.0	0.00888
300	-1900.0	0.00477
400	-1900.0	0.00285
500	-1900.0	0.00222
600	-1900.0	0.00192
700	-1900.0	0.00159
800	-1900.0	0.0015
800	-2000.0	0.00141
700	-2000.0	0.00156
600	-2000.0	0.00171
500	-2000.0	0.00195
400	-2000.0	0.00252
300	-2000.0	0.00408
200	-2000.0	0.00888
100	-2000.0	0.01671
0	-2000.0	0.0204
-100	-2000.0	0.01818
-200	-2000.0	0.00762
-300	-2000.0	0.00291
-400	-2000.0	0.00192
-500	-2000.0	0.00156
-600	-2000.0	0.00138
-700	-2000.0	0.00123
-800	-2000.0	0.00105
