Your comment line - do NOT delete this line
Col 0: X-pos [m]
Col 1: Y-pos [m]
Col 2: Voltage [V]

Col 0		Col 1		Col 2
-0.0007		0.005		0.000497226
-0.00065		0.005		0.000513319
-0.0006		0.005		0.00052822
-0.00055		0.005		0.000534657
-0.0005		0.005		0.000551227
-0.00045		0.005		0.000563148
-0.0004		0.005		0.000586394
-0.00035		0.005		0.000629786
-0.0003		0.005		0.000678424
-0.00025		0.005		0.000719551
-0.0002		0.005		0.000755314
-0.00015		0.005		0.000768546
-0.0001		0.005		0.000784043
-5e-05		0.005		0.000800256
0.0		0.005		0.000812773
5e-05		0.005		0.00077093
0.0001		0.005		0.000720982
0.00015		0.005		0.00068355
0.0002		0.005		0.000663999
0.00025		0.005		0.000660304
0.0003		0.005		0.000651602
0.00035		0.005		0.000623945
0.0004		0.005		0.000588063
0.00045		0.005		0.000569347
0.0005		0.005		0.000573162
0.00055		0.005		0.000580553
0.0006		0.005		0.000596646
0.00065		0.005		0.000615124
0.0007		0.005		0.00063074
0.0007		0.0045		0.000295402
0.00065		0.0045		0.000276448
0.0006		0.0045		0.000259878
0.00055		0.0045		0.0002414
0.0005		0.0045		0.000223638
0.00045		0.0045		0.000216008
0.0004		0.0045		0.000213505
0.00035		0.0045		0.000215651
0.0003		0.0045		0.000219227
0.00025		0.0045		0.000222088
0.0002		0.0045		0.000239135
0.00015		0.0045		0.000267388
0.0001		0.0045		0.000295402
5e-05		0.0045		0.00033796
0.0		0.0045		0.00036204
-5e-05		0.0045		0.000366928
-0.0001		0.0045		0.000363709
-0.00015		0.0045		0.000359656
-0.0002		0.0045		0.000343444
-0.00025		0.0045		0.000319364
-0.0003		0.0045		0.000293614
-0.00035		0.0045		0.000272753
-0.0004		0.0045		0.000263335
-0.00045		0.0045		0.000268223
-0.0005		0.0045		0.000275971
-0.00055		0.0045		0.000289323
-0.0006		0.0045		0.000298144
-0.00065		0.0045		0.000297191
-0.0007		0.0045		0.000287177
-0.0007		0.0040001		0.000206948
-0.00065		0.0040001		0.000212432
-0.0006		0.0040001		0.000212432
-0.00055		0.0040001		0.000213743
-0.0005		0.0040001		0.000197769
-0.00045		0.0040001		0.000194312
-0.0004		0.0040001		0.000198008
-0.00035		0.0040001		0.000187756
-0.0003		0.0040001		0.00019455
-0.00025		0.0040001		0.000212313
-0.0002		0.0040001		0.000221849
-0.00015		0.0040001		0.000234843
-0.0001		0.0040001		0.000249984
-5e-05		0.0040001		0.000249149
0.0		0.0040001		0.000258328
5e-05		0.0040001		0.000238777
0.0001		0.0040001		0.000216008
0.00015		0.0040001		0.000197888
0.0002		0.0040001		0.000179411
0.00025		0.0040001		0.000169517
0.0003		0.0040001		0.000163437
0.00035		0.0040001		0.0001539
0.0004		0.0040001		0.000149966
0.00045		0.0040001		0.000147582
0.0005		0.0040001		0.000154854
0.00055		0.0040001		0.000163318
0.0006		0.0040001		0.000178815
0.00065		0.0040001		0.000196219
0.0007		0.0040001		0.000206471
0.0007		0.0035		2.90872e-05
0.00065		0.0035		3.42133e-05
0.0006		0.0035		3.55246e-05
0.00055		0.0035		3.45709e-05
0.0005		0.0035		3.56438e-05
0.00045		0.0035		4.06506e-05
0.0004		0.0035		4.20811e-05
0.00035		0.0035		4.80416e-05
0.0003		0.0035		5.04258e-05
0.00025		0.0035		5.38828e-05
0.0002		0.0035		6.31814e-05
0.00015		0.0035		7.51023e-05
0.0001		0.0035		9.23877e-05
5e-05		0.0035		0.00011313
0.0		0.0035		0.000127674
-5e-05		0.0035		0.000133992
-0.0001		0.0035		0.000131727
-0.00015		0.0035		0.000129343
-0.0002		0.0035		0.000118375
-0.00025		0.0035		0.000100852
-0.0003		0.0035		8.26125e-05
-0.00035		0.0035		6.42543e-05
-0.0004		0.0035		5.07834e-05
-0.00045		0.0035		4.79224e-05
-0.0005		0.0035		5.01873e-05
-0.00055		0.0035		4.64919e-05
-0.0006		0.0035		4.79224e-05
-0.00065		0.0035		4.41077e-05
-0.0007		0.0035		4.14851e-05
-0.0007		0.0030001		1.94312e-05
-0.00065		0.0030001		1.95504e-05
-0.0006		0.0030001		1.84776e-05
-0.00055		0.0030001		2.05041e-05
-0.0005		0.0030001		2.00273e-05
-0.00045		0.0030001		1.94312e-05
-0.0004		0.0030001		2.05041e-05
-0.00035		0.0030001		3.49286e-05
-0.0003		0.0030001		6.00817e-05
-0.00025		0.0030001		7.46255e-05
-0.0002		0.0030001		8.94074e-05
-0.00015		0.0030001		0.000102163
-0.0001		0.0030001		0.000105024
-5e-05		0.0030001		0.000105143
0.0		0.0030001		0.000105024
5e-05		0.0030001		9.05995e-05
0.0001		0.0030001		6.13932e-05
0.00015		0.0030001		4.45845e-05
0.0002		0.0030001		3.07562e-05
0.00025		0.0030001		2.4438e-05
0.0003		0.0030001		2.01465e-05
0.00035		0.0030001		1.88352e-05
0.0004		0.0030001		1.81199e-05
0.00045		0.0030001		1.75239e-05
0.0005		0.0030001		1.68086e-05
0.00055		0.0030001		1.08481e-05
0.0006		0.0030001		1.44244e-05
0.00065		0.0030001		1.33515e-05
0.0007		0.0030001		1.59742e-05
0.0007		0.0025001		1.14442e-05
0.00065		0.0025001		1.13249e-05
0.0006		0.0025001		8.10629e-06
0.00055		0.0025001		1.16826e-05
0.0005		0.0025001		1.09673e-05
0.00045		0.0025001		1.31131e-05
0.0004		0.0025001		1.14442e-05
0.00035		0.0025001		1.46628e-05
0.0003		0.0025001		1.43052e-05
0.00025		0.0025001		1.81199e-05
0.0002		0.0025001		2.40804e-05
0.00015		0.0025001		3.25444e-05
0.0001		0.0025001		4.58958e-05
5e-05		0.0025001		6.21085e-05
0.0		0.0025001		6.87842e-05
-5e-05		0.0025001		6.92611e-05
-0.0001		0.0025001		6.8069e-05
-0.00015		0.0025001		6.02009e-05
-0.0002		0.0025001		5.51941e-05
-0.00025		0.0025001		4.25579e-05
-0.0003		0.0025001		3.07562e-05
-0.00035		0.0025001		1.90736e-05
-0.0004		0.0025001		1.38283e-05
-0.00045		0.0025001		1.32323e-05
-0.0005		0.0025001		1.20402e-05
-0.00055		0.0025001		1.13249e-05
-0.0006		0.0025001		1.46628e-05
-0.00065		0.0025001		1.21594e-05
-0.0007		0.0025001		1.2517e-05
-0.0007		0.0020001		9.89443e-06
-0.00065		0.0020001		9.41759e-06
-0.0006		0.0020001		9.5368e-06
-0.00055		0.0020001		9.41759e-06
-0.0005		0.0020001		9.89443e-06
-0.00045		0.0020001		9.5368e-06
-0.0004		0.0020001		9.05996e-06
-0.00035		0.0020001		1.32323e-05
-0.0003		0.0020001		2.3842e-05
-0.00025		0.0020001		3.39749e-05
-0.0002		0.0020001		4.58958e-05
-0.00015		0.0020001		5.10218e-05
-0.0001		0.0020001		5.81744e-05
-5e-05		0.0020001		5.79359e-05
0.0		0.0020001		5.80552e-05
5e-05		0.0020001		5.5671e-05
0.0001		0.0020001		4.41077e-05
0.00015		0.0020001		3.17099e-05
0.0002		0.0020001		2.03849e-05
0.00025		0.0020001		1.50204e-05
0.0003		0.0020001		1.09673e-05
0.00035		0.0020001		9.41759e-06
0.0004		0.0020001		1.04905e-05
0.00045		0.0020001		1.06097e-05
0.0005		0.0020001		1.00136e-05
0.00055		0.0020001		9.5368e-06
0.0006		0.0020001		7.74866e-06
0.00065		0.0020001		9.17917e-06
0.0007		0.0020001		8.82155e-06
0.0007		0.0015001		8.34471e-06
0.00065		0.0015001		7.39101e-06
0.0006		0.0015001		5.84128e-06
0.00055		0.0015001		6.79496e-06
0.0005		0.0015001		7.15259e-06
0.00045		0.0015001		8.58313e-06
0.0004		0.0015001		8.10629e-06
0.00035		0.0015001		7.51021e-06
0.0003		0.0015001		8.58313e-06
0.00025		0.0015001		1.14442e-05
0.0002		0.0015001		1.62126e-05
0.00015		0.0015001		2.55109e-05
0.0001		0.0015001		3.50478e-05
5e-05		0.0015001		4.68495e-05
0.0		0.0015001		5.09026e-05
-5e-05		0.0015001		4.86376e-05
-0.0001		0.0015001		4.93529e-05
-0.00015		0.0015001		4.07698e-05
-0.0002		0.0015001		3.85048e-05
-0.00025		0.0015001		2.8968e-05
-0.0003		0.0015001		1.82391e-05
-0.00035		0.0015001		9.77522e-06
-0.0004		0.0015001		5.96049e-06
-0.00045		0.0015001		7.62945e-06
-0.0005		0.0015001		4.17235e-06
-0.00055		0.0015001		5.48366e-06
-0.0006		0.0015001		7.03338e-06
-0.00065		0.0015001		6.19891e-06
-0.0007		0.0015001		7.03338e-06
-0.0007		0.001		6.19891e-06
-0.00065		0.001		7.15259e-06
-0.0006		0.001		6.0797e-06
-0.00055		0.001		6.67575e-06
-0.0005		0.001		6.19891e-06
-0.00045		0.001		6.43733e-06
-0.0004		0.001		7.51021e-06
-0.00035		0.001		7.39101e-06
-0.0003		0.001		1.31131e-05
-0.00025		0.001		2.22923e-05
-0.0002		0.001		3.49286e-05
-0.00015		0.001		3.81472e-05
-0.0001		0.001		4.43461e-05
-5e-05		0.001		4.68495e-05
0.0		0.001		4.79224e-05
5e-05		0.001		4.56574e-05
0.0001		0.001		3.88625e-05
0.00015		0.001		2.7299e-05
0.0002		0.001		1.50204e-05
0.00025		0.001		1.26362e-05
0.0003		0.001		6.79496e-06
0.00035		0.001		5.84128e-06
0.0004		0.001		6.31812e-06
0.00045		0.001		7.51021e-06
0.0005		0.001		5.00682e-06
0.00055		0.001		4.88761e-06
0.0006		0.001		6.55654e-06
0.00065		0.001		7.03338e-06
0.0007		0.001		5.96049e-06
0.0007		0.0005001		7.51021e-06
0.00065		0.0005001		5.84128e-06
0.0006		0.0005001		5.84128e-06
0.00055		0.0005001		4.7684e-06
0.0005		0.0005001		6.91417e-06
0.00045		0.0005001		4.41077e-06
0.0004		0.0005001		5.84128e-06
0.00035		0.0005001		7.39101e-06
0.0003		0.0005001		4.64919e-06
0.00025		0.0005001		1.02521e-05
0.0002		0.0005001		1.5855e-05
0.00015		0.0005001		2.27691e-05
0.0001		0.0005001		3.30212e-05
5e-05		0.0005001		4.0293e-05
0.0		0.0005001		4.12466e-05
-5e-05		0.0005001		4.00546e-05
-0.0001		0.0005001		3.81472e-05
-0.00015		0.0005001		3.48093e-05
-0.0002		0.0005001		2.8968e-05
-0.00025		0.0005001		2.00273e-05
-0.0003		0.0005001		1.09673e-05
-0.00035		0.0005001		5.60287e-06
-0.0004		0.0005001		6.19891e-06
-0.00045		0.0005001		5.36445e-06
-0.0005		0.0005001		6.43733e-06
-0.00055		0.0005001		6.31812e-06
-0.0006		0.0005001		4.64919e-06
-0.00065		0.0005001		7.98708e-06
-0.0007		0.0005001		6.43733e-06
-0.0007		0.0		3.45708e-06
-0.00065		0.0		4.52998e-06
-0.0006		0.0		5.24524e-06
-0.00055		0.0		6.31812e-06
-0.0005		0.0		7.39101e-06
-0.00045		0.0		3.81473e-06
-0.0004		0.0		5.48366e-06
-0.00035		0.0		4.64919e-06
-0.0003		0.0		9.29838e-06
-0.00025		0.0		1.39475e-05
-0.0002		0.0		2.06233e-05
-0.00015		0.0		2.76567e-05
-0.0001		0.0		3.13523e-05
-5e-05		0.0		3.36173e-05
0.0		0.0		3.48093e-05
5e-05		0.0		3.40941e-05
0.0001		0.0		2.98024e-05
0.00015		0.0		2.34843e-05
0.0002		0.0		1.6451e-05
0.00025		0.0		9.89443e-06
0.0003		0.0		6.79496e-06
0.00035		0.0		5.72208e-06
0.0004		0.0		5.84128e-06
0.00045		0.0		4.88761e-06
0.0005		0.0		5.00682e-06
0.00055		0.0		5.48366e-06
0.0006		0.0		4.64919e-06
0.00065		0.0		4.17235e-06
0.0007		0.0		4.17235e-06
0.0007		-0.0004999		2.26499e-06
0.00065		-0.0004999		5.48366e-06
0.0006		-0.0004999		3.57629e-06
0.00055		-0.0004999		3.09946e-06
0.0005		-0.0004999		4.7684e-06
0.00045		-0.0004999		2.74183e-06
0.0004		-0.0004999		3.45708e-06
0.00035		-0.0004999		5.48366e-06
0.0003		-0.0004999		7.15259e-06
0.00025		-0.0004999		9.89443e-06
0.0002		-0.0004999		1.50204e-05
0.00015		-0.0004999		2.13386e-05
0.0001		-0.0004999		2.84911e-05
5e-05		-0.0004999		3.32596e-05
0.0		-0.0004999		3.15907e-05
-5e-05		-0.0004999		3.15907e-05
-0.0001		-0.0004999		2.82527e-05
-0.00015		-0.0004999		2.20538e-05
-0.0002		-0.0004999		1.77623e-05
-0.00025		-0.0004999		1.08481e-05
-0.0003		-0.0004999		5.36445e-06
-0.00035		-0.0004999		3.6955e-06
-0.0004		-0.0004999		3.57629e-06
-0.00045		-0.0004999		3.81473e-06
-0.0005		-0.0004999		5.84128e-06
-0.00055		-0.0004999		5.84128e-06
-0.0006		-0.0004999		4.88761e-06
-0.00065		-0.0004999		3.6955e-06
-0.0007		-0.0004999		4.7684e-06
-0.0007		-0.0009999		4.05314e-06
-0.00065		-0.0009999		4.64919e-06
-0.0006		-0.0009999		1.78815e-06
-0.00055		-0.0009999		4.64919e-06
-0.0005		-0.0009999		3.57629e-06
-0.00045		-0.0009999		4.05314e-06
-0.0004		-0.0009999		3.33787e-06
-0.00035		-0.0009999		1.31131e-06
-0.0003		-0.0009999		4.29156e-06
-0.00025		-0.0009999		9.17917e-06
-0.0002		-0.0009999		1.37091e-05
-0.00015		-0.0009999		2.01465e-05
-0.0001		-0.0009999		2.28883e-05
-5e-05		-0.0009999		2.77759e-05
0.0		-0.0009999		2.93256e-05
5e-05		-0.0009999		2.8968e-05
0.0001		-0.0009999		2.80143e-05
0.00015		-0.0009999		2.03849e-05
0.0002		-0.0009999		1.75239e-05
0.00025		-0.0009999		9.77522e-06
0.0003		-0.0009999		7.98708e-06
0.00035		-0.0009999		1.43052e-06
0.0004		-0.0009999		3.09946e-06
0.00045		-0.0009999		4.88761e-06
0.0005		-0.0009999		2.3842e-06
0.00055		-0.0009999		4.41077e-06
0.0006		-0.0009999		2.98025e-06
0.00065		-0.0009999		2.86104e-06
0.0007		-0.0009999		4.29156e-06
0.0007		-0.0015		1.54973e-06
0.00065		-0.0015		1.90736e-06
0.0006		-0.0015		3.93394e-06
0.00055		-0.0015		4.17235e-06
0.0005		-0.0015		5.9605e-07
0.00045		-0.0015		3.33787e-06
0.0004		-0.0015		4.29156e-06
0.00035		-0.0015		2.26499e-06
0.0003		-0.0015		5.48366e-06
0.00025		-0.0015		8.70234e-06
0.0002		-0.0015		1.54973e-05
0.00015		-0.0015		2.28883e-05
0.0001		-0.0015		2.70606e-05
5e-05		-0.0015		2.8968e-05
0.0		-0.0015		2.87296e-05
-5e-05		-0.0015		2.70606e-05
-0.0001		-0.0015		2.37228e-05
-0.00015		-0.0015		1.89544e-05
-0.0002		-0.0015		1.46628e-05
-0.00025		-0.0015		8.58313e-06
-0.0003		-0.0015		4.64919e-06
-0.00035		-0.0015		5.24524e-06
-0.0004		-0.0015		2.50341e-06
-0.00045		-0.0015		4.17235e-06
-0.0005		-0.0015		3.5763e-07
-0.00055		-0.0015		1.1921e-06
-0.0006		-0.0015		3.21867e-06
-0.00065		-0.0015		2.62262e-06
-0.0007		-0.0015		2.62262e-06
-0.0007		-0.0019999		3.6955e-06
-0.00065		-0.0019999		3.21867e-06
-0.0006		-0.0019999		2.50341e-06
-0.00055		-0.0019999		-3.5763e-07
-0.0005		-0.0019999		1.43052e-06
-0.00045		-0.0019999		4.52998e-06
-0.0004		-0.0019999		2.26499e-06
-0.00035		-0.0019999		2.86104e-06
-0.0003		-0.0019999		1.78815e-06
-0.00025		-0.0019999		4.64919e-06
-0.0002		-0.0019999		1.02521e-05
-0.00015		-0.0019999		1.51396e-05
-0.0001		-0.0019999		1.6451e-05
-5e-05		-0.0019999		2.20538e-05
0.0		-0.0019999		2.27691e-05
5e-05		-0.0019999		2.3842e-05
0.0001		-0.0019999		2.20538e-05
0.00015		-0.0019999		2.11002e-05
0.0002		-0.0019999		1.44244e-05
0.00025		-0.0019999		8.2255e-06
0.0003		-0.0019999		5.36445e-06
0.00035		-0.0019999		2.86104e-06
0.0004		-0.0019999		3.6955e-06
0.00045		-0.0019999		2.3842e-06
0.0005		-0.0019999		2.86104e-06
0.00055		-0.0019999		8.34469e-07
0.0006		-0.0019999		3.6955e-06
0.00065		-0.0019999		1.31131e-06
0.0007		-0.0019999		2.74183e-06
0.0007		-0.0025		1.07289e-06
0.00065		-0.0025		2.02657e-06
0.0006		-0.0025		1.78815e-06
0.00055		-0.0025		2.3842e-06
0.0005		-0.0025		2.86104e-06
0.00045		-0.0025		1.78815e-06
0.0004		-0.0025		4.17235e-06
0.00035		-0.0025		6.43733e-06
0.0003		-0.0025		2.50341e-06
0.00025		-0.0025		7.98708e-06
0.0002		-0.0025		1.39475e-05
0.00015		-0.0025		1.85968e-05
0.0001		-0.0025		2.18154e-05
5e-05		-0.0025		2.30075e-05
0.0		-0.0025		1.95504e-05
-5e-05		-0.0025		1.77623e-05
-0.0001		-0.0025		1.38283e-05
-0.00015		-0.0025		1.33515e-05
-0.0002		-0.0025		8.82155e-06
-0.00025		-0.0025		4.41077e-06
-0.0003		-0.0025		2.3842e-06
-0.00035		-0.0025		5.12603e-06
-0.0004		-0.0025		5.36445e-06
-0.00045		-0.0025		5.48366e-06
-0.0005		-0.0025		4.05314e-06
-0.00055		-0.0025		4.7684e-06
-0.0006		-0.0025		3.6955e-06
-0.00065		-0.0025		1.43052e-06
-0.0007		-0.0025		3.09946e-06
-0.0007		-0.0029999		4.88761e-06
-0.00065		-0.0029999		3.09946e-06
-0.0006		-0.0029999		1.90736e-06
-0.00055		-0.0029999		9.53682e-07
-0.0005		-0.0029999		1.78815e-06
-0.00045		-0.0029999		1.31131e-06
-0.0004		-0.0029999		3.6955e-06
-0.00035		-0.0029999		2.50341e-06
-0.0003		-0.0029999		2.86104e-06
-0.00025		-0.0029999		4.05314e-06
-0.0002		-0.0029999		7.51021e-06
-0.00015		-0.0029999		1.1921e-05
-0.0001		-0.0029999		1.63318e-05
-5e-05		-0.0029999		1.85968e-05
0.0		-0.0029999		2.03849e-05
5e-05		-0.0029999		1.9312e-05
0.0001		-0.0029999		2.08617e-05
0.00015		-0.0029999		1.97889e-05
0.0002		-0.0029999		1.35899e-05
0.00025		-0.0029999		9.29838e-06
0.0003		-0.0029999		5.96049e-06
0.00035		-0.0029999		4.7684e-06
0.0004		-0.0029999		3.6955e-06
0.00045		-0.0029999		2.26499e-06
0.0005		-0.0029999		3.09946e-06
0.00055		-0.0029999		1.54973e-06
0.0006		-0.0029999		4.29156e-06
0.00065		-0.0029999		4.29156e-06
0.0007		-0.0029999		3.09946e-06
0.0007		-0.0034999		2.86104e-06
0.00065		-0.0034999		1.31131e-06
0.0006		-0.0034999		7.15259e-07
0.00055		-0.0034999		7.15259e-07
0.0005		-0.0034999		3.57629e-06
0.00045		-0.0034999		7.15259e-07
0.0004		-0.0034999		3.09946e-06
0.00035		-0.0034999		4.52998e-06
0.0003		-0.0034999		6.79496e-06
0.00025		-0.0034999		7.74866e-06
0.0002		-0.0034999		1.49012e-05
0.00015		-0.0034999		1.63318e-05
0.0001		-0.0034999		1.76431e-05
5e-05		-0.0034999		1.8716e-05
0.0		-0.0034999		1.81199e-05
-5e-05		-0.0034999		1.62126e-05
-0.0001		-0.0034999		1.4782e-05
-0.00015		-0.0034999		1.15634e-05
-0.0002		-0.0034999		6.19891e-06
-0.00025		-0.0034999		4.64919e-06
-0.0003		-0.0034999		5.48366e-06
-0.00035		-0.0034999		4.88761e-06
-0.0004		-0.0034999		4.05314e-06
-0.00045		-0.0034999		2.3842e-06
-0.0005		-0.0034999		2.62262e-06
-0.00055		-0.0034999		3.6955e-06
-0.0006		-0.0034999		2.62262e-06
-0.00065		-0.0034999		1.78815e-06
-0.0007		-0.0034999		4.29156e-06
-0.0007		-0.0039999		2.86104e-06
-0.00065		-0.0039999		1.78815e-06
-0.0006		-0.0039999		3.57629e-06
-0.00055		-0.0039999		3.21867e-06
-0.0005		-0.0039999		3.81473e-06
-0.00045		-0.0039999		2.02657e-06
-0.0004		-0.0039999		1.54973e-06
-0.00035		-0.0039999		4.52998e-06
-0.0003		-0.0039999		3.09946e-06
-0.00025		-0.0039999		3.6955e-06
-0.0002		-0.0039999		3.6955e-06
-0.00015		-0.0039999		9.17917e-06
-0.0001		-0.0039999		1.09673e-05
-5e-05		-0.0039999		1.2517e-05
0.0		-0.0039999		1.62126e-05
5e-05		-0.0039999		1.69278e-05
0.0001		-0.0039999		1.89544e-05
0.00015		-0.0039999		1.62126e-05
0.0002		-0.0039999		1.23978e-05
0.00025		-0.0039999		9.17917e-06
0.0003		-0.0039999		6.91417e-06
0.00035		-0.0039999		4.7684e-06
0.0004		-0.0039999		5.12603e-06
0.00045		-0.0039999		7.15259e-07
0.0005		-0.0039999		2.98025e-06
0.00055		-0.0039999		1.54973e-06
0.0006		-0.0039999		3.45708e-06
0.00065		-0.0039999		3.09946e-06
0.0007		-0.0039999		3.09946e-06
0.0007		-0.0044999		4.52998e-06
0.00065		-0.0044999		2.74183e-06
0.0006		-0.0044999		3.81473e-06
0.00055		-0.0044999		3.81473e-06
0.0005		-0.0044999		4.52998e-06
0.00045		-0.0044999		1.90736e-06
0.0004		-0.0044999		3.81473e-06
0.00035		-0.0044999		3.57629e-06
0.0003		-0.0044999		6.79496e-06
0.00025		-0.0044999		1.31131e-05
0.0002		-0.0044999		1.4782e-05
0.00015		-0.0044999		1.44244e-05
0.0001		-0.0044999		1.6451e-05
5e-05		-0.0044999		1.53781e-05
0.0		-0.0044999		1.50204e-05
-5e-05		-0.0044999		1.23978e-05
-0.0001		-0.0044999		9.41759e-06
-0.00015		-0.0044999		6.79496e-06
-0.0002		-0.0044999		4.05314e-06
-0.00025		-0.0044999		2.74183e-06
-0.0003		-0.0044999		2.62262e-06
-0.00035		-0.0044999		4.7684e-06
-0.0004		-0.0044999		3.45708e-06
-0.00045		-0.0044999		4.17235e-06
-0.0005		-0.0044999		3.81473e-06
-0.00055		-0.0044999		2.50341e-06
-0.0006		-0.0044999		3.57629e-06
-0.00065		-0.0044999		3.21867e-06
-0.0007		-0.0044999		4.17235e-06
-0.0007		-0.0049999		4.52998e-06
-0.00065		-0.0049999		4.29156e-06
-0.0006		-0.0049999		2.98025e-06
-0.00055		-0.0049999		4.29156e-06
-0.0005		-0.0049999		3.6955e-06
-0.00045		-0.0049999		3.21867e-06
-0.0004		-0.0049999		4.52998e-06
-0.00035		-0.0049999		3.09946e-06
-0.0003		-0.0049999		3.57629e-06
-0.00025		-0.0049999		3.81473e-06
-0.0002		-0.0049999		2.50341e-06
-0.00015		-0.0049999		5.36445e-06
-0.0001		-0.0049999		1.06097e-05
-5e-05		-0.0049999		1.20402e-05
0.0		-0.0049999		1.5855e-05
5e-05		-0.0049999		1.6451e-05
0.0001		-0.0049999		1.66894e-05
0.00015		-0.0049999		1.52589e-05
0.0002		-0.0049999		1.4186e-05
0.00025		-0.0049999		1.27555e-05
0.0003		-0.0049999		8.82155e-06
0.00035		-0.0049999		6.31812e-06
0.0004		-0.0049999		3.81473e-06
0.00045		-0.0049999		2.62262e-06
0.0005		-0.0049999		1.43052e-06
0.00055		-0.0049999		3.6955e-06
0.0006		-0.0049999		2.02657e-06
0.00065		-0.0049999		2.74183e-06
0.0007		-0.0049999		3.6955e-06
0.0007		-0.0055		2.86104e-06
0.00065		-0.0055		5.36445e-06
0.0006		-0.0055		2.98025e-06
0.00055		-0.0055		2.98025e-06
0.0005		-0.0055		3.45708e-06
0.00045		-0.0055		4.17235e-06
0.0004		-0.0055		2.26499e-06
0.00035		-0.0055		4.64919e-06
0.0003		-0.0055		9.05996e-06
0.00025		-0.0055		1.04905e-05
0.0002		-0.0055		1.31131e-05
0.00015		-0.0055		1.68086e-05
0.0001		-0.0055		1.38283e-05
5e-05		-0.0055		1.62126e-05
0.0		-0.0055		1.35899e-05
-5e-05		-0.0055		1.15634e-05
-0.0001		-0.0055		9.77522e-06
-0.00015		-0.0055		8.46392e-06
-0.0002		-0.0055		2.74183e-06
-0.00025		-0.0055		4.29156e-06
-0.0003		-0.0055		3.81473e-06
-0.00035		-0.0055		3.33787e-06
-0.0004		-0.0055		2.86104e-06
-0.00045		-0.0055		1.78815e-06
-0.0005		-0.0055		3.6955e-06
-0.00055		-0.0055		5.48366e-06
-0.0006		-0.0055		3.57629e-06
-0.00065		-0.0055		3.21867e-06
-0.0007		-0.0055		4.05314e-06
-0.0007		-0.0059999		5.72208e-06
-0.00065		-0.0059999		2.62262e-06
-0.0006		-0.0059999		3.93394e-06
-0.00055		-0.0059999		5.48366e-06
-0.0005		-0.0059999		4.52998e-06
-0.00045		-0.0059999		5.96049e-06
-0.0004		-0.0059999		3.81473e-06
-0.00035		-0.0059999		3.21867e-06
-0.0003		-0.0059999		5.00682e-06
-0.00025		-0.0059999		5.12603e-06
-0.0002		-0.0059999		4.7684e-06
-0.00015		-0.0059999		5.84128e-06
-0.0001		-0.0059999		9.77522e-06
-5e-05		-0.0059999		1.03713e-05
0.0		-0.0059999		1.35899e-05
5e-05		-0.0059999		1.54973e-05
0.0001		-0.0059999		1.29939e-05
0.00015		-0.0059999		1.57357e-05
0.0002		-0.0059999		1.46628e-05
0.00025		-0.0059999		1.04905e-05
0.0003		-0.0059999		9.41759e-06
0.00035		-0.0059999		2.86104e-06
0.0004		-0.0059999		3.93394e-06
0.00045		-0.0059999		2.50341e-06
0.0005		-0.0059999		2.02657e-06
0.00055		-0.0059999		2.98025e-06
0.0006		-0.0059999		3.57629e-06
0.00065		-0.0059999		4.7684e-06
0.0007		-0.0059999		6.31812e-06
0.0007		-0.0064999		2.50341e-06
0.00065		-0.0064999		4.17235e-06
0.0006		-0.0064999		2.50341e-06
0.00055		-0.0064999		3.81473e-06
0.0005		-0.0064999		4.05314e-06
0.00045		-0.0064999		3.09946e-06
0.0004		-0.0064999		4.17235e-06
0.00035		-0.0064999		6.43733e-06
0.0003		-0.0064999		1.03713e-05
0.00025		-0.0064999		1.20402e-05
0.0002		-0.0064999		1.2517e-05
0.00015		-0.0064999		1.31131e-05
0.0001		-0.0064999		1.4186e-05
5e-05		-0.0064999		1.35899e-05
0.0		-0.0064999		1.07289e-05
-5e-05		-0.0064999		1.03713e-05
-0.0001		-0.0064999		5.48366e-06
-0.00015		-0.0064999		5.00682e-06
-0.0002		-0.0064999		7.15259e-06
-0.00025		-0.0064999		4.17235e-06
-0.0003		-0.0064999		4.17235e-06
-0.00035		-0.0064999		5.60287e-06
-0.0004		-0.0064999		5.72208e-06
-0.00045		-0.0064999		4.17235e-06
-0.0005		-0.0064999		3.45708e-06
-0.00055		-0.0064999		4.05314e-06
-0.0006		-0.0064999		2.98025e-06
-0.00065		-0.0064999		1.43052e-06
-0.0007		-0.0064999		4.64919e-06
-0.0007		-0.0069999		4.29156e-06
-0.00065		-0.0069999		4.7684e-06
-0.0006		-0.0069999		1.31131e-06
-0.00055		-0.0069999		4.7684e-06
-0.0005		-0.0069999		4.52998e-06
-0.00045		-0.0069999		2.3842e-06
-0.0004		-0.0069999		5.72208e-06
-0.00035		-0.0069999		2.3842e-06
-0.0003		-0.0069999		2.62262e-06
-0.00025		-0.0069999		2.74183e-06
-0.0002		-0.0069999		2.86104e-06
-0.00015		-0.0069999		3.45708e-06
-0.0001		-0.0069999		7.98708e-06
-5e-05		-0.0069999		1.00136e-05
0.0		-0.0069999		1.14442e-05
5e-05		-0.0069999		1.20402e-05
0.0001		-0.0069999		1.27555e-05
0.00015		-0.0069999		1.28747e-05
0.0002		-0.0069999		1.31131e-05
0.00025		-0.0069999		1.21594e-05
0.0003		-0.0069999		8.70234e-06
0.00035		-0.0069999		5.60287e-06
0.0004		-0.0069999		3.09946e-06
0.00045		-0.0069999		3.45708e-06
0.0005		-0.0069999		2.98025e-06
0.00055		-0.0069999		4.52998e-06
0.0006		-0.0069999		4.05314e-06
0.00065		-0.0069999		2.14578e-06
0.0007		-0.0069999		6.19891e-06
0.0007		-0.0074999		3.21867e-06
0.00065		-0.0074999		3.81473e-06
0.0006		-0.0074999		3.6955e-06
0.00055		-0.0074999		3.21867e-06
0.0005		-0.0074999		3.09946e-06
0.00045		-0.0074999		3.6955e-06
0.0004		-0.0074999		4.88761e-06
0.00035		-0.0074999		6.19891e-06
0.0003		-0.0074999		7.62945e-06
0.00025		-0.0074999		9.5368e-06
0.0002		-0.0074999		1.29939e-05
0.00015		-0.0074999		1.33515e-05
0.0001		-0.0074999		1.31131e-05
5e-05		-0.0074999		1.22786e-05
0.0		-0.0074999		9.05996e-06
-5e-05		-0.0074999		9.89443e-06
-0.0001		-0.0074999		7.74866e-06
-0.00015		-0.0074999		4.17235e-06
-0.0002		-0.0074999		5.36445e-06
-0.00025		-0.0074999		2.02657e-06
-0.0003		-0.0074999		3.09946e-06
-0.00035		-0.0074999		2.98025e-06
-0.0004		-0.0074999		4.52998e-06
-0.00045		-0.0074999		3.6955e-06
-0.0005		-0.0074999		2.26499e-06
-0.00055		-0.0074999		3.09946e-06
-0.0006		-0.0074999		3.45708e-06
-0.00065		-0.0074999		4.52998e-06
-0.0007		-0.0074999		3.57629e-06
-0.0007		-0.0079999		3.93394e-06
-0.00065		-0.0079999		4.88761e-06
-0.0006		-0.0079999		4.7684e-06
-0.00055		-0.0079999		2.14578e-06
-0.0005		-0.0079999		4.52998e-06
-0.00045		-0.0079999		3.09946e-06
-0.0004		-0.0079999		2.74183e-06
-0.00035		-0.0079999		3.45708e-06
-0.0003		-0.0079999		4.17235e-06
-0.00025		-0.0079999		3.21867e-06
-0.0002		-0.0079999		3.33787e-06
-0.00015		-0.0079999		4.29156e-06
-0.0001		-0.0079999		5.36445e-06
-5e-05		-0.0079999		7.98708e-06
0.0		-0.0079999		1.09673e-05
5e-05		-0.0079999		1.16826e-05
0.0001		-0.0079999		1.1921e-05
0.00015		-0.0079999		1.50204e-05
0.0002		-0.0079999		1.4782e-05
0.00025		-0.0079999		1.07289e-05
0.0003		-0.0079999		8.2255e-06
0.00035		-0.0079999		4.88761e-06
0.0004		-0.0079999		3.81473e-06
0.00045		-0.0079999		3.57629e-06
0.0005		-0.0079999		4.64919e-06
0.00055		-0.0079999		2.50341e-06
0.0006		-0.0079999		3.6955e-06
0.00065		-0.0079999		2.98025e-06
0.0007		-0.0079999		2.74183e-06
0.0007		-0.0084999		3.93394e-06
0.00065		-0.0084999		2.50341e-06
0.0006		-0.0084999		4.88761e-06
0.00055		-0.0084999		4.17235e-06
0.0005		-0.0084999		2.02657e-06
0.00045		-0.0084999		4.17235e-06
0.0004		-0.0084999		7.39101e-06
0.00035		-0.0084999		6.79496e-06
0.0003		-0.0084999		1.12057e-05
0.00025		-0.0084999		1.31131e-05
0.0002		-0.0084999		1.21594e-05
0.00015		-0.0084999		1.08481e-05
0.0001		-0.0084999		1.23978e-05
5e-05		-0.0084999		1.20402e-05
0.0		-0.0084999		7.39101e-06
-5e-05		-0.0084999		6.55654e-06
-0.0001		-0.0084999		3.57629e-06
-0.00015		-0.0084999		2.3842e-06
-0.0002		-0.0084999		4.17235e-06
-0.00025		-0.0084999		1.78815e-06
-0.0003		-0.0084999		4.41077e-06
-0.00035		-0.0084999		4.29156e-06
-0.0004		-0.0084999		3.93394e-06
-0.00045		-0.0084999		4.52998e-06
-0.0005		-0.0084999		5.24524e-06
-0.00055		-0.0084999		4.17235e-06
-0.0006		-0.0084999		3.57629e-06
-0.00065		-0.0084999		1.66894e-06
-0.0007		-0.0084999		6.67575e-06
-0.0007		-0.009		4.29156e-06
-0.00065		-0.009		3.21867e-06
-0.0006		-0.009		5.48366e-06
-0.00055		-0.009		4.17235e-06
-0.0005		-0.009		3.09946e-06
-0.00045		-0.009		5.72208e-06
-0.0004		-0.009		4.41077e-06
-0.00035		-0.009		4.05314e-06
-0.0003		-0.009		2.62262e-06
-0.00025		-0.009		2.14578e-06
-0.0002		-0.009		4.52998e-06
-0.00015		-0.009		6.67575e-06
-0.0001		-0.009		4.17235e-06
-5e-05		-0.009		8.70234e-06
0.0		-0.009		7.39101e-06
5e-05		-0.009		9.65601e-06
0.0001		-0.009		8.2255e-06
0.00015		-0.009		1.2517e-05
0.0002		-0.009		1.13249e-05
0.00025		-0.009		1.02521e-05
0.0003		-0.009		9.65601e-06
0.00035		-0.009		8.46392e-06
0.0004		-0.009		5.36445e-06
0.00045		-0.009		4.29156e-06
0.0005		-0.009		5.84128e-06
0.00055		-0.009		2.50341e-06
0.0006		-0.009		4.05314e-06
0.00065		-0.009		5.00682e-06
0.0007		-0.009		4.64919e-06
0.0007		-0.0094999		2.62262e-06
0.00065		-0.0094999		3.09946e-06
0.0006		-0.0094999		4.05314e-06
0.00055		-0.0094999		3.45708e-06
0.0005		-0.0094999		3.6955e-06
0.00045		-0.0094999		5.36445e-06
0.0004		-0.0094999		5.12603e-06
0.00035		-0.0094999		7.51021e-06
0.0003		-0.0094999		1.14442e-05
0.00025		-0.0094999		1.16826e-05
0.0002		-0.0094999		1.02521e-05
0.00015		-0.0094999		1.1921e-05
0.0001		-0.0094999		1.23978e-05
5e-05		-0.0094999		1.04905e-05
0.0		-0.0094999		1.09673e-05
-5e-05		-0.0094999		8.94075e-06
-0.0001		-0.0094999		5.72208e-06
-0.00015		-0.0094999		5.12603e-06
-0.0002		-0.0094999		6.79496e-06
-0.00025		-0.0094999		3.57629e-06
-0.0003		-0.0094999		5.36445e-06
-0.00035		-0.0094999		3.6955e-06
-0.0004		-0.0094999		2.86104e-06
-0.00045		-0.0094999		3.45708e-06
-0.0005		-0.0094999		2.62262e-06
-0.00055		-0.0094999		3.57629e-06
-0.0006		-0.0094999		4.76841e-07
-0.00065		-0.0094999		1.90736e-06
-0.0007		-0.0094999		4.05314e-06
-0.0007		-0.0099999		2.74183e-06
-0.00065		-0.0099999		3.09946e-06
-0.0006		-0.0099999		3.45708e-06
-0.00055		-0.0099999		2.62262e-06
-0.0005		-0.0099999		2.26499e-06
-0.00045		-0.0099999		4.88761e-06
-0.0004		-0.0099999		2.50341e-06
-0.00035		-0.0099999		3.6955e-06
-0.0003		-0.0099999		2.98025e-06
-0.00025		-0.0099999		4.05314e-06
-0.0002		-0.0099999		4.29156e-06
-0.00015		-0.0099999		3.81473e-06
-0.0001		-0.0099999		6.19891e-06
-5e-05		-0.0099999		6.0797e-06
0.0		-0.0099999		8.46392e-06
5e-05		-0.0099999		9.17917e-06
0.0001		-0.0099999		1.23978e-05
0.00015		-0.0099999		9.65601e-06
0.0002		-0.0099999		9.77522e-06
0.00025		-0.0099999		1.15634e-05
0.0003		-0.0099999		9.17917e-06
0.00035		-0.0099999		7.39101e-06
0.0004		-0.0099999		3.57629e-06
0.00045		-0.0099999		6.43733e-06
0.0005		-0.0099999		3.09946e-06
0.00055		-0.0099999		4.88761e-06
0.0006		-0.0099999		4.7684e-06
0.00065		-0.0099999		2.86104e-06
0.0007		-0.0099999		4.7684e-06
0.0007		-0.0104999		2.02657e-06
0.00065		-0.0104999		2.98025e-06
0.0006		-0.0104999		4.17235e-06
0.00055		-0.0104999		3.57629e-06
0.0005		-0.0104999		5.36445e-06
0.00045		-0.0104999		4.17235e-06
0.0004		-0.0104999		5.12603e-06
0.00035		-0.0104999		9.05996e-06
0.0003		-0.0104999		9.5368e-06
0.00025		-0.0104999		1.07289e-05
0.0002		-0.0104999		8.10629e-06
0.00015		-0.0104999		1.16826e-05
0.0001		-0.0104999		8.58313e-06
5e-05		-0.0104999		1.00136e-05
0.0		-0.0104999		7.86787e-06
-5e-05		-0.0104999		6.67575e-06
-0.0001		-0.0104999		5.12603e-06
-0.00015		-0.0104999		4.29156e-06
-0.0002		-0.0104999		1.31131e-06
-0.00025		-0.0104999		2.98025e-06
-0.0003		-0.0104999		2.98025e-06
-0.00035		-0.0104999		3.6955e-06
-0.0004		-0.0104999		2.3842e-06
-0.00045		-0.0104999		1.54973e-06
-0.0005		-0.0104999		1.90736e-06
-0.00055		-0.0104999		3.57629e-06
-0.0006		-0.0104999		4.29156e-06
-0.00065		-0.0104999		3.81473e-06
-0.0007		-0.0104999		4.64919e-06
-0.0007		-0.0109999		3.45708e-06
-0.00065		-0.0109999		2.74183e-06
-0.0006		-0.0109999		3.09946e-06
-0.00055		-0.0109999		1.90736e-06
-0.0005		-0.0109999		1.78815e-06
-0.00045		-0.0109999		3.21867e-06
-0.0004		-0.0109999		2.98025e-06
-0.00035		-0.0109999		2.26499e-06
-0.0003		-0.0109999		1.43052e-06
-0.00025		-0.0109999		4.64919e-06
-0.0002		-0.0109999		3.21867e-06
-0.00015		-0.0109999		5.36445e-06
-0.0001		-0.0109999		5.12603e-06
-5e-05		-0.0109999		5.36445e-06
0.0		-0.0109999		8.82155e-06
5e-05		-0.0109999		9.77522e-06
0.0001		-0.0109999		9.41759e-06
0.00015		-0.0109999		9.65601e-06
0.0002		-0.0109999		7.98708e-06
0.00025		-0.0109999		6.91417e-06
0.0003		-0.0109999		9.05996e-06
0.00035		-0.0109999		8.2255e-06
0.0004		-0.0109999		5.12603e-06
0.00045		-0.0109999		5.36445e-06
0.0005		-0.0109999		5.24524e-06
0.00055		-0.0109999		4.7684e-06
0.0006		-0.0109999		2.74183e-06
0.00065		-0.0109999		1.43052e-06
0.0007		-0.0109999		3.21867e-06
0.0007		-0.0114999		4.88761e-06
0.00065		-0.0114999		3.6955e-06
0.0006		-0.0114999		2.98025e-06
0.00055		-0.0114999		3.21867e-06
0.0005		-0.0114999		1.31131e-06
0.00045		-0.0114999		3.81473e-06
0.0004		-0.0114999		5.48366e-06
0.00035		-0.0114999		8.10629e-06
0.0003		-0.0114999		8.10629e-06
0.00025		-0.0114999		9.41759e-06
0.0002		-0.0114999		6.91417e-06
0.00015		-0.0114999		9.17917e-06
0.0001		-0.0114999		9.65601e-06
5e-05		-0.0114999		9.29838e-06
0.0		-0.0114999		6.43733e-06
-5e-05		-0.0114999		5.48366e-06
-0.0001		-0.0114999		5.84128e-06
-0.00015		-0.0114999		4.7684e-06
-0.0002		-0.0114999		3.21867e-06
-0.00025		-0.0114999		1.78815e-06
-0.0003		-0.0114999		2.62262e-06
-0.00035		-0.0114999		3.21867e-06
-0.0004		-0.0114999		1.54973e-06
-0.00045		-0.0114999		1.90736e-06
-0.0005		-0.0114999		4.29156e-06
-0.00055		-0.0114999		2.50341e-06
-0.0006		-0.0114999		1.90736e-06
-0.00065		-0.0114999		4.05314e-06
-0.0007		-0.0114999		3.45708e-06
-0.0007		-0.0119999		2.50341e-06
-0.00065		-0.0119999		1.1921e-06
-0.0006		-0.0119999		1.43052e-06
-0.00055		-0.0119999		1.54973e-06
-0.0005		-0.0119999		1.31131e-06
-0.00045		-0.0119999		3.09946e-06
-0.0004		-0.0119999		1.90736e-06
-0.00035		-0.0119999		3.93394e-06
-0.0003		-0.0119999		1.78815e-06
-0.00025		-0.0119999		1.90736e-06
-0.0002		-0.0119999		4.17235e-06
-0.00015		-0.0119999		5.96049e-06
-0.0001		-0.0119999		3.33787e-06
-5e-05		-0.0119999		5.24524e-06
0.0		-0.0119999		7.98708e-06
5e-05		-0.0119999		8.10629e-06
0.0001		-0.0119999		9.41759e-06
0.00015		-0.0119999		8.82155e-06
0.0002		-0.0119999		8.94075e-06
0.00025		-0.0119999		8.70234e-06
0.0003		-0.0119999		8.10629e-06
0.00035		-0.0119999		6.91417e-06
0.0004		-0.0119999		6.67575e-06
0.00045		-0.0119999		3.33787e-06
0.0005		-0.0119999		2.98025e-06
0.00055		-0.0119999		4.52998e-06
0.0006		-0.0119999		2.62262e-06
0.00065		-0.0119999		3.33787e-06
0.0007		-0.0119999		3.6955e-06
0.0007		-0.0124999		8.34469e-07
0.00065		-0.0124999		3.09946e-06
0.0006		-0.0124999		3.57629e-06
0.00055		-0.0124999		2.50341e-06
0.0005		-0.0124999		4.17235e-06
0.00045		-0.0124999		5.00682e-06
0.0004		-0.0124999		5.96049e-06
0.00035		-0.0124999		6.43733e-06
0.0003		-0.0124999		6.43733e-06
0.00025		-0.0124999		9.17917e-06
0.0002		-0.0124999		8.2255e-06
0.00015		-0.0124999		8.70234e-06
0.0001		-0.0124999		6.19891e-06
5e-05		-0.0124999		5.96049e-06
0.0		-0.0124999		5.36445e-06
-5e-05		-0.0124999		4.7684e-06
-0.0001		-0.0124999		4.17235e-06
-0.00015		-0.0124999		2.62262e-06
-0.0002		-0.0124999		2.62262e-06
-0.00025		-0.0124999		1.31131e-06
-0.0003		-0.0124999		3.57629e-06
-0.00035		-0.0124999		-3.5763e-07
-0.0004		-0.0124999		2.26499e-06
-0.00045		-0.0124999		3.45708e-06
-0.0005		-0.0124999		1.07289e-06
-0.00055		-0.0124999		1.78815e-06
-0.0006		-0.0124999		3.81473e-06
-0.00065		-0.0124999		3.21867e-06
-0.0007		-0.0124999		5.24524e-06
-0.0007		-0.0129999		7.15259e-07
-0.00065		-0.0129999		1.43052e-06
-0.0006		-0.0129999		5.9605e-07
-0.00055		-0.0129999		1.31131e-06
-0.0005		-0.0129999		1.1921e-06
-0.00045		-0.0129999		3.57629e-06
-0.0004		-0.0129999		0.0
-0.00035		-0.0129999		8.34469e-07
-0.0003		-0.0129999		1.90736e-06
-0.00025		-0.0129999		-3.5763e-07
-0.0002		-0.0129999		3.81473e-06
-0.00015		-0.0129999		6.19891e-06
-0.0001		-0.0129999		5.00682e-06
-5e-05		-0.0129999		5.00682e-06
0.0		-0.0129999		5.84128e-06
5e-05		-0.0129999		8.46392e-06
0.0001		-0.0129999		7.98708e-06
0.00015		-0.0129999		8.94075e-06
0.0002		-0.0129999		9.41759e-06
0.00025		-0.0129999		8.46392e-06
0.0003		-0.0129999		8.46392e-06
0.00035		-0.0129999		7.39101e-06
0.0004		-0.0129999		4.7684e-06
0.00045		-0.0129999		6.43733e-06
0.0005		-0.0129999		3.93394e-06
0.00055		-0.0129999		3.09946e-06
0.0006		-0.0129999		2.62262e-06
0.00065		-0.0129999		2.26499e-06
0.0007		-0.0129999		4.52998e-06
0.0007		-0.0134999		1.1921e-06
0.00065		-0.0134999		4.05314e-06
0.0006		-0.0134999		3.57629e-06
0.00055		-0.0134999		2.86104e-06
0.0005		-0.0134999		3.09946e-06
0.00045		-0.0134999		4.88761e-06
0.0004		-0.0134999		6.43733e-06
0.00035		-0.0134999		7.39101e-06
0.0003		-0.0134999		1.08481e-05
0.00025		-0.0134999		6.55654e-06
0.0002		-0.0134999		7.74866e-06
0.00015		-0.0134999		7.51021e-06
0.0001		-0.0134999		7.03338e-06
5e-05		-0.0134999		8.2255e-06
0.0		-0.0134999		4.05314e-06
-5e-05		-0.0134999		2.86104e-06
-0.0001		-0.0134999		3.81473e-06
-0.00015		-0.0134999		2.98025e-06
-0.0002		-0.0134999		5.96049e-06
-0.00025		-0.0134999		1.31131e-06
-0.0003		-0.0134999		2.26499e-06
-0.00035		-0.0134999		1.1921e-07
-0.0004		-0.0134999		1.1921e-06
-0.00045		-0.0134999		-2.3842e-07
-0.0005		-0.0134999		2.62262e-06
-0.00055		-0.0134999		1.54973e-06
-0.0006		-0.0134999		-2.3842e-07
-0.00065		-0.0134999		3.21867e-06
-0.0007		-0.0134999		-7.15259e-07
-0.0007		-0.0139999		2.02657e-06
-0.00065		-0.0139999		1.07289e-06
-0.0006		-0.0139999		-8.34469e-07
-0.00055		-0.0139999		5.9605e-07
-0.0005		-0.0139999		1.07289e-06
-0.00045		-0.0139999		2.98025e-06
-0.0004		-0.0139999		2.26499e-06
-0.00035		-0.0139999		1.78815e-06
-0.0003		-0.0139999		4.76841e-07
-0.00025		-0.0139999		1.43052e-06
-0.0002		-0.0139999		2.02657e-06
-0.00015		-0.0139999		5.72208e-06
-0.0001		-0.0139999		3.09946e-06
-5e-05		-0.0139999		3.21867e-06
0.0		-0.0139999		2.50341e-06
5e-05		-0.0139999		3.57629e-06
0.0001		-0.0139999		4.41077e-06
0.00015		-0.0139999		7.98708e-06
0.0002		-0.0139999		8.10629e-06
0.00025		-0.0139999		6.67575e-06
0.0003		-0.0139999		5.48366e-06
0.00035		-0.0139999		7.51021e-06
0.0004		-0.0139999		5.24524e-06
0.00045		-0.0139999		4.29156e-06
0.0005		-0.0139999		3.21867e-06
0.00055		-0.0139999		1.1921e-06
0.0006		-0.0139999		2.14578e-06
0.00065		-0.0139999		2.62262e-06
0.0007		-0.0139999		1.90736e-06
0.0007		-0.0144999		8.34469e-07
0.00065		-0.0144999		-1.1921e-07
0.0006		-0.0144999		4.29156e-06
0.00055		-0.0144999		4.7684e-06
0.0005		-0.0144999		4.17235e-06
0.00045		-0.0144999		5.48366e-06
0.0004		-0.0144999		4.88761e-06
0.00035		-0.0144999		6.79496e-06
0.0003		-0.0144999		7.51021e-06
0.00025		-0.0144999		5.84128e-06
0.0002		-0.0144999		7.03338e-06
0.00015		-0.0144999		4.7684e-06
0.0001		-0.0144999		4.88761e-06
5e-05		-0.0144999		4.64919e-06
0.0		-0.0144999		2.50341e-06
-5e-05		-0.0144999		4.17235e-06
-0.0001		-0.0144999		4.29156e-06
-0.00015		-0.0144999		1.90736e-06
-0.0002		-0.0144999		1.43052e-06
-0.00025		-0.0144999		1.31131e-06
-0.0003		-0.0144999		3.45708e-06
-0.00035		-0.0144999		-8.34469e-07
-0.0004		-0.0144999		9.53682e-07
-0.00045		-0.0144999		3.45708e-06
-0.0005		-0.0144999		1.1921e-06
-0.00055		-0.0144999		3.21867e-06
-0.0006		-0.0144999		1.31131e-06
-0.00065		-0.0144999		-1.07289e-06
-0.0007		-0.0144999		1.43052e-06
-0.0007		-0.0149999		1.07289e-06
-0.00065		-0.0149999		-2.3842e-07
-0.0006		-0.0149999		5.9605e-07
-0.00055		-0.0149999		2.50341e-06
-0.0005		-0.0149999		2.98025e-06
-0.00045		-0.0149999		1.07289e-06
-0.0004		-0.0149999		1.31131e-06
-0.00035		-0.0149999		-3.5763e-07
-0.0003		-0.0149999		1.78815e-06
-0.00025		-0.0149999		2.14578e-06
-0.0002		-0.0149999		3.6955e-06
-0.00015		-0.0149999		3.21867e-06
-0.0001		-0.0149999		2.86104e-06
-5e-05		-0.0149999		3.6955e-06
0.0		-0.0149999		3.81473e-06
5e-05		-0.0149999		3.57629e-06
0.0001		-0.0149999		7.03338e-06
0.00015		-0.0149999		5.72208e-06
0.0002		-0.0149999		5.96049e-06
0.00025		-0.0149999		6.19891e-06
0.0003		-0.0149999		5.24524e-06
0.00035		-0.0149999		9.29838e-06
0.0004		-0.0149999		4.05314e-06
0.00045		-0.0149999		6.55654e-06
0.0005		-0.0149999		4.17235e-06
0.00055		-0.0149999		4.7684e-06
0.0006		-0.0149999		5.9605e-07
0.00065		-0.0149999		1.43052e-06
0.0007		-0.0149999		2.02657e-06
