Your comment line - do NOT delete this line
Col 0: X-pos [m]
Col 1: Y-pos [m]
Col 2: Voltage [V]

Col 0		Col 1		Col 2
-0.0007		0.005		0.000499133
-0.00065		0.005		0.000510219
-0.0006		0.005		0.000512127
-0.00055		0.005		0.000513557
-0.0005		0.005		0.000528816
-0.00045		0.005		0.000543717
-0.0004		0.005		0.000568274
-0.00035		0.005		0.000616793
-0.0003		0.005		0.00066841
-0.00025		0.005		0.000712041
-0.0002		0.005		0.000751857
-0.00015		0.005		0.000769261
-0.0001		0.005		0.000780467
-5e-05		0.005		0.00079513
0.0		0.005		0.000795845
5e-05		0.005		0.000766281
0.0001		0.005		0.00072718
0.00015		0.005		0.00070012
0.0002		0.005		0.000674609
0.00025		0.005		0.000657324
0.0003		0.005		0.000643972
0.00035		0.005		0.000615958
0.0004		0.005		0.000579599
0.00045		0.005		0.000554565
0.0005		0.005		0.000537995
0.00055		0.005		0.000538591
0.0006		0.005		0.000559334
0.00065		0.005		0.000582341
0.0007		0.005		0.000599388
0.0007		0.0045001		0.000288965
0.00065		0.0045001		0.000269176
0.0006		0.0045001		0.000252606
0.00055		0.0045001		0.000235439
0.0005		0.0045001		0.000223042
0.00045		0.0045001		0.000215651
0.0004		0.0045001		0.000205875
0.00035		0.0045001		0.000207783
0.0003		0.0045001		0.000209332
0.00025		0.0045001		0.000219942
0.0002		0.0045001		0.000240088
0.00015		0.0045001		0.000268223
0.0001		0.0045001		0.000306131
5e-05		0.0045001		0.000345828
0.0		0.0045001		0.000365378
-5e-05		0.0045001		0.000370504
-0.0001		0.0045001		0.000370385
-0.00015		0.0045001		0.000366332
-0.0002		0.0045001		0.000351192
-0.00025		0.0045001		0.000333907
-0.0003		0.0045001		0.000308754
-0.00035		0.0045001		0.000286104
-0.0004		0.0045001		0.000269892
-0.00045		0.0045001		0.000274302
-0.0005		0.0045001		0.000282766
-0.00055		0.0045001		0.000294449
-0.0006		0.0045001		0.000303509
-0.00065		0.0045001		0.000303747
-0.0007		0.0045001		0.000294806
-0.0007		0.0040001		0.000211836
-0.00065		0.0040001		0.000215531
-0.0006		0.0040001		0.000213505
-0.00055		0.0040001		0.000217081
-0.0005		0.0040001		0.00019908
-0.00045		0.0040001		0.000189901
-0.0004		0.0040001		0.000195981
-0.00035		0.0040001		0.00019014
-0.0003		0.0040001		0.000190378
-0.00025		0.0040001		0.000212432
-0.0002		0.0040001		0.000220419
-0.00015		0.0040001		0.000237227
-0.0001		0.0040001		0.000249745
-5e-05		0.0040001		0.000254156
0.0		0.0040001		0.000260236
5e-05		0.0040001		0.000243069
0.0001		0.0040001		0.000222565
0.00015		0.0040001		0.000207067
0.0002		0.0040001		0.000183702
0.00025		0.0040001		0.000175954
0.0003		0.0040001		0.000168563
0.00035		0.0040001		0.000160576
0.0004		0.0040001		0.000152708
0.00045		0.0040001		0.000150205
0.0005		0.0040001		0.000156284
0.00055		0.0040001		0.000165821
0.0006		0.0040001		0.000178576
0.00065		0.0040001		0.000193001
0.0007		0.0040001		0.000205518
0.0007		0.0035001		3.02793e-05
0.00065		0.0035001		2.94448e-05
0.0006		0.0035001		3.36173e-05
0.00055		0.0035001		3.30212e-05
0.0005		0.0035001		3.64783e-05
0.00045		0.0035001		3.8028e-05
0.0004		0.0035001		4.17235e-05
0.00035		0.0035001		4.41077e-05
0.0003		0.0035001		4.81608e-05
0.00025		0.0035001		5.20947e-05
0.0002		0.0035001		6.18701e-05
0.00015		0.0035001		7.73673e-05
0.0001		0.0035001		9.41758e-05
5e-05		0.0035001		0.000114441
0.0		0.0035001		0.000122548
-5e-05		0.0035001		0.000127555
-0.0001		0.0035001		0.000126363
-0.00015		0.0035001		0.000125409
-0.0002		0.0035001		0.000112534
-0.00025		0.0035001		9.93018e-05
-0.0003		0.0035001		7.8321e-05
-0.00035		0.0035001		6.03201e-05
-0.0004		0.0035001		4.68495e-05
-0.00045		0.0035001		4.72071e-05
-0.0005		0.0035001		4.5419e-05
-0.00055		0.0035001		4.52998e-05
-0.0006		0.0035001		4.33924e-05
-0.00065		0.0035001		4.35116e-05
-0.0007		0.0035001		4.26772e-05
-0.0007		0.0030001		1.89544e-05
-0.00065		0.0030001		1.99081e-05
-0.0006		0.0030001		2.07425e-05
-0.00055		0.0030001		1.95504e-05
-0.0005		0.0030001		1.88352e-05
-0.00045		0.0030001		2.0981e-05
-0.0004		0.0030001		2.01465e-05
-0.00035		0.0030001		3.21867e-05
-0.0003		0.0030001		5.59094e-05
-0.00025		0.0030001		7.16452e-05
-0.0002		0.0030001		8.49967e-05
-0.00015		0.0030001		9.4295e-05
-0.0001		0.0030001		9.85865e-05
-5e-05		0.0030001		9.90634e-05
0.0		0.0030001		9.64408e-05
5e-05		0.0030001		8.8573e-05
0.0001		0.0030001		6.87842e-05
0.00015		0.0030001		4.56574e-05
0.0002		0.0030001		3.0637e-05
0.00025		0.0030001		2.47956e-05
0.0003		0.0030001		2.08617e-05
0.00035		0.0030001		1.71663e-05
0.0004		0.0030001		1.60934e-05
0.00045		0.0030001		1.75239e-05
0.0005		0.0030001		1.39475e-05
0.00055		0.0030001		1.52589e-05
0.0006		0.0030001		1.39475e-05
0.00065		0.0030001		1.44244e-05
0.0007		0.0030001		1.33515e-05
0.0007		0.0025001		1.02521e-05
0.00065		0.0025001		1.02521e-05
0.0006		0.0025001		1.16826e-05
0.00055		0.0025001		1.09673e-05
0.0005		0.0025001		1.09673e-05
0.00045		0.0025001		1.14442e-05
0.0004		0.0025001		1.27555e-05
0.00035		0.0025001		1.33515e-05
0.0003		0.0025001		1.27555e-05
0.00025		0.0025001		1.76431e-05
0.0002		0.0025001		2.41996e-05
0.00015		0.0025001		3.74319e-05
0.0001		0.0025001		4.93529e-05
5e-05		0.0025001		6.10356e-05
0.0		0.0025001		6.53272e-05
-5e-05		0.0025001		6.54464e-05
-0.0001		0.0025001		6.59232e-05
-0.00015		0.0025001		5.96049e-05
-0.0002		0.0025001		5.18563e-05
-0.00025		0.0025001		4.19619e-05
-0.0003		0.0025001		2.96832e-05
-0.00035		0.0025001		1.63318e-05
-0.0004		0.0025001		1.2517e-05
-0.00045		0.0025001		1.07289e-05
-0.0005		0.0025001		1.23978e-05
-0.00055		0.0025001		1.43052e-05
-0.0006		0.0025001		1.16826e-05
-0.00065		0.0025001		1.38283e-05
-0.0007		0.0025001		1.04905e-05
-0.0007		0.002		8.2255e-06
-0.00065		0.002		7.62945e-06
-0.0006		0.002		7.74866e-06
-0.00055		0.002		9.89443e-06
-0.0005		0.002		8.10629e-06
-0.00045		0.002		8.2255e-06
-0.0004		0.002		1.02521e-05
-0.00035		0.002		1.09673e-05
-0.0003		0.002		2.0981e-05
-0.00025		0.002		3.55246e-05
-0.0002		0.002		4.14851e-05
-0.00015		0.002		5.10218e-05
-0.0001		0.002		5.43597e-05
-5e-05		0.002		5.53133e-05
0.0		0.002		5.63862e-05
5e-05		0.002		5.44789e-05
0.0001		0.002		4.62534e-05
0.00015		0.002		3.45709e-05
0.0002		0.002		2.16962e-05
0.00025		0.002		1.52589e-05
0.0003		0.002		1.01328e-05
0.00035		0.002		8.10629e-06
0.0004		0.002		8.2255e-06
0.00045		0.002		9.05996e-06
0.0005		0.002		9.17917e-06
0.00055		0.002		7.03338e-06
0.0006		0.002		7.2718e-06
0.00065		0.002		7.51021e-06
0.0007		0.002		9.17917e-06
0.0007		0.0015001		7.03338e-06
0.00065		0.0015001		5.96049e-06
0.0006		0.0015001		6.55654e-06
0.00055		0.0015001		6.19891e-06
0.0005		0.0015001		7.15259e-06
0.00045		0.0015001		8.2255e-06
0.0004		0.0015001		9.65601e-06
0.00035		0.0015001		8.2255e-06
0.0003		0.0015001		8.70234e-06
0.00025		0.0015001		1.22786e-05
0.0002		0.0015001		1.83583e-05
0.00015		0.0015001		2.71798e-05
0.0001		0.0015001		4.10082e-05
5e-05		0.0015001		4.42269e-05
0.0		0.0015001		5.22139e-05
-5e-05		0.0015001		5.10218e-05
-0.0001		0.0015001		4.97105e-05
-0.00015		0.0015001		4.29156e-05
-0.0002		0.0015001		3.5763e-05
-0.00025		0.0015001		2.55109e-05
-0.0003		0.0015001		1.81199e-05
-0.00035		0.0015001		7.51021e-06
-0.0004		0.0015001		7.03338e-06
-0.00045		0.0015001		7.03338e-06
-0.0005		0.0015001		8.10629e-06
-0.00055		0.0015001		9.89443e-06
-0.0006		0.0015001		7.62945e-06
-0.00065		0.0015001		6.79496e-06
-0.0007		0.0015001		5.36445e-06
-0.0007		0.001		5.72208e-06
-0.00065		0.001		7.62945e-06
-0.0006		0.001		4.17235e-06
-0.00055		0.001		6.79496e-06
-0.0005		0.001		5.84128e-06
-0.00045		0.001		6.79496e-06
-0.0004		0.001		6.31812e-06
-0.00035		0.001		7.74866e-06
-0.0003		0.001		1.18018e-05
-0.00025		0.001		2.33651e-05
-0.0002		0.001		3.0637e-05
-0.00015		0.001		3.65975e-05
-0.0001		0.001		4.41077e-05
-5e-05		0.001		4.81608e-05
0.0		0.001		4.52998e-05
5e-05		0.001		4.51806e-05
0.0001		0.001		4.05314e-05
0.00015		0.001		2.77759e-05
0.0002		0.001		1.82391e-05
0.00025		0.001		1.37091e-05
0.0003		0.001		8.34471e-06
0.00035		0.001		6.91417e-06
0.0004		0.001		5.48366e-06
0.00045		0.001		6.55654e-06
0.0005		0.001		5.72208e-06
0.00055		0.001		6.19891e-06
0.0006		0.001		6.31812e-06
0.00065		0.001		6.0797e-06
0.0007		0.001		6.31812e-06
0.0007		0.0005001		5.24524e-06
0.00065		0.0005001		6.19891e-06
0.0006		0.0005001		6.43733e-06
0.00055		0.0005001		3.57629e-06
0.0005		0.0005001		4.17235e-06
0.00045		0.0005001		7.15259e-06
0.0004		0.0005001		4.29156e-06
0.00035		0.0005001		6.43733e-06
0.0003		0.0005001		8.2255e-06
0.00025		0.0005001		1.29939e-05
0.0002		0.0005001		1.7047e-05
0.00015		0.0005001		2.86103e-05
0.0001		0.0005001		3.36173e-05
5e-05		0.0005001		3.65975e-05
0.0		0.0005001		3.81472e-05
-5e-05		0.0005001		3.81472e-05
-0.0001		0.0005001		3.81472e-05
-0.00015		0.0005001		3.14715e-05
-0.0002		0.0005001		2.57493e-05
-0.00025		0.0005001		1.8716e-05
-0.0003		0.0005001		8.34471e-06
-0.00035		0.0005001		6.19891e-06
-0.0004		0.0005001		6.31812e-06
-0.00045		0.0005001		4.64919e-06
-0.0005		0.0005001		7.15259e-06
-0.00055		0.0005001		6.91417e-06
-0.0006		0.0005001		6.79496e-06
-0.00065		0.0005001		5.72208e-06
-0.0007		0.0005001		7.03338e-06
-0.0007		1e-07		6.0797e-06
-0.00065		1e-07		5.12603e-06
-0.0006		1e-07		4.7684e-06
-0.00055		1e-07		5.12603e-06
-0.0005		1e-07		7.15259e-06
-0.00045		1e-07		7.51021e-06
-0.0004		1e-07		5.96049e-06
-0.00035		1e-07		5.12603e-06
-0.0003		1e-07		7.98708e-06
-0.00025		1e-07		1.31131e-05
-0.0002		1e-07		2.26499e-05
-0.00015		1e-07		2.50341e-05
-0.0001		1e-07		3.02793e-05
-5e-05		1e-07		3.2306e-05
0.0		1e-07		3.46901e-05
5e-05		1e-07		3.05178e-05
0.0001		1e-07		2.90872e-05
0.00015		1e-07		2.28883e-05
0.0002		1e-07		1.71663e-05
0.00025		1e-07		1.1921e-05
0.0003		1e-07		7.15259e-06
0.00035		1e-07		7.03338e-06
0.0004		1e-07		6.79496e-06
0.00045		1e-07		4.05314e-06
0.0005		1e-07		6.43733e-06
0.00055		1e-07		4.41077e-06
0.0006		1e-07		4.05314e-06
0.00065		1e-07		5.60287e-06
0.0007		1e-07		4.7684e-06
0.0007		-0.0004999		3.45708e-06
0.00065		-0.0004999		4.17235e-06
0.0006		-0.0004999		5.48366e-06
0.00055		-0.0004999		5.36445e-06
0.0005		-0.0004999		1.78815e-06
0.00045		-0.0004999		4.17235e-06
0.0004		-0.0004999		4.29156e-06
0.00035		-0.0004999		5.24524e-06
0.0003		-0.0004999		6.0797e-06
0.00025		-0.0004999		9.5368e-06
0.0002		-0.0004999		1.57357e-05
0.00015		-0.0004999		2.4438e-05
0.0001		-0.0004999		2.70606e-05
5e-05		-0.0004999		3.0637e-05
0.0		-0.0004999		3.11139e-05
-5e-05		-0.0004999		2.84911e-05
-0.0001		-0.0004999		2.68222e-05
-0.00015		-0.0004999		2.14578e-05
-0.0002		-0.0004999		1.74047e-05
-0.00025		-0.0004999		1.02521e-05
-0.0003		-0.0004999		6.0797e-06
-0.00035		-0.0004999		5.48366e-06
-0.0004		-0.0004999		3.81473e-06
-0.00045		-0.0004999		2.3842e-06
-0.0005		-0.0004999		3.57629e-06
-0.00055		-0.0004999		3.57629e-06
-0.0006		-0.0004999		3.6955e-06
-0.00065		-0.0004999		3.81473e-06
-0.0007		-0.0004999		3.21867e-06
-0.0007		-0.0009999		5.24524e-06
-0.00065		-0.0009999		5.84128e-06
-0.0006		-0.0009999		4.64919e-06
-0.00055		-0.0009999		4.29156e-06
-0.0005		-0.0009999		3.09946e-06
-0.00045		-0.0009999		4.52998e-06
-0.0004		-0.0009999		3.33787e-06
-0.00035		-0.0009999		3.45708e-06
-0.0003		-0.0009999		2.74183e-06
-0.00025		-0.0009999		8.94075e-06
-0.0002		-0.0009999		1.4782e-05
-0.00015		-0.0009999		2.03849e-05
-0.0001		-0.0009999		2.3842e-05
-5e-05		-0.0009999		2.65838e-05
0.0		-0.0009999		2.6703e-05
5e-05		-0.0009999		2.77759e-05
0.0001		-0.0009999		2.69414e-05
0.00015		-0.0009999		2.27691e-05
0.0002		-0.0009999		1.57357e-05
0.00025		-0.0009999		8.70234e-06
0.0003		-0.0009999		5.36445e-06
0.00035		-0.0009999		4.29156e-06
0.0004		-0.0009999		2.98025e-06
0.00045		-0.0009999		1.78815e-06
0.0005		-0.0009999		1.1921e-07
0.00055		-0.0009999		3.09946e-06
0.0006		-0.0009999		3.81473e-06
0.00065		-0.0009999		2.74183e-06
0.0007		-0.0009999		4.7684e-06
0.0007		-0.0014999		1.54973e-06
0.00065		-0.0014999		4.29156e-06
0.0006		-0.0014999		5.84128e-06
0.00055		-0.0014999		2.62262e-06
0.0005		-0.0014999		2.50341e-06
0.00045		-0.0014999		1.43052e-06
0.0004		-0.0014999		3.21867e-06
0.00035		-0.0014999		5.72208e-06
0.0003		-0.0014999		7.86787e-06
0.00025		-0.0014999		8.82155e-06
0.0002		-0.0014999		1.71663e-05
0.00015		-0.0014999		2.36036e-05
0.0001		-0.0014999		2.82527e-05
5e-05		-0.0014999		2.84911e-05
0.0		-0.0014999		2.64646e-05
-5e-05		-0.0014999		2.75375e-05
-0.0001		-0.0014999		2.32459e-05
-0.00015		-0.0014999		1.82391e-05
-0.0002		-0.0014999		1.00136e-05
-0.00025		-0.0014999		7.98708e-06
-0.0003		-0.0014999		1.54973e-06
-0.00035		-0.0014999		7.15259e-07
-0.0004		-0.0014999		9.53682e-07
-0.00045		-0.0014999		1.78815e-06
-0.0005		-0.0014999		3.57629e-06
-0.00055		-0.0014999		1.90736e-06
-0.0006		-0.0014999		2.98025e-06
-0.00065		-0.0014999		4.17235e-06
-0.0007		-0.0014999		3.45708e-06
-0.0007		-0.0019999		8.34469e-07
-0.00065		-0.0019999		1.43052e-06
-0.0006		-0.0019999		3.21867e-06
-0.00055		-0.0019999		3.6955e-06
-0.0005		-0.0019999		1.54973e-06
-0.00045		-0.0019999		2.26499e-06
-0.0004		-0.0019999		2.74183e-06
-0.00035		-0.0019999		2.50341e-06
-0.0003		-0.0019999		3.57629e-06
-0.00025		-0.0019999		4.41077e-06
-0.0002		-0.0019999		8.70234e-06
-0.00015		-0.0019999		1.27555e-05
-0.0001		-0.0019999		1.5855e-05
-5e-05		-0.0019999		2.1577e-05
0.0		-0.0019999		2.33651e-05
5e-05		-0.0019999		2.25307e-05
0.0001		-0.0019999		2.2173e-05
0.00015		-0.0019999		1.85968e-05
0.0002		-0.0019999		1.4782e-05
0.00025		-0.0019999		1.14442e-05
0.0003		-0.0019999		7.39101e-06
0.00035		-0.0019999		3.81473e-06
0.0004		-0.0019999		7.15259e-07
0.00045		-0.0019999		3.33787e-06
0.0005		-0.0019999		1.78815e-06
0.00055		-0.0019999		3.57629e-06
0.0006		-0.0019999		2.02657e-06
0.00065		-0.0019999		2.62262e-06
0.0007		-0.0019999		2.86104e-06
0.0007		-0.0024999		2.98025e-06
0.00065		-0.0024999		1.90736e-06
0.0006		-0.0024999		2.14578e-06
0.00055		-0.0024999		3.57629e-06
0.0005		-0.0024999		2.86104e-06
0.00045		-0.0024999		2.62262e-06
0.0004		-0.0024999		2.98025e-06
0.00035		-0.0024999		5.60287e-06
0.0003		-0.0024999		5.72208e-06
0.00025		-0.0024999		1.03713e-05
0.0002		-0.0024999		1.54973e-05
0.00015		-0.0024999		1.8716e-05
0.0001		-0.0024999		1.85968e-05
5e-05		-0.0024999		2.02657e-05
0.0		-0.0024999		2.06233e-05
-5e-05		-0.0024999		1.8716e-05
-0.0001		-0.0024999		1.82391e-05
-0.00015		-0.0024999		1.21594e-05
-0.0002		-0.0024999		7.98708e-06
-0.00025		-0.0024999		2.98025e-06
-0.0003		-0.0024999		3.45708e-06
-0.00035		-0.0024999		2.26499e-06
-0.0004		-0.0024999		2.86104e-06
-0.00045		-0.0024999		4.41077e-06
-0.0005		-0.0024999		3.45708e-06
-0.00055		-0.0024999		3.09946e-06
-0.0006		-0.0024999		1.66894e-06
-0.00065		-0.0024999		1.31131e-06
-0.0007		-0.0024999		8.34469e-07
-0.0007		-0.0029999		2.26499e-06
-0.00065		-0.0029999		2.98025e-06
-0.0006		-0.0029999		2.02657e-06
-0.00055		-0.0029999		4.7684e-06
-0.0005		-0.0029999		2.3842e-06
-0.00045		-0.0029999		2.62262e-06
-0.0004		-0.0029999		2.74183e-06
-0.00035		-0.0029999		1.66894e-06
-0.0003		-0.0029999		3.81473e-06
-0.00025		-0.0029999		2.26499e-06
-0.0002		-0.0029999		7.2718e-06
-0.00015		-0.0029999		1.35899e-05
-0.0001		-0.0029999		1.4782e-05
-5e-05		-0.0029999		1.75239e-05
0.0		-0.0029999		1.99081e-05
5e-05		-0.0029999		1.91928e-05
0.0001		-0.0029999		1.95504e-05
0.00015		-0.0029999		2.08617e-05
0.0002		-0.0029999		1.56165e-05
0.00025		-0.0029999		9.17917e-06
0.0003		-0.0029999		6.79496e-06
0.00035		-0.0029999		4.64919e-06
0.0004		-0.0029999		2.98025e-06
0.00045		-0.0029999		1.78815e-06
0.0005		-0.0029999		4.29156e-06
0.00055		-0.0029999		1.1921e-06
0.0006		-0.0029999		9.53682e-07
0.00065		-0.0029999		1.78815e-06
0.0007		-0.0029999		1.1921e-06
0.0007		-0.0034999		1.43052e-06
0.00065		-0.0034999		2.62262e-06
0.0006		-0.0034999		3.33787e-06
0.00055		-0.0034999		2.62262e-06
0.0005		-0.0034999		2.62262e-06
0.00045		-0.0034999		4.29156e-06
0.0004		-0.0034999		3.6955e-06
0.00035		-0.0034999		4.17235e-06
0.0003		-0.0034999		5.96049e-06
0.00025		-0.0034999		1.04905e-05
0.0002		-0.0034999		1.40668e-05
0.00015		-0.0034999		1.5855e-05
0.0001		-0.0034999		1.80007e-05
5e-05		-0.0034999		1.90736e-05
0.0		-0.0034999		1.66894e-05
-5e-05		-0.0034999		1.59742e-05
-0.0001		-0.0034999		1.53781e-05
-0.00015		-0.0034999		8.70234e-06
-0.0002		-0.0034999		5.84128e-06
-0.00025		-0.0034999		2.74183e-06
-0.0003		-0.0034999		1.54973e-06
-0.00035		-0.0034999		5.48366e-06
-0.0004		-0.0034999		1.90736e-06
-0.00045		-0.0034999		4.7684e-06
-0.0005		-0.0034999		4.88761e-06
-0.00055		-0.0034999		3.6955e-06
-0.0006		-0.0034999		4.7684e-06
-0.00065		-0.0034999		3.57629e-06
-0.0007		-0.0034999		4.7684e-06
-0.0007		-0.0039999		2.26499e-06
-0.00065		-0.0039999		3.09946e-06
-0.0006		-0.0039999		2.62262e-06
-0.00055		-0.0039999		2.26499e-06
-0.0005		-0.0039999		4.17235e-06
-0.00045		-0.0039999		2.86104e-06
-0.0004		-0.0039999		2.26499e-06
-0.00035		-0.0039999		4.88761e-06
-0.0003		-0.0039999		5.36445e-06
-0.00025		-0.0039999		5.12603e-06
-0.0002		-0.0039999		6.91417e-06
-0.00015		-0.0039999		1.01328e-05
-0.0001		-0.0039999		1.1921e-05
-5e-05		-0.0039999		1.4782e-05
0.0		-0.0039999		1.40668e-05
5e-05		-0.0039999		1.5855e-05
0.0001		-0.0039999		1.4186e-05
0.00015		-0.0039999		1.54973e-05
0.0002		-0.0039999		1.40668e-05
0.00025		-0.0039999		1.03713e-05
0.0003		-0.0039999		6.19891e-06
0.00035		-0.0039999		5.72208e-06
0.0004		-0.0039999		2.50341e-06
0.00045		-0.0039999		2.50341e-06
0.0005		-0.0039999		3.93394e-06
0.00055		-0.0039999		2.62262e-06
0.0006		-0.0039999		3.6955e-06
0.00065		-0.0039999		1.1921e-06
0.0007		-0.0039999		1.90736e-06
0.0007		-0.0044999		2.98025e-06
0.00065		-0.0044999		3.21867e-06
0.0006		-0.0044999		2.62262e-06
0.00055		-0.0044999		4.29156e-06
0.0005		-0.0044999		3.45708e-06
0.00045		-0.0044999		1.31131e-06
0.0004		-0.0044999		2.02657e-06
0.00035		-0.0044999		4.64919e-06
0.0003		-0.0044999		7.51021e-06
0.00025		-0.0044999		9.41759e-06
0.0002		-0.0044999		1.29939e-05
0.00015		-0.0044999		1.56165e-05
0.0001		-0.0044999		1.54973e-05
5e-05		-0.0044999		1.68086e-05
0.0		-0.0044999		1.13249e-05
-5e-05		-0.0044999		1.16826e-05
-0.0001		-0.0044999		1.16826e-05
-0.00015		-0.0044999		7.03338e-06
-0.0002		-0.0044999		3.45708e-06
-0.00025		-0.0044999		1.90736e-06
-0.0003		-0.0044999		3.6955e-06
-0.00035		-0.0044999		5.48366e-06
-0.0004		-0.0044999		4.17235e-06
-0.00045		-0.0044999		4.52998e-06
-0.0005		-0.0044999		4.17235e-06
-0.00055		-0.0044999		5.72208e-06
-0.0006		-0.0044999		3.21867e-06
-0.00065		-0.0044999		8.34469e-07
-0.0007		-0.0044999		4.17235e-06
-0.0007		-0.0049999		2.74183e-06
-0.00065		-0.0049999		1.78815e-06
-0.0006		-0.0049999		4.05314e-06
-0.00055		-0.0049999		5.48366e-06
-0.0005		-0.0049999		3.09946e-06
-0.00045		-0.0049999		4.17235e-06
-0.0004		-0.0049999		4.88761e-06
-0.00035		-0.0049999		4.05314e-06
-0.0003		-0.0049999		4.7684e-06
-0.00025		-0.0049999		3.09946e-06
-0.0002		-0.0049999		3.33787e-06
-0.00015		-0.0049999		5.12603e-06
-0.0001		-0.0049999		7.39101e-06
-5e-05		-0.0049999		1.08481e-05
0.0		-0.0049999		1.26362e-05
5e-05		-0.0049999		1.53781e-05
0.0001		-0.0049999		1.7047e-05
0.00015		-0.0049999		1.4782e-05
0.0002		-0.0049999		1.46628e-05
0.00025		-0.0049999		1.27555e-05
0.0003		-0.0049999		9.29838e-06
0.00035		-0.0049999		5.48366e-06
0.0004		-0.0049999		4.88761e-06
0.00045		-0.0049999		4.41077e-06
0.0005		-0.0049999		1.66894e-06
0.00055		-0.0049999		3.57629e-06
0.0006		-0.0049999		2.50341e-06
0.00065		-0.0049999		4.52998e-06
0.0007		-0.0049999		4.52998e-06
0.0007		-0.0054999		4.52998e-06
0.00065		-0.0054999		3.81473e-06
0.0006		-0.0054999		3.33787e-06
0.00055		-0.0054999		3.57629e-06
0.0005		-0.0054999		4.17235e-06
0.00045		-0.0054999		2.74183e-06
0.0004		-0.0054999		4.64919e-06
0.00035		-0.0054999		4.29156e-06
0.0003		-0.0054999		7.39101e-06
0.00025		-0.0054999		1.10865e-05
0.0002		-0.0054999		1.50204e-05
0.00015		-0.0054999		1.43052e-05
0.0001		-0.0054999		1.35899e-05
5e-05		-0.0054999		1.53781e-05
0.0		-0.0054999		1.16826e-05
-5e-05		-0.0054999		1.31131e-05
-0.0001		-0.0054999		8.46392e-06
-0.00015		-0.0054999		5.12603e-06
-0.0002		-0.0054999		2.26499e-06
-0.00025		-0.0054999		5.12603e-06
-0.0003		-0.0054999		4.52998e-06
-0.00035		-0.0054999		2.62262e-06
-0.0004		-0.0054999		5.60287e-06
-0.00045		-0.0054999		4.41077e-06
-0.0005		-0.0054999		3.09946e-06
-0.00055		-0.0054999		4.64919e-06
-0.0006		-0.0054999		4.05314e-06
-0.00065		-0.0054999		2.62262e-06
-0.0007		-0.0054999		2.62262e-06
-0.0007		-0.0059999		3.21867e-06
-0.00065		-0.0059999		4.17235e-06
-0.0006		-0.0059999		5.12603e-06
-0.00055		-0.0059999		4.52998e-06
-0.0005		-0.0059999		2.50341e-06
-0.00045		-0.0059999		4.52998e-06
-0.0004		-0.0059999		3.45708e-06
-0.00035		-0.0059999		5.36445e-06
-0.0003		-0.0059999		8.2255e-06
-0.00025		-0.0059999		5.12603e-06
-0.0002		-0.0059999		5.12603e-06
-0.00015		-0.0059999		6.79496e-06
-0.0001		-0.0059999		8.46392e-06
-5e-05		-0.0059999		1.08481e-05
0.0		-0.0059999		1.38283e-05
5e-05		-0.0059999		1.35899e-05
0.0001		-0.0059999		1.4186e-05
0.00015		-0.0059999		1.4186e-05
0.0002		-0.0059999		1.2517e-05
0.00025		-0.0059999		1.43052e-05
0.0003		-0.0059999		9.65601e-06
0.00035		-0.0059999		5.60287e-06
0.0004		-0.0059999		6.55654e-06
0.00045		-0.0059999		4.52998e-06
0.0005		-0.0059999		5.12603e-06
0.00055		-0.0059999		4.64919e-06
0.0006		-0.0059999		2.62262e-06
0.00065		-0.0059999		3.21867e-06
0.0007		-0.0059999		3.45708e-06
0.0007		-0.0064999		4.52998e-06
0.00065		-0.0064999		2.3842e-06
0.0006		-0.0064999		4.64919e-06
0.00055		-0.0064999		4.7684e-06
0.0005		-0.0064999		2.86104e-06
0.00045		-0.0064999		5.36445e-06
0.0004		-0.0064999		3.81473e-06
0.00035		-0.0064999		7.62945e-06
0.0003		-0.0064999		8.58313e-06
0.00025		-0.0064999		1.15634e-05
0.0002		-0.0064999		1.2517e-05
0.00015		-0.0064999		1.40668e-05
0.0001		-0.0064999		1.28747e-05
5e-05		-0.0064999		1.38283e-05
0.0		-0.0064999		1.20402e-05
-5e-05		-0.0064999		1.16826e-05
-0.0001		-0.0064999		8.70234e-06
-0.00015		-0.0064999		4.52998e-06
-0.0002		-0.0064999		6.43733e-06
-0.00025		-0.0064999		6.43733e-06
-0.0003		-0.0064999		4.88761e-06
-0.00035		-0.0064999		3.45708e-06
-0.0004		-0.0064999		4.29156e-06
-0.00045		-0.0064999		4.41077e-06
-0.0005		-0.0064999		4.88761e-06
-0.00055		-0.0064999		4.05314e-06
-0.0006		-0.0064999		5.12603e-06
-0.00065		-0.0064999		3.09946e-06
-0.0007		-0.0064999		3.93394e-06
-0.0007		-0.0069999		4.29156e-06
-0.00065		-0.0069999		5.12603e-06
-0.0006		-0.0069999		3.57629e-06
-0.00055		-0.0069999		3.6955e-06
-0.0005		-0.0069999		3.33787e-06
-0.00045		-0.0069999		3.57629e-06
-0.0004		-0.0069999		4.17235e-06
-0.00035		-0.0069999		4.88761e-06
-0.0003		-0.0069999		5.24524e-06
-0.00025		-0.0069999		5.48366e-06
-0.0002		-0.0069999		3.09946e-06
-0.00015		-0.0069999		4.7684e-06
-0.0001		-0.0069999		7.39101e-06
-5e-05		-0.0069999		9.65601e-06
0.0		-0.0069999		1.1921e-05
5e-05		-0.0069999		1.27555e-05
0.0001		-0.0069999		1.56165e-05
0.00015		-0.0069999		1.37091e-05
0.0002		-0.0069999		1.27555e-05
0.00025		-0.0069999		1.26362e-05
0.0003		-0.0069999		1.20402e-05
0.00035		-0.0069999		5.12603e-06
0.0004		-0.0069999		4.29156e-06
0.00045		-0.0069999		2.50341e-06
0.0005		-0.0069999		3.21867e-06
0.00055		-0.0069999		4.29156e-06
0.0006		-0.0069999		2.74183e-06
0.00065		-0.0069999		4.7684e-06
0.0007		-0.0069999		3.81473e-06
0.0007		-0.0074999		2.02657e-06
0.00065		-0.0074999		4.7684e-06
0.0006		-0.0074999		4.52998e-06
0.00055		-0.0074999		5.60287e-06
0.0005		-0.0074999		4.05314e-06
0.00045		-0.0074999		2.74183e-06
0.0004		-0.0074999		4.88761e-06
0.00035		-0.0074999		7.2718e-06
0.0003		-0.0074999		1.02521e-05
0.00025		-0.0074999		1.13249e-05
0.0002		-0.0074999		1.26362e-05
0.00015		-0.0074999		1.2517e-05
0.0001		-0.0074999		1.27555e-05
5e-05		-0.0074999		1.27555e-05
0.0		-0.0074999		1.15634e-05
-5e-05		-0.0074999		8.82155e-06
-0.0001		-0.0074999		6.0797e-06
-0.00015		-0.0074999		5.24524e-06
-0.0002		-0.0074999		5.24524e-06
-0.00025		-0.0074999		4.05314e-06
-0.0003		-0.0074999		5.48366e-06
-0.00035		-0.0074999		3.09946e-06
-0.0004		-0.0074999		4.17235e-06
-0.00045		-0.0074999		2.86104e-06
-0.0005		-0.0074999		4.29156e-06
-0.00055		-0.0074999		4.64919e-06
-0.0006		-0.0074999		5.36445e-06
-0.00065		-0.0074999		5.24524e-06
-0.0007		-0.0074999		4.64919e-06
-0.0007		-0.0079999		4.52998e-06
-0.00065		-0.0079999		5.24524e-06
-0.0006		-0.0079999		3.33787e-06
-0.00055		-0.0079999		4.41077e-06
-0.0005		-0.0079999		3.33787e-06
-0.00045		-0.0079999		4.52998e-06
-0.0004		-0.0079999		4.05314e-06
-0.00035		-0.0079999		4.64919e-06
-0.0003		-0.0079999		4.05314e-06
-0.00025		-0.0079999		4.7684e-06
-0.0002		-0.0079999		5.24524e-06
-0.00015		-0.0079999		6.0797e-06
-0.0001		-0.0079999		4.17235e-06
-5e-05		-0.0079999		9.05996e-06
0.0		-0.0079999		7.62945e-06
5e-05		-0.0079999		1.22786e-05
0.0001		-0.0079999		1.18018e-05
0.00015		-0.0079999		1.10865e-05
0.0002		-0.0079999		1.27555e-05
0.00025		-0.0079999		1.07289e-05
0.0003		-0.0079999		7.98708e-06
0.00035		-0.0079999		5.96049e-06
0.0004		-0.0079999		6.0797e-06
0.00045		-0.0079999		3.45708e-06
0.0005		-0.0079999		4.05314e-06
0.00055		-0.0079999		5.60287e-06
0.0006		-0.0079999		4.88761e-06
0.00065		-0.0079999		4.05314e-06
0.0007		-0.0079999		4.64919e-06
0.0007		-0.0084999		4.52998e-06
0.00065		-0.0084999		4.29156e-06
0.0006		-0.0084999		4.17235e-06
0.00055		-0.0084999		2.3842e-06
0.0005		-0.0084999		5.12603e-06
0.00045		-0.0084999		5.00682e-06
0.0004		-0.0084999		7.86787e-06
0.00035		-0.0084999		1.14442e-05
0.0003		-0.0084999		1.12057e-05
0.00025		-0.0084999		1.09673e-05
0.0002		-0.0084999		1.26362e-05
0.00015		-0.0084999		1.20402e-05
0.0001		-0.0084999		1.07289e-05
5e-05		-0.0084999		1.12057e-05
0.0		-0.0084999		8.70234e-06
-5e-05		-0.0084999		6.91417e-06
-0.0001		-0.0084999		5.12603e-06
-0.00015		-0.0084999		2.3842e-06
-0.0002		-0.0084999		2.98025e-06
-0.00025		-0.0084999		5.60287e-06
-0.0003		-0.0084999		5.60287e-06
-0.00035		-0.0084999		6.19891e-06
-0.0004		-0.0084999		5.24524e-06
-0.00045		-0.0084999		1.07289e-06
-0.0005		-0.0084999		2.62262e-06
-0.00055		-0.0084999		3.6955e-06
-0.0006		-0.0084999		1.54973e-06
-0.00065		-0.0084999		5.36445e-06
-0.0007		-0.0084999		3.57629e-06
-0.0007		-0.0089999		2.86104e-06
-0.00065		-0.0089999		4.17235e-06
-0.0006		-0.0089999		5.36445e-06
-0.00055		-0.0089999		2.3842e-06
-0.0005		-0.0089999		5.24524e-06
-0.00045		-0.0089999		4.64919e-06
-0.0004		-0.0089999		3.09946e-06
-0.00035		-0.0089999		4.17235e-06
-0.0003		-0.0089999		3.6955e-06
-0.00025		-0.0089999		3.57629e-06
-0.0002		-0.0089999		3.09946e-06
-0.00015		-0.0089999		5.72208e-06
-0.0001		-0.0089999		4.88761e-06
-5e-05		-0.0089999		5.24524e-06
0.0		-0.0089999		8.46392e-06
5e-05		-0.0089999		8.82155e-06
0.0001		-0.0089999		9.89443e-06
0.00015		-0.0089999		1.04905e-05
0.0002		-0.0089999		1.21594e-05
0.00025		-0.0089999		1.16826e-05
0.0003		-0.0089999		9.17917e-06
0.00035		-0.0089999		8.82155e-06
0.0004		-0.0089999		5.48366e-06
0.00045		-0.0089999		3.93394e-06
0.0005		-0.0089999		4.17235e-06
0.00055		-0.0089999		1.90736e-06
0.0006		-0.0089999		4.41077e-06
0.00065		-0.0089999		4.05314e-06
0.0007		-0.0089999		4.64919e-06
0.0007		-0.0095		3.6955e-06
0.00065		-0.0095		4.29156e-06
0.0006		-0.0095		3.09946e-06
0.00055		-0.0095		2.74183e-06
0.0005		-0.0095		3.09946e-06
0.00045		-0.0095		4.52998e-06
0.0004		-0.0095		4.88761e-06
0.00035		-0.0095		9.41759e-06
0.0003		-0.0095		8.82155e-06
0.00025		-0.0095		9.05996e-06
0.0002		-0.0095		1.06097e-05
0.00015		-0.0095		9.41759e-06
0.0001		-0.0095		8.58313e-06
5e-05		-0.0095		8.82155e-06
0.0		-0.0095		9.41759e-06
-5e-05		-0.0095		5.72208e-06
-0.0001		-0.0095		6.67575e-06
-0.00015		-0.0095		6.31812e-06
-0.0002		-0.0095		4.29156e-06
-0.00025		-0.0095		1.90736e-06
-0.0003		-0.0095		1.78815e-06
-0.00035		-0.0095		4.05314e-06
-0.0004		-0.0095		5.48366e-06
-0.00045		-0.0095		2.02657e-06
-0.0005		-0.0095		1.07289e-06
-0.00055		-0.0095		1.54973e-06
-0.0006		-0.0095		3.57629e-06
-0.00065		-0.0095		2.14578e-06
-0.0007		-0.0095		4.64919e-06
-0.0007		-0.0099999		3.21867e-06
-0.00065		-0.0099999		3.21867e-06
-0.0006		-0.0099999		3.6955e-06
-0.00055		-0.0099999		5.72208e-06
-0.0005		-0.0099999		3.57629e-06
-0.00045		-0.0099999		2.62262e-06
-0.0004		-0.0099999		4.88761e-06
-0.00035		-0.0099999		6.55654e-06
-0.0003		-0.0099999		3.81473e-06
-0.00025		-0.0099999		3.45708e-06
-0.0002		-0.0099999		4.7684e-06
-0.00015		-0.0099999		3.6955e-06
-0.0001		-0.0099999		5.72208e-06
-5e-05		-0.0099999		6.55654e-06
0.0		-0.0099999		9.05996e-06
5e-05		-0.0099999		8.34471e-06
0.0001		-0.0099999		7.62945e-06
0.00015		-0.0099999		1.03713e-05
0.0002		-0.0099999		8.70234e-06
0.00025		-0.0099999		8.10629e-06
0.0003		-0.0099999		8.70234e-06
0.00035		-0.0099999		1.06097e-05
0.0004		-0.0099999		7.15259e-06
0.00045		-0.0099999		6.91417e-06
0.0005		-0.0099999		2.98025e-06
0.00055		-0.0099999		5.48366e-06
0.0006		-0.0099999		4.17235e-06
0.00065		-0.0099999		3.09946e-06
0.0007		-0.0099999		5.12603e-06
0.0007		-0.0105		4.17235e-06
0.00065		-0.0105		4.41077e-06
0.0006		-0.0105		3.21867e-06
0.00055		-0.0105		4.29156e-06
0.0005		-0.0105		2.86104e-06
0.00045		-0.0105		4.7684e-06
0.0004		-0.0105		6.55654e-06
0.00035		-0.0105		9.65601e-06
0.0003		-0.0105		1.15634e-05
0.00025		-0.0105		1.04905e-05
0.0002		-0.0105		7.62945e-06
0.00015		-0.0105		1.02521e-05
0.0001		-0.0105		9.17917e-06
5e-05		-0.0105		1.12057e-05
0.0		-0.0105		7.86787e-06
-5e-05		-0.0105		3.45708e-06
-0.0001		-0.0105		2.98025e-06
-0.00015		-0.0105		3.09946e-06
-0.0002		-0.0105		3.6955e-06
-0.00025		-0.0105		4.17235e-06
-0.0003		-0.0105		6.19891e-06
-0.00035		-0.0105		5.00682e-06
-0.0004		-0.0105		1.90736e-06
-0.00045		-0.0105		3.21867e-06
-0.0005		-0.0105		1.54973e-06
-0.00055		-0.0105		5.24524e-06
-0.0006		-0.0105		3.21867e-06
-0.00065		-0.0105		4.52998e-06
-0.0007		-0.0105		2.02657e-06
-0.0007		-0.0109999		3.21867e-06
-0.00065		-0.0109999		3.09946e-06
-0.0006		-0.0109999		3.09946e-06
-0.00055		-0.0109999		3.21867e-06
-0.0005		-0.0109999		1.1921e-06
-0.00045		-0.0109999		4.17235e-06
-0.0004		-0.0109999		1.31131e-06
-0.00035		-0.0109999		1.66894e-06
-0.0003		-0.0109999		3.6955e-06
-0.00025		-0.0109999		3.45708e-06
-0.0002		-0.0109999		2.86104e-06
-0.00015		-0.0109999		4.29156e-06
-0.0001		-0.0109999		3.93394e-06
-5e-05		-0.0109999		4.29156e-06
0.0		-0.0109999		5.72208e-06
5e-05		-0.0109999		7.15259e-06
0.0001		-0.0109999		6.91417e-06
0.00015		-0.0109999		1.03713e-05
0.0002		-0.0109999		9.41759e-06
0.00025		-0.0109999		8.58313e-06
0.0003		-0.0109999		8.82155e-06
0.00035		-0.0109999		8.10629e-06
0.0004		-0.0109999		7.15259e-06
0.00045		-0.0109999		5.48366e-06
0.0005		-0.0109999		2.50341e-06
0.00055		-0.0109999		3.45708e-06
0.0006		-0.0109999		4.29156e-06
0.00065		-0.0109999		4.05314e-06
0.0007		-0.0109999		2.86104e-06
0.0007		-0.0114999		2.02657e-06
0.00065		-0.0114999		1.31131e-06
0.0006		-0.0114999		1.54973e-06
0.00055		-0.0114999		2.50341e-06
0.0005		-0.0114999		3.57629e-06
0.00045		-0.0114999		1.90736e-06
0.0004		-0.0114999		5.84128e-06
0.00035		-0.0114999		6.55654e-06
0.0003		-0.0114999		6.31812e-06
0.00025		-0.0114999		7.2718e-06
0.0002		-0.0114999		1.01328e-05
0.00015		-0.0114999		1.10865e-05
0.0001		-0.0114999		9.41759e-06
5e-05		-0.0114999		9.5368e-06
0.0		-0.0114999		8.46392e-06
-5e-05		-0.0114999		3.81473e-06
-0.0001		-0.0114999		4.64919e-06
-0.00015		-0.0114999		4.52998e-06
-0.0002		-0.0114999		6.19891e-06
-0.00025		-0.0114999		4.29156e-06
-0.0003		-0.0114999		5.9605e-07
-0.00035		-0.0114999		3.21867e-06
-0.0004		-0.0114999		2.3842e-06
-0.00045		-0.0114999		2.98025e-06
-0.0005		-0.0114999		1.07289e-06
-0.00055		-0.0114999		4.05314e-06
-0.0006		-0.0114999		3.6955e-06
-0.00065		-0.0114999		2.26499e-06
-0.0007		-0.0114999		3.6955e-06
-0.0007		-0.012		4.64919e-06
-0.00065		-0.012		3.81473e-06
-0.0006		-0.012		1.54973e-06
-0.00055		-0.012		5.9605e-07
-0.0005		-0.012		7.15259e-07
-0.00045		-0.012		5.9605e-07
-0.0004		-0.012		2.50341e-06
-0.00035		-0.012		2.50341e-06
-0.0003		-0.012		4.41077e-06
-0.00025		-0.012		2.02657e-06
-0.0002		-0.012		2.02657e-06
-0.00015		-0.012		4.64919e-06
-0.0001		-0.012		1.1921e-06
-5e-05		-0.012		5.36445e-06
0.0		-0.012		7.86787e-06
5e-05		-0.012		6.31812e-06
0.0001		-0.012		9.65601e-06
0.00015		-0.012		7.51021e-06
0.0002		-0.012		9.89443e-06
0.00025		-0.012		8.46392e-06
0.0003		-0.012		9.05996e-06
0.00035		-0.012		7.51021e-06
0.0004		-0.012		7.86787e-06
0.00045		-0.012		6.31812e-06
0.0005		-0.012		3.45708e-06
0.00055		-0.012		2.3842e-06
0.0006		-0.012		9.53682e-07
0.00065		-0.012		5.9605e-07
0.0007		-0.012		2.62262e-06
0.0007		-0.0124999		4.76841e-07
0.00065		-0.0124999		2.02657e-06
0.0006		-0.0124999		1.54973e-06
0.00055		-0.0124999		3.21867e-06
0.0005		-0.0124999		2.50341e-06
0.00045		-0.0124999		5.00682e-06
0.0004		-0.0124999		6.79496e-06
0.00035		-0.0124999		7.15259e-06
0.0003		-0.0124999		1.14442e-05
0.00025		-0.0124999		9.65601e-06
0.0002		-0.0124999		7.51021e-06
0.00015		-0.0124999		8.46392e-06
0.0001		-0.0124999		7.39101e-06
5e-05		-0.0124999		5.96049e-06
0.0		-0.0124999		7.2718e-06
-5e-05		-0.0124999		4.64919e-06
-0.0001		-0.0124999		1.43052e-06
-0.00015		-0.0124999		2.50341e-06
-0.0002		-0.0124999		2.86104e-06
-0.00025		-0.0124999		3.21867e-06
-0.0003		-0.0124999		2.86104e-06
-0.00035		-0.0124999		1.43052e-06
-0.0004		-0.0124999		4.05314e-06
-0.00045		-0.0124999		2.50341e-06
-0.0005		-0.0124999		2.26499e-06
-0.00055		-0.0124999		2.02657e-06
-0.0006		-0.0124999		2.50341e-06
-0.00065		-0.0124999		1.78815e-06
-0.0007		-0.0124999		1.07289e-06
-0.0007		-0.0129999		2.3842e-06
-0.00065		-0.0129999		2.26499e-06
-0.0006		-0.0129999		9.53682e-07
-0.00055		-0.0129999		1.90736e-06
-0.0005		-0.0129999		2.62262e-06
-0.00045		-0.0129999		1.43052e-06
-0.0004		-0.0129999		4.76841e-07
-0.00035		-0.0129999		3.57629e-06
-0.0003		-0.0129999		1.66894e-06
-0.00025		-0.0129999		2.62262e-06
-0.0002		-0.0129999		2.50341e-06
-0.00015		-0.0129999		5.00682e-06
-0.0001		-0.0129999		3.09946e-06
-5e-05		-0.0129999		4.7684e-06
0.0		-0.0129999		5.84128e-06
5e-05		-0.0129999		6.31812e-06
0.0001		-0.0129999		5.96049e-06
0.00015		-0.0129999		7.39101e-06
0.0002		-0.0129999		1.08481e-05
0.00025		-0.0129999		8.10629e-06
0.0003		-0.0129999		6.43733e-06
0.00035		-0.0129999		6.0797e-06
0.0004		-0.0129999		7.03338e-06
0.00045		-0.0129999		7.74866e-06
0.0005		-0.0129999		2.86104e-06
0.00055		-0.0129999		2.86104e-06
0.0006		-0.0129999		4.05314e-06
0.00065		-0.0129999		2.3842e-06
0.0007		-0.0129999		2.26499e-06
0.0007		-0.0135		4.05314e-06
0.00065		-0.0135		1.1921e-06
0.0006		-0.0135		3.57629e-06
0.00055		-0.0135		2.98025e-06
0.0005		-0.0135		2.86104e-06
0.00045		-0.0135		5.36445e-06
0.0004		-0.0135		7.15259e-06
0.00035		-0.0135		7.86787e-06
0.0003		-0.0135		6.55654e-06
0.00025		-0.0135		6.67575e-06
0.0002		-0.0135		9.5368e-06
0.00015		-0.0135		9.89443e-06
0.0001		-0.0135		6.91417e-06
5e-05		-0.0135		4.64919e-06
0.0		-0.0135		7.39101e-06
-5e-05		-0.0135		5.24524e-06
-0.0001		-0.0135		4.52998e-06
-0.00015		-0.0135		3.6955e-06
-0.0002		-0.0135		2.26499e-06
-0.00025		-0.0135		3.5763e-07
-0.0003		-0.0135		4.76841e-07
-0.00035		-0.0135		2.3842e-06
-0.0004		-0.0135		1.54973e-06
-0.00045		-0.0135		1.43052e-06
-0.0005		-0.0135		3.21867e-06
-0.00055		-0.0135		2.50341e-06
-0.0006		-0.0135		-2.3842e-07
-0.00065		-0.0135		9.53682e-07
-0.0007		-0.0135		1.43052e-06
-0.0007		-0.0139999		1.54973e-06
-0.00065		-0.0139999		2.50341e-06
-0.0006		-0.0139999		1.1921e-06
-0.00055		-0.0139999		4.17235e-06
-0.0005		-0.0139999		1.31131e-06
-0.00045		-0.0139999		1.54973e-06
-0.0004		-0.0139999		2.74183e-06
-0.00035		-0.0139999		3.5763e-07
-0.0003		-0.0139999		1.90736e-06
-0.00025		-0.0139999		1.90736e-06
-0.0002		-0.0139999		2.3842e-06
-0.00015		-0.0139999		2.98025e-06
-0.0001		-0.0139999		2.3842e-06
-5e-05		-0.0139999		2.02657e-06
0.0		-0.0139999		4.05314e-06
5e-05		-0.0139999		5.00682e-06
0.0001		-0.0139999		7.39101e-06
0.00015		-0.0139999		7.15259e-06
0.0002		-0.0139999		9.29838e-06
0.00025		-0.0139999		5.12603e-06
0.0003		-0.0139999		6.55654e-06
0.00035		-0.0139999		5.12603e-06
0.0004		-0.0139999		6.55654e-06
0.00045		-0.0139999		4.52998e-06
0.0005		-0.0139999		4.88761e-06
0.00055		-0.0139999		2.26499e-06
0.0006		-0.0139999		1.43052e-06
0.00065		-0.0139999		3.09946e-06
0.0007		-0.0139999		3.57629e-06
0.0007		-0.0144999		3.21867e-06
0.00065		-0.0144999		1.31131e-06
0.0006		-0.0144999		2.50341e-06
0.00055		-0.0144999		2.62262e-06
0.0005		-0.0144999		5.48366e-06
0.00045		-0.0144999		3.57629e-06
0.0004		-0.0144999		7.39101e-06
0.00035		-0.0144999		7.51021e-06
0.0003		-0.0144999		6.19891e-06
0.00025		-0.0144999		5.72208e-06
0.0002		-0.0144999		7.03338e-06
0.00015		-0.0144999		6.31812e-06
0.0001		-0.0144999		6.91417e-06
5e-05		-0.0144999		2.3842e-06
0.0		-0.0144999		3.81473e-06
-5e-05		-0.0144999		2.3842e-06
-0.0001		-0.0144999		7.15259e-07
-0.00015		-0.0144999		2.26499e-06
-0.0002		-0.0144999		2.26499e-06
-0.00025		-0.0144999		3.5763e-07
-0.0003		-0.0144999		3.09946e-06
-0.00035		-0.0144999		-1.1921e-07
-0.0004		-0.0144999		1.43052e-06
-0.00045		-0.0144999		0.0
-0.0005		-0.0144999		2.02657e-06
-0.00055		-0.0144999		-2.3842e-07
-0.0006		-0.0144999		1.54973e-06
-0.00065		-0.0144999		1.1921e-07
-0.0007		-0.0144999		1.1921e-06
-0.0007		-0.0149999		4.29156e-06
-0.00065		-0.0149999		4.76841e-07
-0.0006		-0.0149999		1.78815e-06
-0.00055		-0.0149999		-8.34469e-07
-0.0005		-0.0149999		2.26499e-06
-0.00045		-0.0149999		9.53682e-07
-0.0004		-0.0149999		1.43052e-06
-0.00035		-0.0149999		3.09946e-06
-0.0003		-0.0149999		3.5763e-07
-0.00025		-0.0149999		2.26499e-06
-0.0002		-0.0149999		7.15259e-07
-0.00015		-0.0149999		3.09946e-06
-0.0001		-0.0149999		3.93394e-06
-5e-05		-0.0149999		1.90736e-06
0.0		-0.0149999		2.3842e-06
5e-05		-0.0149999		2.3842e-06
0.0001		-0.0149999		6.19891e-06
0.00015		-0.0149999		4.29156e-06
0.0002		-0.0149999		5.72208e-06
0.00025		-0.0149999		5.24524e-06
0.0003		-0.0149999		5.84128e-06
0.00035		-0.0149999		6.19891e-06
0.0004		-0.0149999		5.36445e-06
0.00045		-0.0149999		7.98708e-06
0.0005		-0.0149999		3.09946e-06
0.00055		-0.0149999		2.62262e-06
0.0006		-0.0149999		3.57629e-06
0.00065		-0.0149999		4.17235e-06
0.0007		-0.0149999		1.43052e-06
