Your comment line - do NOT delete this line
Col 0: Axis index
Col 1: S_path [m]
Col 2: Max voltage X-pos[m]
Col 3: Max voltage Y-pos[m]
Col 4: Max voltage [V]
Col 5: Full width half maximum (FWHM) [m]

Col 0	Col 1	Col 2	Col 3	Col 4	Col 5
0	0	0.0	0.005	0.000785951	0
0	0.0	0.0	0.005	0.000785951	0
1	0.000509803893669	-0.0001	0.0045001	0.000351788	0
0	0.0	0.0	0.005	0.000785951	0
1	0.000507386084208	-0.0001	0.0045001	0.000351788	0
2	0.00100488800548	-0.0001	0.0040001	0.000254752	0
0	0.0	0.0	0.005	0.000785951	0
1	0.000505001926818	-0.0001	0.0045001	0.000351788	0
2	0.00100410001581	-0.0001	0.0040001	0.000254752	0
3	0.00150319810479	-0.0001	0.0035001	0.000141502	0.000668827938245
0	0.0	0.0	0.005	0.000785951	0
1	0.000503502278801	-0.0001	0.0045001	0.000351788	0
2	0.00100310152811	-0.0001	0.0040001	0.000254752	0
3	0.00150270077743	-0.0001	0.0035001	0.000141502	0.000668827938245
4	0.00200239994659	-0.0001	0.003	0.000107646	0.000468016738741
0	0.0	0.0	0.005	0.000785951	0
1	0.000502554649865	-0.0001	0.0045001	0.000351788	0
2	0.00100235026143	-0.0001	0.0040001	0.000254752	0
3	0.001502145873	-0.0001	0.0035001	0.000141502	0.000668827938245
4	0.0020020414437	-0.0001	0.003	0.000107646	0.000468016738741
5	0.00250173709614	-0.0001	0.0025001	6.59232e-05	0.000496355392873
0	0.0	0.0	0.005	0.000785951	0
1	0.000501929059212	-0.0001	0.0045001	0.000351788	0
2	0.00100181413147	-0.0001	0.0040001	0.000254752	0
3	0.00150169920372	-0.0001	0.0035001	0.000141502	0.000668827938245
4	0.00200168425299	-0.0001	0.003	0.000107646	0.000468016738741
5	0.00250146934823	-0.0001	0.0025001	6.59232e-05	0.000496355392873
6	0.00300135442048	-0.0001	0.0020001	5.97241e-05	0.000456411402226
0	0.0	0.0	0.005	0.000785951	0
1	0.00050071654008	-0.0001	0.0045001	0.000351788	0
2	0.00100069915411	-0.0001	0.0040001	0.000254752	0
3	0.00150068176813	-0.0001	0.0035001	0.000141502	0.000668827938245
4	0.00200076437868	-0.0001	0.003	0.000107646	0.000468016738741
5	0.00250064699618	-0.0001	0.0025001	6.59232e-05	0.000496355392873
6	0.00300062961021	-0.0001	0.0020001	5.97241e-05	0.000456411402226
7	0.00350029525947	-5e-05	0.0015	5.10218e-05	0.000448726736288
0	0.0	0.0	0.005	0.000785951	0
1	0.000500716355075	-0.0001	0.0045001	0.000351788	0
2	0.00100069897715	-0.0001	0.0040001	0.000254752	0
3	0.00150068159922	-0.0001	0.0035001	0.000141502	0.000668827938245
4	0.00200076421782	-0.0001	0.003	0.000107646	0.000468016738741
5	0.00250064684337	-0.0001	0.0025001	6.59232e-05	0.000496355392873
6	0.00300062946545	-0.0001	0.0020001	5.97241e-05	0.000456411402226
7	0.00350029521929	-5e-05	0.0015	5.10218e-05	0.000448726736288
8	0.00400069470612	-0.0001	0.001	4.50613e-05	0.00046101685277
0	0.0	0.0	0.005	0.000785951	0
1	0.000499594383087	-0.0001	0.0045001	0.000351788	0
2	0.000999592083047	-0.0001	0.0040001	0.000254752	0
3	0.00149958978301	-0.0001	0.0035001	0.000141502	0.000668827938245
4	0.00199968748251	-0.0001	0.003	0.000107646	0.000468016738741
5	0.00249958518293	-0.0001	0.0025001	6.59232e-05	0.000496355392873
6	0.00299958288289	-0.0001	0.0020001	5.97241e-05	0.000456411402226
7	0.00349983224105	-5e-05	0.0015	5.10218e-05	0.000448726736288
8	0.00399967828234	-0.0001	0.001	4.50613e-05	0.00046101685277
9	0.00449997929964	0.0	0.0005	3.83856e-05	0.000473587239835
0	0.0	0.0	0.005	0.000785951	0
1	0.000498969597881	-0.0001	0.0045001	0.000351788	0
2	0.000998948907862	-0.0001	0.0040001	0.000254752	0
3	0.00149892821784	-0.0001	0.0035001	0.000141502	0.000668827938245
4	0.00199900752369	-0.0001	0.003	0.000107646	0.000468016738741
5	0.00249888683781	-0.0001	0.0025001	6.59232e-05	0.000496355392873
6	0.00299886614779	-0.0001	0.0020001	5.97241e-05	0.000456411402226
7	0.00349940031175	-5e-05	0.0015	5.10218e-05	0.000448726736288
8	0.00399892476361	-0.0001	0.001	4.50613e-05	0.00046101685277
9	0.00449981378983	0.0	0.0005	3.83856e-05	0.000473587239835
10	0.00499979309981	0.0	0.0	3.43325e-05	0.000446225590924
0	0.0	0.0	0.005	0.000785951	0
1	0.0004990427684	-0.0001	0.0045001	0.000351788	0
2	0.000999025144418	-0.0001	0.0040001	0.000254752	0
3	0.00149900752044	-0.0001	0.0035001	0.000141502	0.000668827938245
4	0.00199908989293	-0.0001	0.003	0.000107646	0.000468016738741
5	0.00249897227247	-0.0001	0.0025001	6.59232e-05	0.000496355392873
6	0.00299895464849	-0.0001	0.0020001	5.97241e-05	0.000456411402226
7	0.00349945682655	-5e-05	0.0015	5.10218e-05	0.000448726736288
8	0.003999019397	-0.0001	0.001	4.50613e-05	0.00046101685277
9	0.00449984138416	0.0	0.0005	3.83856e-05	0.000473587239835
10	0.00499982376018	0.0	0.0	3.43325e-05	0.000446225590924
11	0.00549928633415	-5e-05	-0.0004999	3.0637e-05	0.000486177902467
0	0.0	0.0	0.005	0.000785951	0
1	0.000498770445153	-0.0001	0.0045001	0.000351788	0
2	0.000998740230203	-0.0001	0.0040001	0.000254752	0
3	0.00149871001525	-0.0001	0.0035001	0.000141502	0.000668827938245
4	0.00199877979426	-0.0001	0.003	0.000107646	0.000468016738741
5	0.00249864958535	-0.0001	0.0025001	6.59232e-05	0.000496355392873
6	0.0029986193704	-0.0001	0.0020001	5.97241e-05	0.000456411402226
7	0.00349923882238	-5e-05	0.0015	5.10218e-05	0.000448726736288
8	0.00399865893446	-0.0001	0.001	4.50613e-05	0.00046101685277
9	0.00449972806545	0.0	0.0005	3.83856e-05	0.000473587239835
10	0.0049996978505	0.0	0.0	3.43325e-05	0.000446225590924
11	0.00549901796862	-5e-05	-0.0004999	3.0637e-05	0.000486177902467
12	0.00599953742664	0.0	-0.0009999	3.17099e-05	0.000378683357061
0	0.0	0.0	0.005	0.000785951	0
1	0.00049863096806	-0.0001	0.0045001	0.000351788	0
2	0.000998593073666	-0.0001	0.0040001	0.000254752	0
3	0.00149855517927	-0.0001	0.0035001	0.000141502	0.000668827938245
4	0.0019986172773	-0.0001	0.003	0.000107646	0.000468016738741
5	0.00249847939048	-0.0001	0.0025001	6.59232e-05	0.000496355392873
6	0.00299844149609	-0.0001	0.0020001	5.97241e-05	0.000456411402226
7	0.00349911916668	-5e-05	0.0015	5.10218e-05	0.000448726736288
8	0.00399846569972	-0.0001	0.001	4.50613e-05	0.00046101685277
9	0.00449965895045	0.0	0.0005	3.83856e-05	0.000473587239835
10	0.00499962105606	0.0	0.0	3.43325e-05	0.000446225590924
11	0.00549886759668	-5e-05	-0.0004999	3.0637e-05	0.000486177902467
12	0.00599944527485	0.0	-0.0009999	3.17099e-05	0.000378683357061
13	0.00649940738046	0.0	-0.0014999	2.78951e-05	0.000407233298325
0	0.0	0.0	0.005	0.000785951	0
1	0.000498837172553	-0.0001	0.0045001	0.000351788	0
2	0.000998810339448	-0.0001	0.0040001	0.000254752	0
3	0.00149878350634	-0.0001	0.0035001	0.000141502	0.000668827938245
4	0.00199885666787	-0.0001	0.003	0.000107646	0.000468016738741
5	0.00249872984013	-0.0001	0.0025001	6.59232e-05	0.000496355392873
6	0.00299870300703	-0.0001	0.0020001	5.97241e-05	0.000456411402226
7	0.00349929416841	-5e-05	0.0015	5.10218e-05	0.000448726736288
8	0.00399874933545	-0.0001	0.001	4.50613e-05	0.00046101685277
9	0.00449975850206	0.0	0.0005	3.83856e-05	0.000473587239835
10	0.00499973166895	0.0	0.0	3.43325e-05	0.000446225590924
11	0.00549908684136	-5e-05	-0.0004999	3.0637e-05	0.000486177902467
12	0.00599957800811	0.0	-0.0009999	3.17099e-05	0.000378683357061
13	0.006499551175	0.0	-0.0014999	2.78951e-05	0.000407233298325
14	0.00699900634204	-5e-05	-0.0019999	2.26499e-05	0.00045374438982
0	0.0	0.0	0.005	0.000785951	0
1	0.000498766407706	-0.0001	0.0045001	0.000351788	0
2	0.00099873598203	-0.0001	0.0040001	0.000254752	0
3	0.00149870555635	-0.0001	0.0035001	0.000141502	0.000668827938245
4	0.00199877512459	-0.0001	0.003	0.000107646	0.000468016738741
5	0.002498644705	-0.0001	0.0025001	6.59232e-05	0.000496355392873
6	0.00299861427933	-0.0001	0.0020001	5.97241e-05	0.000456411402226
7	0.00349923543392	-5e-05	0.0015	5.10218e-05	0.000448726736288
8	0.00399865342189	-0.0001	0.001	4.50613e-05	0.00046101685277
9	0.00449972616892	0.0	0.0005	3.83856e-05	0.000473587239835
10	0.00499969574324	0.0	0.0	3.43325e-05	0.000446225590924
11	0.0054990137373	-5e-05	-0.0004999	3.0637e-05	0.000486177902467
12	0.00599953489797	0.0	-0.0009999	3.17099e-05	0.000378683357061
13	0.0064995044723	0.0	-0.0014999	2.78951e-05	0.000407233298325
14	0.00699892246027	-5e-05	-0.0019999	2.26499e-05	0.00045374438982
15	0.00749944362094	0.0	-0.0024999	2.16962e-05	0.000429991787377
0	0.0	0.0	0.005	0.000785951	0
1	0.000498740581129	-0.0001	0.0045001	0.000351788	0
2	0.000998708791091	-0.0001	0.0040001	0.000254752	0
3	0.00149867700105	-0.0001	0.0035001	0.000141502	0.000668827938245
4	0.00199874520466	-0.0001	0.003	0.000107646	0.000468016738741
5	0.00249861342097	-0.0001	0.0025001	6.59232e-05	0.000496355392873
6	0.00299858163094	-0.0001	0.0020001	5.97241e-05	0.000456411402226
7	0.00349921365213	-5e-05	0.0015	5.10218e-05	0.000448726736288
8	0.0039986180445	-0.0001	0.001	4.50613e-05	0.00046101685277
9	0.00449971388965	0.0	0.0005	3.83856e-05	0.000473587239835
10	0.00499968209961	0.0	0.0	3.43325e-05	0.000446225590924
11	0.00549898649834	-5e-05	-0.0004999	3.0637e-05	0.000486177902467
12	0.00599951852589	0.0	-0.0009999	3.17099e-05	0.000378683357061
13	0.00649948673586	0.0	-0.0014999	2.78951e-05	0.000407233298325
14	0.00699889112822	-5e-05	-0.0019999	2.26499e-05	0.00045374438982
15	0.00749942315578	0.0	-0.0024999	2.16962e-05	0.000429991787377
16	0.00799949135938	0.0	-0.003	2.08617e-05	0.000444500051896
0	0.0	0.0	0.005	0.000785951	0
1	0.000498557257528	-0.0001	0.0045001	0.000351788	0
2	0.000998514975271	-0.0001	0.0040001	0.000254752	0
3	0.00149847269301	-0.0001	0.0035001	0.000141502	0.000668827938245
4	0.0019985304023	-0.0001	0.003	0.000107646	0.000468016738741
5	0.0024983881285	-0.0001	0.0025001	6.59232e-05	0.000496355392873
6	0.00299834584624	-0.0001	0.0020001	5.97241e-05	0.000456411402226
7	0.00349905378987	-5e-05	0.0015	5.10218e-05	0.000448726736288
8	0.00399836127327	-0.0001	0.001	4.50613e-05	0.00046101685277
9	0.00449961945969	0.0	0.0005	3.83856e-05	0.000473587239835
10	0.00499957717743	0.0	0.0	3.43325e-05	0.000446225590924
11	0.00549878466929	-5e-05	-0.0004999	3.0637e-05	0.000486177902467
12	0.00599939262137	0.0	-0.0009999	3.17099e-05	0.000378683357061
13	0.00649935033912	0.0	-0.0014999	2.78951e-05	0.000407233298325
14	0.00699865782252	-5e-05	-0.0019999	2.26499e-05	0.00045374438982
15	0.0074992657746	0.0	-0.0024999	2.16962e-05	0.000429991787377
16	0.00799932348389	0.0	-0.003	2.08617e-05	0.000444500051896
17	0.00849983144442	5e-05	-0.0034999	2.02657e-05	0.00042488406775
0	0.0	0.0	0.005	0.000785951	0
1	0.000498447127485	-0.0001	0.0045001	0.000351788	0
2	0.000998397870924	-0.0001	0.0040001	0.000254752	0
3	0.00149834861436	-0.0001	0.0035001	0.000141502	0.000668827938245
4	0.00199839934795	-0.0001	0.003	0.000107646	0.000468016738741
5	0.00249825010124	-0.0001	0.0025001	6.59232e-05	0.000496355392873
6	0.00299820084468	-0.0001	0.0020001	5.97241e-05	0.000456411402226
7	0.00349895339117	-5e-05	0.0015	5.10218e-05	0.000448726736288
8	0.00399820232171	-0.0001	0.001	4.50613e-05	0.00046101685277
9	0.00449955669095	0.0	0.0005	3.83856e-05	0.000473587239835
10	0.00499950743439	0.0	0.0	3.43325e-05	0.000446225590924
11	0.00549865637478	-5e-05	-0.0004999	3.0637e-05	0.000486177902467
12	0.00599930893112	0.0	-0.0009999	3.17099e-05	0.000378683357061
13	0.00649925967456	0.0	-0.0014999	2.78951e-05	0.000407233298325
14	0.00699850860509	-5e-05	-0.0019999	2.26499e-05	0.00045374438982
15	0.00749916116143	0.0	-0.0024999	2.16962e-05	0.000429991787377
16	0.00799921189502	0.0	-0.003	2.08617e-05	0.000444500051896
17	0.00849976446121	5e-05	-0.0034999	2.02657e-05	0.00042488406775
18	0.00899971520465	5e-05	-0.0039999	1.84776e-05	0.000477530028222
0	0.0	0.0	0.005	0.000785951	0
1	0.000498388095951	-0.0001	0.0045001	0.000351788	0
2	0.000998334896843	-0.0001	0.0040001	0.000254752	0
3	0.00149828169773	-0.0001	0.0035001	0.000141502	0.000668827938245
4	0.00199832848799	-0.0001	0.003	0.000107646	0.000468016738741
5	0.00249817529952	-0.0001	0.0025001	6.59232e-05	0.000496355392873
6	0.00299812210041	-0.0001	0.0020001	5.97241e-05	0.000456411402226
7	0.00349889824845	-5e-05	0.0015	5.10218e-05	0.000448726736288
8	0.00399811569155	-0.0001	0.001	4.50613e-05	0.00046101685277
9	0.00449952120802	0.0	0.0005	3.83856e-05	0.000473587239835
10	0.00499946800891	0.0	0.0	3.43325e-05	0.000446225590924
11	0.00549858546265	-5e-05	-0.0004999	3.0637e-05	0.000486177902467
12	0.00599926162134	0.0	-0.0009999	3.17099e-05	0.000378683357061
13	0.00649920842223	0.0	-0.0014999	2.78951e-05	0.000407233298325
14	0.00699842586533	-5e-05	-0.0019999	2.26499e-05	0.00045374438982
15	0.00749910202401	0.0	-0.0024999	2.16962e-05	0.000429991787377
16	0.00799914881426	0.0	-0.003	2.08617e-05	0.000444500051896
17	0.00849972498358	5e-05	-0.0034999	2.02657e-05	0.00042488406775
18	0.00899967178447	5e-05	-0.0039999	1.84776e-05	0.000477530028222
19	0.00949961858536	5e-05	-0.0044999	1.5855e-05	0.000468294011856
0	0.0	0.0	0.005	0.000785951	0
1	0.00049836464503	-0.0001	0.0045001	0.000351788	0
2	0.000998309840476	-0.0001	0.0040001	0.000254752	0
3	0.00149825503592	-0.0001	0.0035001	0.000141502	0.000668827938245
4	0.00199830022041	-0.0001	0.003	0.000107646	0.000468016738741
5	0.00249814542682	-0.0001	0.0025001	6.59232e-05	0.000496355392873
6	0.00299809062226	-0.0001	0.0020001	5.97241e-05	0.000456411402226
7	0.00349887608744	-5e-05	0.0015	5.10218e-05	0.000448726736288
8	0.0039980810022	-0.0001	0.001	4.50613e-05	0.00046101685277
9	0.00449950675902	0.0	0.0005	3.83856e-05	0.000473587239835
10	0.00499945195447	0.0	0.0	3.43325e-05	0.000446225590924
11	0.00549855688018	-5e-05	-0.0004999	3.0637e-05	0.000486177902467
12	0.00599924235632	0.0	-0.0009999	3.17099e-05	0.000378683357061
13	0.00649918755177	0.0	-0.0014999	2.78951e-05	0.000407233298325
14	0.00699839246652	-5e-05	-0.0019999	2.26499e-05	0.00045374438982
15	0.00749907794266	0.0	-0.0024999	2.16962e-05	0.000429991787377
16	0.00799912312715	0.0	-0.003	2.08617e-05	0.000444500051896
17	0.00849970861424	5e-05	-0.0034999	2.02657e-05	0.00042488406775
18	0.00899965380969	5e-05	-0.0039999	1.84776e-05	0.000477530028222
19	0.00949959900514	5e-05	-0.0044999	1.5855e-05	0.000468294011856
20	0.00999954420058	5e-05	-0.0049999	1.81199e-05	0
0	0.0	0.0	0.005	0.000785951	0
1	0.000498109783477	-0.0001	0.0045001	0.000351788	0
2	0.000998036113485	-0.0001	0.0040001	0.000254752	0
3	0.00149796244349	-0.0001	0.0035001	0.000141502	0.000668827938245
4	0.00199798875877	-0.0001	0.003	0.000107646	0.000468016738741
5	0.00249781510351	-0.0001	0.0025001	6.59232e-05	0.000496355392873
6	0.00299774143352	-0.0001	0.0020001	5.97241e-05	0.000456411402226
7	0.00349862602943	-5e-05	0.0015	5.10218e-05	0.000448726736288
8	0.0039976940788	-0.0001	0.001	4.50613e-05	0.00046101685277
9	0.00449933697007	0.0	0.0005	3.83856e-05	0.000473587239835
10	0.00499926330008	0.0	0.0	3.43325e-05	0.000446225590924
11	0.00549823136419	-5e-05	-0.0004999	3.0637e-05	0.000486177902467
12	0.00599901597483	0.0	-0.0009999	3.17099e-05	0.000378683357061
13	0.00649894230484	0.0	-0.0014999	2.78951e-05	0.000407233298325
14	0.00699801035422	-5e-05	-0.0019999	2.26499e-05	0.00045374438982
15	0.00749879496486	0.0	-0.0024999	2.16962e-05	0.000429991787377
16	0.00799882128013	0.0	-0.003	2.08617e-05	0.000444500051896
17	0.00849950590551	5e-05	-0.0034999	2.02657e-05	0.00042488406775
18	0.00899943223552	5e-05	-0.0039999	1.84776e-05	0.000477530028222
19	0.00949935856552	5e-05	-0.0044999	1.5855e-05	0.000468294011856
20	0.00999928489553	5e-05	-0.0049999	1.81199e-05	0
21	0.0105009277868	0.00015	-0.0054999	1.39475e-05	0.000451396705783
0	0.0	0.0	0.005	0.000785951	0
1	0.000498171032781	-0.0001	0.0045001	0.000351788	0
2	0.000998102131423	-0.0001	0.0040001	0.000254752	0
3	0.00149803323006	-0.0001	0.0035001	0.000141502	0.000668827938245
4	0.00199806431493	-0.0001	0.003	0.000107646	0.000468016738741
5	0.00249789542735	-0.0001	0.0025001	6.59232e-05	0.000496355392873
6	0.00299782652599	-0.0001	0.0020001	5.97241e-05	0.000456411402226
7	0.00349868765067	-5e-05	0.0015	5.10218e-05	0.000448726736288
8	0.0039977887095	-0.0001	0.001	4.50613e-05	0.00046101685277
9	0.00449937988778	0.0	0.0005	3.83856e-05	0.000473587239835
10	0.00499931098642	0.0	0.0	3.43325e-05	0.000446225590924
11	0.00549831205902	-5e-05	-0.0004999	3.0637e-05	0.000486177902467
12	0.00599907319749	0.0	-0.0009999	3.17099e-05	0.000378683357061
13	0.00649900429613	0.0	-0.0014999	2.78951e-05	0.000407233298325
14	0.00699810535495	-5e-05	-0.0019999	2.26499e-05	0.00045374438982
15	0.00749886649341	0.0	-0.0024999	2.16962e-05	0.000429991787377
16	0.00799889757827	0.0	-0.003	2.08617e-05	0.000444500051896
17	0.00849955873052	5e-05	-0.0034999	2.02657e-05	0.00042488406775
18	0.00899948982916	5e-05	-0.0039999	1.84776e-05	0.000477530028222
19	0.0094994209278	5e-05	-0.0044999	1.5855e-05	0.000468294011856
20	0.00999935202644	5e-05	-0.0049999	1.81199e-05	0
21	0.0105009432047	0.00015	-0.0054999	1.39475e-05	0.000451396705783
22	0.0109992142237	5e-05	-0.0059999	1.56165e-05	0.000491632141296
0	0.0	0.0	0.005	0.000785951	0
1	0.000498236012632	-0.0001	0.0045001	0.000351788	0
2	0.000998172008827	-0.0001	0.0040001	0.000254752	0
3	0.00149810800502	-0.0001	0.0035001	0.000141502	0.000668827938245
4	0.00199814398841	-0.0001	0.003	0.000107646	0.000468016738741
5	0.00249797999741	-0.0001	0.0025001	6.59232e-05	0.000496355392873
6	0.0029979159936	-0.0001	0.0020001	5.97241e-05	0.000456411402226
7	0.00349875197518	-5e-05	0.0015	5.10218e-05	0.000448726736288
8	0.00399788797319	-0.0001	0.001	4.50613e-05	0.00046101685277
9	0.00449942396575	0.0	0.0005	3.83856e-05	0.000473587239835
10	0.00499935996194	0.0	0.0	3.43325e-05	0.000446225590924
11	0.00549839597276	-5e-05	-0.0004999	3.0637e-05	0.000486177902467
12	0.00599913196713	0.0	-0.0009999	3.17099e-05	0.000378683357061
13	0.00649906796333	0.0	-0.0014999	2.78951e-05	0.000407233298325
14	0.00699820396134	-5e-05	-0.0019999	2.26499e-05	0.00045374438982
15	0.00749893995572	0.0	-0.0024999	2.16962e-05	0.000429991787377
16	0.00799897593911	0.0	-0.003	2.08617e-05	0.000444500051896
17	0.00849961194629	5e-05	-0.0034999	2.02657e-05	0.00042488406775
18	0.00899954794248	5e-05	-0.0039999	1.84776e-05	0.000477530028222
19	0.00949948393868	5e-05	-0.0044999	1.5855e-05	0.000468294011856
20	0.00999941993487	5e-05	-0.0049999	1.81199e-05	0
21	0.0105009559274	0.00015	-0.0054999	1.39475e-05	0.000451396705783
22	0.0109992919273	5e-05	-0.0059999	1.56165e-05	0.000491632141296
23	0.0114993279107	5e-05	-0.0065	1.51396e-05	0.000439236843708
0	0.0	0.0	0.005	0.000785951	0
1	0.000498202795341	-0.0001	0.0045001	0.000351788	0
2	0.000998136308797	-0.0001	0.0040001	0.000254752	0
3	0.00149806982225	-0.0001	0.0035001	0.000141502	0.000668827938245
4	0.00199810332241	-0.0001	0.003	0.000107646	0.000468016738741
5	0.00249793684917	-0.0001	0.0025001	6.59232e-05	0.000496355392873
6	0.00299787036262	-0.0001	0.0020001	5.97241e-05	0.000456411402226
7	0.00349871922849	-5e-05	0.0015	5.10218e-05	0.000448726736288
8	0.00399783737624	-0.0001	0.001	4.50613e-05	0.00046101685277
9	0.0044994016211	0.0	0.0005	3.83856e-05	0.000473587239835
10	0.00499933513456	0.0	0.0	3.43325e-05	0.000446225590924
11	0.00549835329561	-5e-05	-0.0004999	3.0637e-05	0.000486177902467
12	0.00599910217477	0.0	-0.0009999	3.17099e-05	0.000378683357061
13	0.00649903568823	0.0	-0.0014999	2.78951e-05	0.000407233298325
14	0.00699815383598	-5e-05	-0.0019999	2.26499e-05	0.00045374438982
15	0.00749890271514	0.0	-0.0024999	2.16962e-05	0.000429991787377
16	0.0079989362153	0.0	-0.003	2.08617e-05	0.000444500051896
17	0.00849958510776	5e-05	-0.0034999	2.02657e-05	0.00042488406775
18	0.00899951862121	5e-05	-0.0039999	1.84776e-05	0.000477530028222
19	0.00949945213467	5e-05	-0.0044999	1.5855e-05	0.000468294011856
20	0.00999938564812	5e-05	-0.0049999	1.81199e-05	0
21	0.010500949893	0.00015	-0.0054999	1.39475e-05	0.000451396705783
22	0.010999252675	5e-05	-0.0059999	1.56165e-05	0.000491632141296
23	0.0114992861752	5e-05	-0.0065	1.51396e-05	0.000439236843708
24	0.0120000350544	0.0001	-0.007	1.46628e-05	0.00046200525414
0	0.0	0.0	0.005	0.000785951	0
1	0.000498283988964	-0.0001	0.0045001	0.000351788	0
2	0.000998223493635	-0.0001	0.0040001	0.000254752	0
3	0.00149816299831	-0.0001	0.0035001	0.000141502	0.000668827938245
4	0.00199820249088	-0.0001	0.003	0.000107646	0.000468016738741
5	0.00249804200765	-0.0001	0.0025001	6.59232e-05	0.000496355392873
6	0.00299798151232	-0.0001	0.0020001	5.97241e-05	0.000456411402226
7	0.0034987987688	-5e-05	0.0015	5.10218e-05	0.000448726736288
8	0.00399796050956	-0.0001	0.001	4.50613e-05	0.00046101685277
9	0.00449945554204	0.0	0.0005	3.83856e-05	0.000473587239835
10	0.00499939504671	0.0	0.0	3.43325e-05	0.000446225590924
11	0.00549845679958	-5e-05	-0.0004999	3.0637e-05	0.000486177902467
12	0.00599917406816	0.0	-0.0009999	3.17099e-05	0.000378683357061
13	0.00649911357283	0.0	-0.0014999	2.78951e-05	0.000407233298325
14	0.0069982753136	-5e-05	-0.0019999	2.26499e-05	0.00045374438982
15	0.00749899258217	0.0	-0.0024999	2.16962e-05	0.000429991787377
16	0.00799903207474	0.0	-0.003	2.08617e-05	0.000444500051896
17	0.00849964935542	5e-05	-0.0034999	2.02657e-05	0.00042488406775
18	0.00899958886009	5e-05	-0.0039999	1.84776e-05	0.000477530028222
19	0.00949952836476	5e-05	-0.0044999	1.5855e-05	0.000468294011856
20	0.00999946786943	5e-05	-0.0049999	1.81199e-05	0
21	0.0105009629019	0.00015	-0.0054999	1.39475e-05	0.000451396705783
22	0.0109993468788	5e-05	-0.0059999	1.56165e-05	0.000491632141296
23	0.0114993863713	5e-05	-0.0065	1.51396e-05	0.000439236843708
24	0.0120001036399	0.0001	-0.007	1.46628e-05	0.00046200525414
25	0.0124991653928	5e-05	-0.0074999	1.33515e-05	0
0	0.0	0.0	0.005	0.000785951	0
1	0.000498190403416	-0.0001	0.0045001	0.000351788	0
2	0.000998122979487	-0.0001	0.0040001	0.000254752	0
3	0.00149805555556	-0.0001	0.0035001	0.000141502	0.000668827938245
4	0.00199808811814	-0.0001	0.003	0.000107646	0.000468016738741
5	0.0024979207077	-0.0001	0.0025001	6.59232e-05	0.000496355392873
6	0.00299785328377	-0.0001	0.0020001	5.97241e-05	0.000456411402226
7	0.00349870693943	-5e-05	0.0015	5.10218e-05	0.000448726736288
8	0.00399781842243	-0.0001	0.001	4.50613e-05	0.00046101685277
9	0.00449939318464	0.0	0.0005	3.83856e-05	0.000473587239835
10	0.00499932576071	0.0	0.0	3.43325e-05	0.000446225590924
11	0.0054983372572	-5e-05	-0.0004999	3.0637e-05	0.000486177902467
12	0.00599909092634	0.0	-0.0009999	3.17099e-05	0.000378683357061
13	0.00649902350241	0.0	-0.0014999	2.78951e-05	0.000407233298325
14	0.00699813498541	-5e-05	-0.0019999	2.26499e-05	0.00045374438982
15	0.00749888865455	0.0	-0.0024999	2.16962e-05	0.000429991787377
16	0.00799892121714	0.0	-0.003	2.08617e-05	0.000444500051896
17	0.00849957489976	5e-05	-0.0034999	2.02657e-05	0.00042488406775
18	0.00899950747583	5e-05	-0.0039999	1.84776e-05	0.000477530028222
19	0.0094994400519	5e-05	-0.0044999	1.5855e-05	0.000468294011856
20	0.00999937262798	5e-05	-0.0049999	1.81199e-05	0
21	0.0105009473902	0.00015	-0.0054999	1.39475e-05	0.000451396705783
22	0.0109992377801	5e-05	-0.0059999	1.56165e-05	0.000491632141296
23	0.0114992703427	5e-05	-0.0065	1.51396e-05	0.000439236843708
24	0.0120000240118	0.0001	-0.007	1.46628e-05	0.00046200525414
25	0.0124990355083	5e-05	-0.0074999	1.33515e-05	0
26	0.0130006102705	0.00015	-0.0079999	1.50204e-05	0.000433731025097
0	0.0	0.0	0.005	0.000785951	0
1	0.000498208404384	-0.0001	0.0045001	0.000351788	0
2	0.00099814234014	-0.0001	0.0040001	0.000254752	0
3	0.0014980762759	-0.0001	0.0035001	0.000141502	0.000668827938245
4	0.00199811019844	-0.0001	0.003	0.000107646	0.000468016738741
5	0.00249794414741	-0.0001	0.0025001	6.59232e-05	0.000496355392873
6	0.00299787808316	-0.0001	0.0020001	5.97241e-05	0.000456411402226
7	0.003498724778	-5e-05	0.0015	5.10218e-05	0.000448726736288
8	0.00399784594146	-0.0001	0.001	4.50613e-05	0.00046101685277
9	0.0044994054218	0.0	0.0005	3.83856e-05	0.000473587239835
10	0.00499933935756	0.0	0.0	3.43325e-05	0.000446225590924
11	0.00549836053423	-5e-05	-0.0004999	3.0637e-05	0.000486177902467
12	0.00599910724228	0.0	-0.0009999	3.17099e-05	0.000378683357061
13	0.00649904117804	0.0	-0.0014999	2.78951e-05	0.000407233298325
14	0.0069981623415	-5e-05	-0.0019999	2.26499e-05	0.00045374438982
15	0.00749890904955	0.0	-0.0024999	2.16962e-05	0.000429991787377
16	0.00799894297209	0.0	-0.003	2.08617e-05	0.000444500051896
17	0.00849958969335	5e-05	-0.0034999	2.02657e-05	0.00042488406775
18	0.00899952362911	5e-05	-0.0039999	1.84776e-05	0.000477530028222
19	0.00949945756486	5e-05	-0.0044999	1.5855e-05	0.000468294011856
20	0.00999939150062	5e-05	-0.0049999	1.81199e-05	0
21	0.010500950981	0.00015	-0.0054999	1.39475e-05	0.000451396705783
22	0.0109992593721	5e-05	-0.0059999	1.56165e-05	0.000491632141296
23	0.0114992932947	5e-05	-0.0065	1.51396e-05	0.000439236843708
24	0.0120000400027	0.0001	-0.007	1.46628e-05	0.00046200525414
25	0.0124990611794	5e-05	-0.0074999	1.33515e-05	0
26	0.0130006206597	0.00015	-0.0079999	1.50204e-05	0.000433731025097
27	0.0134997418232	0.0001	-0.0084999	1.37091e-05	0
0	0.0	0.0	0.005	0.000785951	0
1	0.000498085607114	-0.0001	0.0045001	0.000351788	0
2	0.000998010014431	-0.0001	0.0040001	0.000254752	0
3	0.00149793442175	-0.0001	0.0035001	0.000141502	0.000668827938245
4	0.00199795881395	-0.0001	0.003	0.000107646	0.000468016738741
5	0.00249778323638	-0.0001	0.0025001	6.59232e-05	0.000496355392873
6	0.0029977076437	-0.0001	0.0020001	5.97241e-05	0.000456411402226
7	0.00349860144356	-5e-05	0.0015	5.10218e-05	0.000448726736288
8	0.00399765644322	-0.0001	0.001	4.50613e-05	0.00046101685277
9	0.00449931966586	0.0	0.0005	3.83856e-05	0.000473587239835
10	0.00499924407318	0.0	0.0	3.43325e-05	0.000446225590924
11	0.00549819908795	-5e-05	-0.0004999	3.0637e-05	0.000486177902467
12	0.00599899290293	0.0	-0.0009999	3.17099e-05	0.000378683357061
13	0.00649891731025	0.0	-0.0014999	2.78951e-05	0.000407233298325
14	0.0069979723099	-5e-05	-0.0019999	2.26499e-05	0.00045374438982
15	0.00749876612488	0.0	-0.0024999	2.16962e-05	0.000429991787377
16	0.00799879051708	0.0	-0.003	2.08617e-05	0.000444500051896
17	0.00849948434718	5e-05	-0.0034999	2.02657e-05	0.00042488406775
18	0.0089994087545	5e-05	-0.0039999	1.84776e-05	0.000477530028222
19	0.00949933316181	5e-05	-0.0044999	1.5855e-05	0.000468294011856
20	0.00999925756913	5e-05	-0.0049999	1.81199e-05	0
21	0.0105009207918	0.00015	-0.0054999	1.39475e-05	0.000451396705783
22	0.0109991063838	5e-05	-0.0059999	1.56165e-05	0.000491632141296
23	0.011499130776	5e-05	-0.0065	1.51396e-05	0.000439236843708
24	0.0119999245909	0.0001	-0.007	1.46628e-05	0.00046200525414
25	0.0124988796057	5e-05	-0.0074999	1.33515e-05	0
26	0.0130005428284	0.00015	-0.0079999	1.50204e-05	0.000433731025097
27	0.013499597828	0.0001	-0.0084999	1.37091e-05	0
28	0.0140012610507	0.0002	-0.0089999	1.1921e-05	0.000594391883765
0	0.0	0.0	0.005	0.000785951	0
1	0.000498067836332	-0.0001	0.0045001	0.000351788	0
2	0.000997990815857	-0.0001	0.0040001	0.000254752	0
3	0.00149791379538	-0.0001	0.0035001	0.000141502	0.000668827938245
4	0.0019979367595	-0.0001	0.003	0.000107646	0.000468016738741
5	0.00249775975443	-0.0001	0.0025001	6.59232e-05	0.000496355392873
6	0.00299768273396	-0.0001	0.0020001	5.97241e-05	0.000456411402226
7	0.00349858327738	-5e-05	0.0015	5.10218e-05	0.000448726736288
8	0.0039976286776	-0.0001	0.001	4.50613e-05	0.00046101685277
9	0.00449930681573	0.0	0.0005	3.83856e-05	0.000473587239835
10	0.00499922979525	0.0	0.0	3.43325e-05	0.000446225590924
11	0.00549817521088	-5e-05	-0.0004999	3.0637e-05	0.000486177902467
12	0.00599897576971	0.0	-0.0009999	3.17099e-05	0.000378683357061
13	0.00649889874923	0.0	-0.0014999	2.78951e-05	0.000407233298325
14	0.00699794414946	-5e-05	-0.0019999	2.26499e-05	0.00045374438982
15	0.00749874470828	0.0	-0.0024999	2.16962e-05	0.000429991787377
16	0.0079987676724	0.0	-0.003	2.08617e-05	0.000444500051896
17	0.00849946824663	5e-05	-0.0034999	2.02657e-05	0.00042488406775
18	0.00899939122616	5e-05	-0.0039999	1.84776e-05	0.000477530028222
19	0.00949931420568	5e-05	-0.0044999	1.5855e-05	0.000468294011856
20	0.00999923718521	5e-05	-0.0049999	1.81199e-05	0
21	0.0105009153233	0.00015	-0.0054999	1.39475e-05	0.000451396705783
22	0.0109990831443	5e-05	-0.0059999	1.56165e-05	0.000491632141296
23	0.0114991061084	5e-05	-0.0065	1.51396e-05	0.000439236843708
24	0.0119999066672	0.0001	-0.007	1.46628e-05	0.00046200525414
25	0.0124988520828	5e-05	-0.0074999	1.33515e-05	0
26	0.013000530221	0.00015	-0.0079999	1.50204e-05	0.000433731025097
27	0.0134995756212	0.0001	-0.0084999	1.37091e-05	0
28	0.0140012537593	0.0002	-0.0089999	1.1921e-05	0.000594391883765
29	0.0145003991441	0.00015	-0.0095	1.21594e-05	0.000554341238253
0	0.0	0.0	0.005	0.000785951	0
1	0.000498064826335	-0.0001	0.0045001	0.000351788	0
2	0.000997987562806	-0.0001	0.0040001	0.000254752	0
3	0.00149791029928	-0.0001	0.0035001	0.000141502	0.000668827938245
4	0.0019979330203	-0.0001	0.003	0.000107646	0.000468016738741
5	0.00249775577222	-0.0001	0.0025001	6.59232e-05	0.000496355392873
6	0.00299767850869	-0.0001	0.0020001	5.97241e-05	0.000456411402226
7	0.0034985801925	-5e-05	0.0015	5.10218e-05	0.000448726736288
8	0.00399762396618	-0.0001	0.001	4.50613e-05	0.00046101685277
9	0.00449930462824	0.0	0.0005	3.83856e-05	0.000473587239835
10	0.00499922736471	0.0	0.0	3.43325e-05	0.000446225590924
11	0.00549817115384	-5e-05	-0.0004999	3.0637e-05	0.000486177902467
12	0.0059989728531	0.0	-0.0009999	3.17099e-05	0.000378683357061
13	0.00649889558958	0.0	-0.0014999	2.78951e-05	0.000407233298325
14	0.00699793936325	-5e-05	-0.0019999	2.26499e-05	0.00045374438982
15	0.00749874106252	0.0	-0.0024999	2.16962e-05	0.000429991787377
16	0.00799876378354	0.0	-0.003	2.08617e-05	0.000444500051896
17	0.00849946549825	5e-05	-0.0034999	2.02657e-05	0.00042488406775
18	0.00899938823472	5e-05	-0.0039999	1.84776e-05	0.000477530028222
19	0.0094993109712	5e-05	-0.0044999	1.5855e-05	0.000468294011856
20	0.00999923370767	5e-05	-0.0049999	1.81199e-05	0
21	0.0105009143697	0.00015	-0.0054999	1.39475e-05	0.000451396705783
22	0.0109990791806	5e-05	-0.0059999	1.56165e-05	0.000491632141296
23	0.0114991019016	5e-05	-0.0065	1.51396e-05	0.000439236843708
24	0.0119999036009	0.0001	-0.007	1.46628e-05	0.00046200525414
25	0.01249884739	5e-05	-0.0074999	1.33515e-05	0
26	0.0130005280521	0.00015	-0.0079999	1.50204e-05	0.000433731025097
27	0.0134995718258	0.0001	-0.0084999	1.37091e-05	0
28	0.0140012524878	0.0002	-0.0089999	1.1921e-05	0.000594391883765
29	0.014500396246	0.00015	-0.0095	1.21594e-05	0.000554341238253
30	0.015000218998	0.00015	-0.0099999	1.18018e-05	0
0	0.0	0.0	0.005	0.000785951	0
1	0.000498011358972	-0.0001	0.0045001	0.000351788	0
2	0.000997929719469	-0.0001	0.0040001	0.000254752	0
3	0.00149784807997	-0.0001	0.0035001	0.000141502	0.000668827938245
4	0.00199786642414	-0.0001	0.003	0.000107646	0.000468016738741
5	0.00249768480096	-0.0001	0.0025001	6.59232e-05	0.000496355392873
6	0.00299760316146	-0.0001	0.0020001	5.97241e-05	0.000456411402226
7	0.00349852501455	-5e-05	0.0015	5.10218e-05	0.000448726736288
8	0.00399753986612	-0.0001	0.001	4.50613e-05	0.00046101685277
9	0.00449926524447	0.0	0.0005	3.83856e-05	0.000473587239835
10	0.00499918360497	0.0	0.0	3.43325e-05	0.000446225590924
11	0.00549809847287	-5e-05	-0.0004999	3.0637e-05	0.000486177902467
12	0.00599892034229	0.0	-0.0009999	3.17099e-05	0.000378683357061
13	0.00649883870279	0.0	-0.0014999	2.78951e-05	0.000407233298325
14	0.00699785355436	-5e-05	-0.0019999	2.26499e-05	0.00045374438982
15	0.00749867542378	0.0	-0.0024999	2.16962e-05	0.000429991787377
16	0.00799869376795	0.0	-0.003	2.08617e-05	0.000444500051896
17	0.0084994156537	5e-05	-0.0034999	2.02657e-05	0.00042488406775
18	0.0089993340142	5e-05	-0.0039999	1.84776e-05	0.000477530028222
19	0.0094992523747	5e-05	-0.0044999	1.5855e-05	0.000468294011856
20	0.00999917073519	5e-05	-0.0049999	1.81199e-05	0
21	0.0105008961135	0.00015	-0.0054999	1.39475e-05	0.000451396705783
22	0.0109990074562	5e-05	-0.0059999	1.56165e-05	0.000491632141296
23	0.0114990258004	5e-05	-0.0065	1.51396e-05	0.000439236843708
24	0.0119998476698	0.0001	-0.007	1.46628e-05	0.00046200525414
25	0.0124987625377	5e-05	-0.0074999	1.33515e-05	0
26	0.013000487916	0.00015	-0.0079999	1.50204e-05	0.000433731025097
27	0.0134995027676	0.0001	-0.0084999	1.37091e-05	0
28	0.0140012281459	0.0002	-0.0089999	1.1921e-05	0.000594391883765
29	0.0145003429812	0.00015	-0.0095	1.21594e-05	0.000554341238253
30	0.015000161358	0.00015	-0.0099999	1.18018e-05	0
31	0.0155009832274	0.0002	-0.0104999	1.29939e-05	0
0	0.0	0.0	0.005	0.000785951	0
1	0.000498093943326	-0.0001	0.0045001	0.000351788	0
2	0.000998019016179	-0.0001	0.0040001	0.000254752	0
3	0.00149794408903	-0.0001	0.0035001	0.000141502	0.000668827938245
4	0.0019979691469	-0.0001	0.003	0.000107646	0.000468016738741
5	0.00249779423474	-0.0001	0.0025001	6.59232e-05	0.000496355392873
6	0.00299771930759	-0.0001	0.0020001	5.97241e-05	0.000456411402226
7	0.00349860993771	-5e-05	0.0015	5.10218e-05	0.000448726736288
8	0.00399766943831	-0.0001	0.001	4.50613e-05	0.00046101685277
9	0.00449932565568	0.0	0.0005	3.83856e-05	0.000473587239835
10	0.00499925072853	0.0	0.0	3.43325e-05	0.000446225590924
11	0.00549821024411	-5e-05	-0.0004999	3.0637e-05	0.000486177902467
12	0.00599900088922	0.0	-0.0009999	3.17099e-05	0.000378683357061
13	0.00649892596207	0.0	-0.0014999	2.78951e-05	0.000407233298325
14	0.00699798546267	-5e-05	-0.0019999	2.26499e-05	0.00045374438982
15	0.00749877610778	0.0	-0.0024999	2.16962e-05	0.000429991787377
16	0.00799880116565	0.0	-0.003	2.08617e-05	0.000444500051896
17	0.00849949182574	5e-05	-0.0034999	2.02657e-05	0.00042488406775
18	0.00899941689859	5e-05	-0.0039999	1.84776e-05	0.000477530028222
19	0.00949934197145	5e-05	-0.0044999	1.5855e-05	0.000468294011856
20	0.0099992670443	5e-05	-0.0049999	1.81199e-05	0
21	0.0105009232617	0.00015	-0.0054999	1.39475e-05	0.000451396705783
22	0.01099911719	5e-05	-0.0059999	1.56165e-05	0.000491632141296
23	0.0114991422479	5e-05	-0.0065	1.51396e-05	0.000439236843708
24	0.011999932893	0.0001	-0.007	1.46628e-05	0.00046200525414
25	0.0124988924086	5e-05	-0.0074999	1.33515e-05	0
26	0.0130005486259	0.00015	-0.0079999	1.50204e-05	0.000433731025097
27	0.0134996081265	0.0001	-0.0084999	1.37091e-05	0
28	0.0140012643439	0.0002	-0.0089999	1.1921e-05	0.000594391883765
29	0.0145004238295	0.00015	-0.0095	1.21594e-05	0.000554341238253
30	0.0150002489173	0.00015	-0.0099999	1.18018e-05	0
31	0.0155010395624	0.0002	-0.0104999	1.29939e-05	0
32	0.0159993334758	0.0001	-0.011	1.08481e-05	0.000575510250037
0	0.0	0.0	0.005	0.000785951	0
1	0.000498062612785	-0.0001	0.0045001	0.000351788	0
2	0.00099798517029	-0.0001	0.0040001	0.000254752	0
3	0.00149790772779	-0.0001	0.0035001	0.000141502	0.000668827938245
4	0.00199793026981	-0.0001	0.003	0.000107646	0.000468016738741
5	0.0024977528428	-0.0001	0.0025001	6.59232e-05	0.000496355392873
6	0.00299767540031	-0.0001	0.0020001	5.97241e-05	0.000456411402226
7	0.00349857792243	-5e-05	0.0015	5.10218e-05	0.000448726736288
8	0.00399762049983	-0.0001	0.001	4.50613e-05	0.00046101685277
9	0.00449930301754	0.0	0.0005	3.83856e-05	0.000473587239835
10	0.00499922557504	0.0	0.0	3.43325e-05	0.000446225590924
11	0.00549816816793	-5e-05	-0.0004999	3.0637e-05	0.000486177902467
12	0.00599897070554	0.0	-0.0009999	3.17099e-05	0.000378683357061
13	0.00649889326305	0.0	-0.0014999	2.78951e-05	0.000407233298325
14	0.00699793584045	-5e-05	-0.0019999	2.26499e-05	0.00045374438982
15	0.00749873837805	0.0	-0.0024999	2.16962e-05	0.000429991787377
16	0.00799876092007	0.0	-0.003	2.08617e-05	0.000444500051896
17	0.00849946347317	5e-05	-0.0034999	2.02657e-05	0.00042488406775
18	0.00899938603067	5e-05	-0.0039999	1.84776e-05	0.000477530028222
19	0.00949930858817	5e-05	-0.0044999	1.5855e-05	0.000468294011856
20	0.00999923114568	5e-05	-0.0049999	1.81199e-05	0
21	0.0105009136634	0.00015	-0.0054999	1.39475e-05	0.000451396705783
22	0.0109990762607	5e-05	-0.0059999	1.56165e-05	0.000491632141296
23	0.0114990988027	5e-05	-0.0065	1.51396e-05	0.000439236843708
24	0.0119999013403	0.0001	-0.007	1.46628e-05	0.00046200525414
25	0.0124988439332	5e-05	-0.0074999	1.33515e-05	0
26	0.0130005264509	0.00015	-0.0079999	1.50204e-05	0.000433731025097
27	0.0134995690283	0.0001	-0.0084999	1.37091e-05	0
28	0.014001251546	0.0002	-0.0089999	1.1921e-05	0.000594391883765
29	0.0145003941079	0.00015	-0.0095	1.21594e-05	0.000554341238253
30	0.0150002166809	0.00015	-0.0099999	1.18018e-05	0
31	0.0155010192185	0.0002	-0.0104999	1.29939e-05	0
32	0.0159992818003	0.0001	-0.011	1.08481e-05	0.000575510250037
33	0.0165008643335	0.0002	-0.0114999	1.21594e-05	0.000389683156762
0	0.0	0.0	0.005	0.000785951	0
1	0.000498045438	-0.0001	0.0045001	0.000351788	0
2	0.000997966600452	-0.0001	0.0040001	0.000254752	0
3	0.0014978877629	-0.0001	0.0035001	0.000141502	0.000668827938245
4	0.00199790890959	-0.0001	0.003	0.000107646	0.000468016738741
5	0.00249773008781	-0.0001	0.0025001	6.59232e-05	0.000496355392873
6	0.00299765125026	-0.0001	0.0020001	5.97241e-05	0.000456411402226
7	0.00349856026705	-5e-05	0.0015	5.10218e-05	0.000448726736288
8	0.00399759355939	-0.0001	0.001	4.50613e-05	0.00046101685277
9	0.00449929046206	0.0	0.0005	3.83856e-05	0.000473587239835
10	0.00499921162452	0.0	0.0	3.43325e-05	0.000446225590924
11	0.00549814493262	-5e-05	-0.0004999	3.0637e-05	0.000486177902467
12	0.00599895396519	0.0	-0.0009999	3.17099e-05	0.000378683357061
13	0.00649887512764	0.0	-0.0014999	2.78951e-05	0.000407233298325
14	0.00699790841998	-5e-05	-0.0019999	2.26499e-05	0.00045374438982
15	0.00749871745254	0.0	-0.0024999	2.16962e-05	0.000429991787377
16	0.00799873859922	0.0	-0.003	2.08617e-05	0.000444500051896
17	0.00849944764755	5e-05	-0.0034999	2.02657e-05	0.00042488406775
18	0.00899936881	5e-05	-0.0039999	1.84776e-05	0.000477530028222
19	0.00949928997246	5e-05	-0.0044999	1.5855e-05	0.000468294011856
20	0.00999921113491	5e-05	-0.0049999	1.81199e-05	0
21	0.0105009080376	0.00015	-0.0054999	1.39475e-05	0.000451396705783
22	0.0109990534598	5e-05	-0.0059999	1.56165e-05	0.000491632141296
23	0.0114990746065	5e-05	-0.0065	1.51396e-05	0.000439236843708
24	0.0119998836391	0.0001	-0.007	1.46628e-05	0.00046200525414
25	0.0124988169472	5e-05	-0.0074999	1.33515e-05	0
26	0.0130005138498	0.00015	-0.0079999	1.50204e-05	0.000433731025097
27	0.0134995471422	0.0001	-0.0084999	1.37091e-05	0
28	0.0140012440448	0.0002	-0.0089999	1.1921e-05	0.000594391883765
29	0.0145003773214	0.00015	-0.0095	1.21594e-05	0.000554341238253
30	0.0150001984996	0.00015	-0.0099999	1.18018e-05	0
31	0.0155010075322	0.0002	-0.0104999	1.29939e-05	0
32	0.0159992529387	0.0001	-0.011	1.08481e-05	0.000575510250037
33	0.0165008498571	0.0002	-0.0114999	1.21594e-05	0.000389683156762
34	0.0170007710196	0.0002	-0.0119999	1.08481e-05	0
0	0.0	0.0	0.005	0.000785951	0
1	0.000498137533049	-0.0001	0.0045001	0.000351788	0
2	0.000998066041761	-0.0001	0.0040001	0.000254752	0
3	0.00149799455047	-0.0001	0.0035001	0.000141502	0.000668827938245
4	0.00199802304489	-0.0001	0.003	0.000107646	0.000468016738741
5	0.0024978515679	-0.0001	0.0025001	6.59232e-05	0.000496355392873
6	0.00299778007661	-0.0001	0.0020001	5.97241e-05	0.000456411402226
7	0.00349865406601	-5e-05	0.0015	5.10218e-05	0.000448726736288
8	0.00399773707974	-0.0001	0.001	4.50613e-05	0.00046101685277
9	0.00449935657841	0.0	0.0005	3.83856e-05	0.000473587239835
10	0.00499928508713	0.0	0.0	3.43325e-05	0.000446225590924
11	0.00549826811516	-5e-05	-0.0004999	3.0637e-05	0.000486177902467
12	0.00599904211885	0.0	-0.0009999	3.17099e-05	0.000378683357061
13	0.00649897062756	0.0	-0.0014999	2.78951e-05	0.000407233298325
14	0.00699805364129	-5e-05	-0.0019999	2.26499e-05	0.00045374438982
15	0.00749882764499	0.0	-0.0024999	2.16962e-05	0.000429991787377
16	0.0079988561394	0.0	-0.003	2.08617e-05	0.000444500051896
17	0.0084995301574	5e-05	-0.0034999	2.02657e-05	0.00042488406775
18	0.00899945866611	5e-05	-0.0039999	1.84776e-05	0.000477530028222
19	0.00949938717482	5e-05	-0.0044999	1.5855e-05	0.000468294011856
20	0.00999931568353	5e-05	-0.0049999	1.81199e-05	0
21	0.0105009351822	0.00015	-0.0054999	1.39475e-05	0.000451396705783
22	0.010999172701	5e-05	-0.0059999	1.56165e-05	0.000491632141296
23	0.0114992011954	5e-05	-0.0065	1.51396e-05	0.000439236843708
24	0.0119999751991	0.0001	-0.007	1.46628e-05	0.00046200525414
25	0.0124989582271	5e-05	-0.0074999	1.33515e-05	0
26	0.0130005777258	0.00015	-0.0079999	1.50204e-05	0.000433731025097
27	0.0134996607395	0.0001	-0.0084999	1.37091e-05	0
28	0.0140012802382	0.0002	-0.0089999	1.1921e-05	0.000594391883765
29	0.0145004632376	0.00015	-0.0095	1.21594e-05	0.000554341238253
30	0.0150002917606	0.00015	-0.0099999	1.18018e-05	0
31	0.0155010657643	0.0002	-0.0104999	1.29939e-05	0
32	0.0159994032688	0.0001	-0.011	1.08481e-05	0.000575510250037
33	0.0165009227817	0.0002	-0.0114999	1.21594e-05	0.000389683156762
34	0.0170008512905	0.0002	-0.0119999	1.08481e-05	0
35	0.0174990888092	0.0001	-0.0124999	1.00136e-05	0.000499796667696
0	0.0	0.0	0.005	0.000785951	0
1	0.00049831498241	-0.0001	0.0045001	0.000351788	0
2	0.000998256704753	-0.0001	0.0040001	0.000254752	0
3	0.0014981984271	-0.0001	0.0035001	0.000141502	0.000668827938245
4	0.00199824013778	-0.0001	0.003	0.000107646	0.000468016738741
5	0.00249808187178	-0.0001	0.0025001	6.59232e-05	0.000496355392873
6	0.00299802359413	-0.0001	0.0020001	5.97241e-05	0.000456411402226
7	0.00349882868061	-5e-05	0.0015	5.10218e-05	0.000448726736288
8	0.00399800702716	-0.0001	0.001	4.50613e-05	0.00046101685277
9	0.00449947550109	0.0	0.0005	3.83856e-05	0.000473587239835
10	0.00499941722343	0.0	0.0	3.43325e-05	0.000446225590924
11	0.00549849558164	-5e-05	-0.0004999	3.0637e-05	0.000486177902467
12	0.00599920067978	0.0	-0.0009999	3.17099e-05	0.000378683357061
13	0.00649914240212	0.0	-0.0014999	2.78951e-05	0.000407233298325
14	0.00699832074867	-5e-05	-0.0019999	2.26499e-05	0.00045374438982
15	0.00749902584681	0.0	-0.0024999	2.16962e-05	0.000429991787377
16	0.00799906755749	0.0	-0.003	2.08617e-05	0.000444500051896
17	0.00849967266729	5e-05	-0.0034999	2.02657e-05	0.00042488406775
18	0.00899961438963	5e-05	-0.0039999	1.84776e-05	0.000477530028222
19	0.00949955611197	5e-05	-0.0044999	1.5855e-05	0.000468294011856
20	0.00999949783432	5e-05	-0.0049999	1.81199e-05	0
21	0.0105009663082	0.00015	-0.0054999	1.39475e-05	0.000451396705783
22	0.010999381279	5e-05	-0.0059999	1.56165e-05	0.000491632141296
23	0.0114994229897	5e-05	-0.0065	1.51396e-05	0.000439236843708
24	0.0120001280878	0.0001	-0.007	1.46628e-05	0.00046200525414
25	0.012499206446	5e-05	-0.0074999	1.33515e-05	0
26	0.01300067492	0.00015	-0.0079999	1.50204e-05	0.000433731025097
27	0.0134998532665	0.0001	-0.0084999	1.37091e-05	0
28	0.0140013217404	0.0002	-0.0089999	1.1921e-05	0.000594391883765
29	0.0145006000753	0.00015	-0.0095	1.21594e-05	0.000554341238253
30	0.0150004418093	0.00015	-0.0099999	1.18018e-05	0
31	0.0155011469075	0.0002	-0.0104999	1.29939e-05	0
32	0.0159996618666	0.0001	-0.011	1.08481e-05	0.000575510250037
33	0.0165010303522	0.0002	-0.0114999	1.21594e-05	0.000389683156762
34	0.0170009720745	0.0002	-0.0119999	1.08481e-05	0
35	0.0174993870453	0.0001	-0.0124999	1.00136e-05	0.000499796667696
36	0.0179979020044	0.0	-0.013	9.65601e-06	0
0	0.0	0.0	0.005	0.000785951	0
1	0.000498384750791	-0.0001	0.0045001	0.000351788	0
2	0.000998331324034	-0.0001	0.0040001	0.000254752	0
3	0.00149827789728	-0.0001	0.0035001	0.000141502	0.000668827938245
4	0.00199832445983	-0.0001	0.003	0.000107646	0.000468016738741
5	0.00249817104376	-0.0001	0.0025001	6.59232e-05	0.000496355392873
6	0.002998117617	-0.0001	0.0020001	5.97241e-05	0.000456411402226
7	0.00349889509613	-5e-05	0.0015	5.10218e-05	0.000448726736288
8	0.0039981107528	-0.0001	0.001	4.50613e-05	0.00046101685277
9	0.00449951915918	0.0	0.0005	3.83856e-05	0.000473587239835
10	0.00499946573243	0.0	0.0	3.43325e-05	0.000446225590924
11	0.00549858139979	-5e-05	-0.0004999	3.0637e-05	0.000486177902467
12	0.0059992588896	0.0	-0.0009999	3.17099e-05	0.000378683357061
13	0.00649920546284	0.0	-0.0014999	2.78951e-05	0.000407233298325
14	0.00699842111951	-5e-05	-0.0019999	2.26499e-05	0.00045374438982
15	0.00749909860932	0.0	-0.0024999	2.16962e-05	0.000429991787377
16	0.00799914517188	0.0	-0.003	2.08617e-05	0.000444500051896
17	0.00849972267238	5e-05	-0.0034999	2.02657e-05	0.00042488406775
18	0.00899966924562	5e-05	-0.0039999	1.84776e-05	0.000477530028222
19	0.00949961581886	5e-05	-0.0044999	1.5855e-05	0.000468294011856
20	0.00999956239211	5e-05	-0.0049999	1.81199e-05	0
21	0.0105009707985	0.00015	-0.0054999	1.39475e-05	0.000451396705783
22	0.0109994555386	5e-05	-0.0059999	1.56165e-05	0.000491632141296
23	0.0114995021011	5e-05	-0.0065	1.51396e-05	0.000439236843708
24	0.012000179591	0.0001	-0.007	1.46628e-05	0.00046200525414
25	0.0124992952583	5e-05	-0.0074999	1.33515e-05	0
26	0.0130007036647	0.00015	-0.0079999	1.50204e-05	0.000433731025097
27	0.0134999193214	0.0001	-0.0084999	1.37091e-05	0
28	0.0140013277278	0.0002	-0.0089999	1.1921e-05	0.000594391883765
29	0.0145006433737	0.00015	-0.0095	1.21594e-05	0.000554341238253
30	0.0150004899577	0.00015	-0.0099999	1.18018e-05	0
31	0.0155011674475	0.0002	-0.0104999	1.29939e-05	0
32	0.0159997521769	0.0001	-0.011	1.08481e-05	0.000575510250037
33	0.016501060594	0.0002	-0.0114999	1.21594e-05	0.000389683156762
34	0.0170010071672	0.0002	-0.0119999	1.08481e-05	0
35	0.0174994919073	0.0001	-0.0124999	1.00136e-05	0.000499796667696
36	0.0179980766367	0.0	-0.013	9.65601e-06	0
37	0.0184993850538	0.0001	-0.0134999	9.05996e-06	0
0	0.0	0.0	0.005	0.000785951	0
1	0.000498367727312	-0.0001	0.0045001	0.000351788	0
2	0.00099831313504	-0.0001	0.0040001	0.000254752	0
3	0.00149825854277	-0.0001	0.0035001	0.000141502	0.000668827938245
4	0.00199830393958	-0.0001	0.003	0.000107646	0.000468016738741
5	0.00249814935822	-0.0001	0.0025001	6.59232e-05	0.000496355392873
6	0.00299809476595	-0.0001	0.0020001	5.97241e-05	0.000456411402226
7	0.00349887900843	-5e-05	0.0015	5.10218e-05	0.000448726736288
8	0.00399808557049	-0.0001	0.001	4.50613e-05	0.00046101685277
9	0.00449950866955	0.0	0.0005	3.83856e-05	0.000473587239835
10	0.00499945407728	0.0	0.0	3.43325e-05	0.000446225590924
11	0.00549856065026	-5e-05	-0.0004999	3.0637e-05	0.000486177902467
12	0.00599924490365	0.0	-0.0009999	3.17099e-05	0.000378683357061
13	0.00649919031138	0.0	-0.0014999	2.78951e-05	0.000407233298325
14	0.00699839687344	-5e-05	-0.0019999	2.26499e-05	0.00045374438982
15	0.00749908112683	0.0	-0.0024999	2.16962e-05	0.000429991787377
16	0.00799912652364	0.0	-0.003	2.08617e-05	0.000444500051896
17	0.00849971078796	5e-05	-0.0034999	2.02657e-05	0.00042488406775
18	0.00899965619568	5e-05	-0.0039999	1.84776e-05	0.000477530028222
19	0.00949960160341	5e-05	-0.0044999	1.5855e-05	0.000468294011856
20	0.00999954701114	5e-05	-0.0049999	1.81199e-05	0
21	0.0105009701102	0.00015	-0.0054999	1.39475e-05	0.000451396705783
22	0.0109994378266	5e-05	-0.0059999	1.56165e-05	0.000491632141296
23	0.0114994832234	5e-05	-0.0065	1.51396e-05	0.000439236843708
24	0.0120001674768	0.0001	-0.007	1.46628e-05	0.00046200525414
25	0.0124992740498	5e-05	-0.0074999	1.33515e-05	0
26	0.0130006971488	0.00015	-0.0079999	1.50204e-05	0.000433731025097
27	0.0134999037109	0.0001	-0.0084999	1.37091e-05	0
28	0.01400132681	0.0002	-0.0089999	1.1921e-05	0.000594391883765
29	0.0145006333611	0.00015	-0.0095	1.21594e-05	0.000554341238253
30	0.0150004787798	0.00015	-0.0099999	1.18018e-05	0
31	0.0155011630331	0.0002	-0.0104999	1.29939e-05	0
32	0.0159997307386	0.0001	-0.011	1.08481e-05	0.000575510250037
33	0.0165010538486	0.0002	-0.0114999	1.21594e-05	0.000389683156762
34	0.0170009992563	0.0002	-0.0119999	1.08481e-05	0
35	0.0174994669727	0.0001	-0.0124999	1.00136e-05	0.000499796667696
36	0.0179980346782	0.0	-0.013	9.65601e-06	0
37	0.0184993577882	0.0001	-0.0134999	9.05996e-06	0
38	0.0190007808872	0.0002	-0.0139999	7.98708e-06	0
0	0.0	0.0	0.005	0.000785951	0
1	0.000498240727761	-0.0001	0.0045001	0.000351788	0
2	0.000998177072828	-0.0001	0.0040001	0.000254752	0
3	0.0014981134179	-0.0001	0.0035001	0.000141502	0.000668827938245
4	0.00199814975023	-0.0001	0.003	0.000107646	0.000468016738741
5	0.00249798610803	-0.0001	0.0025001	6.59232e-05	0.000496355392873
6	0.0029979224531	-0.0001	0.0020001	5.97241e-05	0.000456411402226
7	0.00349875660045	-5e-05	0.0015	5.10218e-05	0.000448726736288
8	0.0039978951305	-0.0001	0.001	4.50613e-05	0.00046101685277
9	0.00449942710561	0.0	0.0005	3.83856e-05	0.000473587239835
10	0.00499936345068	0.0	0.0	3.43325e-05	0.000446225590924
11	0.00549840199346	-5e-05	-0.0004999	3.0637e-05	0.000486177902467
12	0.00599913615354	0.0	-0.0009999	3.17099e-05	0.000378683357061
13	0.00649907249861	0.0	-0.0014999	2.78951e-05	0.000407233298325
14	0.00699821102866	-5e-05	-0.0019999	2.26499e-05	0.00045374438982
15	0.00749894518874	0.0	-0.0024999	2.16962e-05	0.000429991787377
16	0.00799898152108	0.0	-0.003	2.08617e-05	0.000444500051896
17	0.0084996156939	5e-05	-0.0034999	2.02657e-05	0.00042488406775
18	0.00899955203897	5e-05	-0.0039999	1.84776e-05	0.000477530028222
19	0.00949948838403	5e-05	-0.0044999	1.5855e-05	0.000468294011856
20	0.0099994247291	5e-05	-0.0049999	1.81199e-05	0
21	0.0105009567042	0.00015	-0.0054999	1.39475e-05	0.000451396705783
22	0.0109992974192	5e-05	-0.0059999	1.56165e-05	0.000491632141296
23	0.0114993337516	5e-05	-0.0065	1.51396e-05	0.000439236843708
24	0.0120000679117	0.0001	-0.007	1.46628e-05	0.00046200525414
25	0.0124991064544	5e-05	-0.0074999	1.33515e-05	0
26	0.0130006384295	0.00015	-0.0079999	1.50204e-05	0.000433731025097
27	0.0134997769596	0.0001	-0.0084999	1.37091e-05	0
28	0.0140013089347	0.0002	-0.0089999	1.1921e-05	0.000594391883765
29	0.014500547452	0.00015	-0.0095	1.21594e-05	0.000554341238253
30	0.0150003838098	0.00015	-0.0099999	1.18018e-05	0
31	0.0155011179699	0.0002	-0.0104999	1.29939e-05	0
32	0.0159995586722	0.0001	-0.011	1.08481e-05	0.000575510250037
33	0.01650099066	0.0002	-0.0114999	1.21594e-05	0.000389683156762
34	0.0170009270051	0.0002	-0.0119999	1.08481e-05	0
35	0.0174992677201	0.0001	-0.0124999	1.00136e-05	0.000499796667696
36	0.0179977084224	0.0	-0.013	9.65601e-06	0
37	0.0184991404103	0.0001	-0.0134999	9.05996e-06	0
38	0.0190006723854	0.0002	-0.0139999	7.98708e-06	0
39	0.0195030021755	0.00035	-0.0144999	8.10629e-06	0
0	0.0	0.0	0.005	0.000785951	0
1	0.000498174672498	-0.0001	0.0045001	0.000351788	0
2	0.000998106049875	-0.0001	0.0040001	0.000254752	0
3	0.00149803742725	-0.0001	0.0035001	0.000141502	0.000668827938245
4	0.00199806879091	-0.0001	0.003	0.000107646	0.000468016738741
5	0.00249790018201	-0.0001	0.0025001	6.59232e-05	0.000496355392873
6	0.00299783155939	-0.0001	0.0020001	5.97241e-05	0.000456411402226
7	0.00349869128234	-5e-05	0.0015	5.10218e-05	0.000448726736288
8	0.00399779430042	-0.0001	0.001	4.50613e-05	0.00046101685277
9	0.0044993823964	0.0	0.0005	3.83856e-05	0.000473587239835
10	0.00499931377378	0.0	0.0	3.43325e-05	0.000446225590924
11	0.00549831680558	-5e-05	-0.0004999	3.0637e-05	0.000486177902467
12	0.00599907654226	0.0	-0.0009999	3.17099e-05	0.000378683357061
13	0.00649900791963	0.0	-0.0014999	2.78951e-05	0.000407233298325
14	0.00699811093771	-5e-05	-0.0019999	2.26499e-05	0.00045374438982
15	0.00749887067439	0.0	-0.0024999	2.16962e-05	0.000429991787377
16	0.00799890203804	0.0	-0.003	2.08617e-05	0.000444500051896
17	0.00849956178845	5e-05	-0.0034999	2.02657e-05	0.00042488406775
18	0.00899949316582	5e-05	-0.0039999	1.84776e-05	0.000477530028222
19	0.0094994245432	5e-05	-0.0044999	1.5855e-05	0.000468294011856
20	0.00999935592058	5e-05	-0.0049999	1.81199e-05	0
21	0.0105009440166	0.00015	-0.0054999	1.39475e-05	0.000451396705783
22	0.0109992186753	5e-05	-0.0059999	1.56165e-05	0.000491632141296
23	0.011499250039	5e-05	-0.0065	1.51396e-05	0.000439236843708
24	0.0120000097757	0.0001	-0.007	1.46628e-05	0.00046200525414
25	0.0124990128075	5e-05	-0.0074999	1.33515e-05	0
26	0.0130006009034	0.00015	-0.0079999	1.50204e-05	0.000433731025097
27	0.0134997039215	0.0001	-0.0084999	1.37091e-05	0
28	0.0140012920175	0.0002	-0.0089999	1.1921e-05	0.000594391883765
29	0.0145004950219	0.00015	-0.0095	1.21594e-05	0.000554341238253
30	0.015000326413	0.00015	-0.0099999	1.18018e-05	0
31	0.0155010861496	0.0002	-0.0104999	1.29939e-05	0
32	0.0159994607947	0.0001	-0.011	1.08481e-05	0.000575510250037
33	0.0165009489044	0.0002	-0.0114999	1.21594e-05	0.000389683156762
34	0.0170008802818	0.0002	-0.0119999	1.08481e-05	0
35	0.0174991549405	0.0001	-0.0124999	1.00136e-05	0.000499796667696
36	0.0179975295856	0.0	-0.013	9.65601e-06	0
37	0.0184990176953	0.0001	-0.0134999	9.05996e-06	0
38	0.0190006057913	0.0002	-0.0139999	7.98708e-06	0
39	0.0195030222466	0.00035	-0.0144999	8.10629e-06	0
40	0.0200021252646	0.0003	-0.0149999	7.03338e-06	0.00046867280868
