Your comment line - do NOT delete this line
Col 0: X-pos [m]
Col 1: Y-pos [m]
Col 2: Voltage [V]

Col 0		Col 1		Col 2
0.0315		1e-07		6.8665e-05
0.03145		1e-07		7.62944e-05
0.0314		1e-07		7.62944e-05
0.03135		1e-07		8.39238e-05
0.0313		1e-07		8.39238e-05
0.03125		1e-07		8.39238e-05
0.0312		1e-07		9.15532e-05
0.03115		1e-07		9.15532e-05
0.0311		1e-07		9.15532e-05
0.03105		1e-07		9.15532e-05
0.031		1e-07		9.15532e-05
0.03095		1e-07		9.15532e-05
0.0309		1e-07		9.91826e-05
0.03085		1e-07		9.91826e-05
0.0308		1e-07		9.91826e-05
0.03075		1e-07		9.91826e-05
0.0307		1e-07		0.000114441
0.03065		1e-07		0.000122071
0.0306		1e-07		0.000129701
0.03055		1e-07		0.00013733
0.0305		1e-07		0.000144959
0.03045		1e-07		0.000152589
0.0304		1e-07		0.000167848
0.03035		1e-07		0.000190736
0.0303		1e-07		0.000213624
0.03025		1e-07		0.00027466
0.0302		1e-07		0.000473024
0.03015		1e-07		0.0013733
0.0301		1e-07		0.00564578
0.03005		1e-07		0.0144654
0.03		1e-07		0.0213319
0.02995		1e-07		0.0286256
0.0299		1e-07		0.0364306
0.02985		1e-07		0.0413134
0.0298		1e-07		0.0419848
0.02975		1e-07		0.039017
0.0297		1e-07		0.0308458
0.02965		1e-07		0.0194932
0.0296		1e-07		0.00825506
0.02955		1e-07		0.00245668
0.0295		1e-07		0.000717167
0.02945		1e-07		0.000343325
0.0294		1e-07		0.000259401
0.02935		1e-07		0.000213624
0.0293		1e-07		0.000190736
0.02925		1e-07		0.000167848
0.0292		1e-07		0.000160218
0.02915		1e-07		0.000152589
0.0291		1e-07		0.000144959
0.02905		1e-07		0.00013733
0.029		1e-07		0.000129701
0.029		-0.0004999		0.000106812
0.02905		-0.0004999		0.000114441
0.0291		-0.0004999		0.00013733
0.02915		-0.0004999		0.000152589
0.0292		-0.0004999		0.000160218
0.02925		-0.0004999		0.000175477
0.0293		-0.0004999		0.000221253
0.02935		-0.0004999		0.000289919
0.0294		-0.0004999		0.000411989
0.02945		-0.0004999		0.000663761
0.0295		-0.0004999		0.00185395
0.02955		-0.0004999		0.00587466
0.0296		-0.0004999		0.0164033
0.02965		-0.0004999		0.0306245
0.0297		-0.0004999		0.047333
0.02975		-0.0004999		0.0899205
0.0298		-0.0004999		0.106369
0.02985		-0.0004999		0.1073
0.0299		-0.0004999		0.104599
0.02995		-0.0004999		0.0843968
0.03		-0.0004999		0.0432208
0.03005		-0.0004999		0.0220796
0.0301		-0.0004999		0.0132523
0.03015		-0.0004999		0.00669864
0.0302		-0.0004999		0.00240327
0.03025		-0.0004999		0.000900272
0.0303		-0.0004999		0.000495914
0.03035		-0.0004999		0.000312807
0.0304		-0.0004999		0.000213624
0.03045		-0.0004999		0.000167848
0.0305		-0.0004999		0.000144959
0.03055		-0.0004999		0.000129701
0.0306		-0.0004999		0.000122071
0.03065		-0.0004999		0.000106812
0.0307		-0.0004999		9.91826e-05
0.03075		-0.0004999		9.91826e-05
0.0308		-0.0004999		9.15532e-05
0.03085		-0.0004999		7.62944e-05
0.0309		-0.0004999		7.62944e-05
0.03095		-0.0004999		7.62944e-05
0.031		-0.0004999		7.62944e-05
0.03105		-0.0004999		6.8665e-05
0.0311		-0.0004999		7.62944e-05
0.03115		-0.0004999		6.8665e-05
0.0312		-0.0004999		6.8665e-05
0.03125		-0.0004999		6.8665e-05
0.0313		-0.0004999		6.8665e-05
0.03135		-0.0004999		6.10356e-05
0.0314		-0.0004999		6.10356e-05
0.03145		-0.0004999		5.3406e-05
0.0315		-0.0004999		6.10356e-05
0.0315		-0.0009999		0.000129701
0.03145		-0.0009999		0.000160218
0.0314		-0.0009999		0.000183106
0.03135		-0.0009999		0.000205995
0.0313		-0.0009999		0.000205995
0.03125		-0.0009999		0.000198365
0.0312		-0.0009999		0.000183106
0.03115		-0.0009999		0.000167848
0.0311		-0.0009999		0.000160218
0.03105		-0.0009999		0.00013733
0.031		-0.0009999		0.000122071
0.03095		-0.0009999		0.000106812
0.0309		-0.0009999		9.91826e-05
0.03085		-0.0009999		9.15532e-05
0.0308		-0.0009999		8.39238e-05
0.03075		-0.0009999		7.62944e-05
0.0307		-0.0009999		7.62944e-05
0.03065		-0.0009999		7.62944e-05
0.0306		-0.0009999		7.62944e-05
0.03055		-0.0009999		7.62944e-05
0.0305		-0.0009999		8.39238e-05
0.03045		-0.0009999		9.91826e-05
0.0304		-0.0009999		0.000122071
0.03035		-0.0009999		0.000152589
0.0303		-0.0009999		0.000205995
0.03025		-0.0009999		0.000282289
0.0302		-0.0009999		0.000579838
0.03015		-0.0009999		0.0016861
0.0301		-0.0009999		0.00337984
0.03005		-0.0009999		0.00517276
0.03		-0.0009999		0.00669864
0.02995		-0.0009999		0.00801092
0.0299		-0.0009999		0.0088883
0.02985		-0.0009999		0.00908667
0.0298		-0.0009999		0.00847632
0.02975		-0.0009999		0.00685123
0.0297		-0.0009999		0.00468448
0.02965		-0.0009999		0.00277711
0.0296		-0.0009999		0.001503
0.02955		-0.0009999		0.000747684
0.0295		-0.0009999		0.00040436
0.02945		-0.0009999		0.00027466
0.0294		-0.0009999		0.000213624
0.02935		-0.0009999		0.000167848
0.0293		-0.0009999		0.000144959
0.02925		-0.0009999		0.000122071
0.0292		-0.0009999		0.000106812
0.02915		-0.0009999		9.91826e-05
0.0291		-0.0009999		9.15532e-05
0.02905		-0.0009999		8.39238e-05
0.029		-0.0009999		8.39238e-05
0.029		-0.0014999		7.62944e-05
0.02905		-0.0014999		8.39238e-05
0.0291		-0.0014999		9.15532e-05
0.02915		-0.0014999		9.91826e-05
0.0292		-0.0014999		9.91826e-05
0.02925		-0.0014999		0.000114441
0.0293		-0.0014999		0.000122071
0.02935		-0.0014999		0.00013733
0.0294		-0.0014999		0.000152589
0.02945		-0.0014999		0.000183106
0.0295		-0.0014999		0.000213624
0.02955		-0.0014999		0.000282289
0.0296		-0.0014999		0.000419619
0.02965		-0.0014999		0.000701908
0.0297		-0.0014999		0.00113679
0.02975		-0.0014999		0.00157929
0.0298		-0.0014999		0.0018921
0.02985		-0.0014999		0.00205995
0.0299		-0.0014999		0.00210573
0.02995		-0.0014999		0.00200655
0.03		-0.0014999		0.0018158
0.03005		-0.0014999		0.00151826
0.0301		-0.0014999		0.00107575
0.03015		-0.0014999		0.000648502
0.0302		-0.0014999		0.000373842
0.03025		-0.0014999		0.000259401
0.0303		-0.0014999		0.000205995
0.03035		-0.0014999		0.000167848
0.0304		-0.0014999		0.000152589
0.03045		-0.0014999		0.000129701
0.0305		-0.0014999		0.000129701
0.03055		-0.0014999		0.000114441
0.0306		-0.0014999		9.91826e-05
0.03065		-0.0014999		9.91826e-05
0.0307		-0.0014999		8.39238e-05
0.03075		-0.0014999		7.62944e-05
0.0308		-0.0014999		6.8665e-05
0.03085		-0.0014999		6.10356e-05
0.0309		-0.0014999		5.3406e-05
0.03095		-0.0014999		5.3406e-05
0.031		-0.0014999		5.3406e-05
0.03105		-0.0014999		4.57766e-05
0.0311		-0.0014999		4.57766e-05
0.03115		-0.0014999		4.57766e-05
0.0312		-0.0014999		4.57766e-05
0.03125		-0.0014999		4.57766e-05
0.0313		-0.0014999		4.57766e-05
0.03135		-0.0014999		4.57766e-05
0.0314		-0.0014999		3.81472e-05
0.03145		-0.0014999		3.81472e-05
0.0315		-0.0014999		3.81472e-05
0.0315		-0.0019999		3.05178e-05
0.03145		-0.0019999		3.81472e-05
0.0314		-0.0019999		3.05178e-05
0.03135		-0.0019999		3.05178e-05
0.0313		-0.0019999		3.05178e-05
0.03125		-0.0019999		3.05178e-05
0.0312		-0.0019999		3.05178e-05
0.03115		-0.0019999		3.05178e-05
0.0311		-0.0019999		3.05178e-05
0.03105		-0.0019999		3.81472e-05
0.031		-0.0019999		3.81472e-05
0.03095		-0.0019999		3.81472e-05
0.0309		-0.0019999		3.81472e-05
0.03085		-0.0019999		3.81472e-05
0.0308		-0.0019999		3.81472e-05
0.03075		-0.0019999		4.57766e-05
0.0307		-0.0019999		4.57766e-05
0.03065		-0.0019999		4.57766e-05
0.0306		-0.0019999		4.57766e-05
0.03055		-0.0019999		4.57766e-05
0.0305		-0.0019999		4.57766e-05
0.03045		-0.0019999		4.57766e-05
0.0304		-0.0019999		5.3406e-05
0.03035		-0.0019999		5.3406e-05
0.0303		-0.0019999		6.10356e-05
0.03025		-0.0019999		7.62944e-05
0.0302		-0.0019999		9.91826e-05
0.03015		-0.0019999		0.000190736
0.0301		-0.0019999		0.000328066
0.03005		-0.0019999		0.000495914
0.03		-0.0019999		0.000610355
0.02995		-0.0019999		0.00067902
0.0299		-0.0019999		0.000694279
0.02985		-0.0019999		0.00067902
0.0298		-0.0019999		0.000633243
0.02975		-0.0019999		0.000526432
0.0297		-0.0019999		0.000389101
0.02965		-0.0019999		0.000236512
0.0296		-0.0019999		0.000144959
0.02955		-0.0019999		9.91826e-05
0.0295		-0.0019999		7.62944e-05
0.02945		-0.0019999		6.8665e-05
0.0294		-0.0019999		5.3406e-05
0.02935		-0.0019999		4.57766e-05
0.0293		-0.0019999		4.57766e-05
0.02925		-0.0019999		4.57766e-05
0.0292		-0.0019999		4.57766e-05
0.02915		-0.0019999		4.57766e-05
0.0291		-0.0019999		4.57766e-05
0.02905		-0.0019999		4.57766e-05
0.029		-0.0019999		3.81472e-05
0.029		-0.0024999		4.10082e-05
0.02905		-0.0024999		3.98757e-05
0.0291		-0.0024999		4.20811e-05
0.02915		-0.0024999		4.10678e-05
0.0292		-0.0024999		4.22003e-05
0.02925		-0.0024999		4.04718e-05
0.0293		-0.0024999		4.23195e-05
0.02935		-0.0024999		4.1187e-05
0.0294		-0.0024999		4.5419e-05
0.02945		-0.0024999		4.75051e-05
0.0295		-0.0024999		4.98893e-05
0.02955		-0.0024999		5.72207e-05
0.0296		-0.0024999		7.07512e-05
0.02965		-0.0024999		0.000103176
0.0297		-0.0024999		0.000171543
0.02975		-0.0024999		0.000252666
0.0298		-0.0024999		0.000322701
0.02985		-0.0024999		0.000361206
0.0299		-0.0024999		0.000378909
0.02995		-0.0024999		0.000374915
0.03		-0.0024999		0.000353934
0.03005		-0.0024999		0.000307085
0.0301		-0.0024999		0.000236453
0.03015		-0.0024999		0.000152648
0.0302		-0.0024999		8.54735e-05
0.03025		-0.0024999		5.95453e-05
0.0303		-0.0024999		5.0545e-05
0.03035		-0.0024999		4.49421e-05
0.0304		-0.0024999		4.375e-05
0.03045		-0.0024999		4.20215e-05
0.0305		-0.0024999		4.10082e-05
0.03055		-0.0024999		4.25579e-05
0.0306		-0.0024999		4.22599e-05
0.03065		-0.0024999		3.95181e-05
0.0307		-0.0024999		4.0889e-05
0.03075		-0.0024999		3.95777e-05
0.0308		-0.0024999		4.10678e-05
0.03085		-0.0024999		3.96969e-05
0.0309		-0.0024999		3.773e-05
0.03095		-0.0024999		3.8624e-05
0.031		-0.0024999		3.99353e-05
0.03105		-0.0024999		4.10082e-05
0.0311		-0.0024999		3.8326e-05
0.03115		-0.0024999		3.92797e-05
0.0312		-0.0024999		3.84452e-05
0.03125		-0.0024999		4.6015e-05
0.0313		-0.0024999		4.59554e-05
0.03135		-0.0024999		4.91741e-05
0.0314		-0.0024999		5.10218e-05
0.03145		-0.0024999		4.91145e-05
0.0315		-0.0024999		5.02469e-05
0.0315		-0.0029999		2.76865e-05
0.03145		-0.0029999		2.87892e-05
0.0314		-0.0029999		2.85209e-05
0.03135		-0.0029999		3.11735e-05
0.0313		-0.0029999		3.25146e-05
0.03125		-0.0029999		3.38855e-05
0.0312		-0.0029999		3.47795e-05
0.03115		-0.0029999		3.7879e-05
0.0311		-0.0029999		3.98757e-05
0.03105		-0.0029999		3.83856e-05
0.031		-0.0029999		4.16639e-05
0.03095		-0.0029999		4.48229e-05
0.0309		-0.0029999		4.71773e-05
0.03085		-0.0029999		4.79522e-05
0.0308		-0.0029999		4.91741e-05
0.03075		-0.0029999		4.81608e-05
0.0307		-0.0029999		4.90251e-05
0.03065		-0.0029999		4.74455e-05
0.0306		-0.0029999		4.85482e-05
0.03055		-0.0029999		4.64621e-05
0.0305		-0.0029999		4.44355e-05
0.03045		-0.0029999		4.64024e-05
0.0304		-0.0029999		4.79522e-05
0.03035		-0.0029999		5.11708e-05
0.0303		-0.0029999		5.50451e-05
0.03025		-0.0029999		6.27046e-05
0.0302		-0.0029999		8.78875e-05
0.03015		-0.0029999		0.000149847
0.0301		-0.0029999		0.000234426
0.03005		-0.0029999		0.000296475
0.03		-0.0029999		0.000335189
0.02995		-0.0029999		0.000352832
0.0299		-0.0029999		0.000355871
0.02985		-0.0029999		0.000344517
0.0298		-0.0029999		0.000312002
0.02975		-0.0029999		0.000253024
0.0297		-0.0029999		0.000167877
0.02965		-0.0029999		0.000101656
0.0296		-0.0029999		7.13174e-05
0.02955		-0.0029999		5.75783e-05
0.0295		-0.0029999		5.16179e-05
0.02945		-0.0029999		4.84886e-05
0.0294		-0.0029999		4.6313e-05
0.02935		-0.0029999		4.49421e-05
0.0293		-0.0029999		4.18129e-05
0.02925		-0.0029999		4.29156e-05
0.0292		-0.0029999		4.29454e-05
0.02915		-0.0029999		3.99353e-05
0.0291		-0.0029999		3.93095e-05
0.02905		-0.0029999		4.11274e-05
0.029		-0.0029999		4.18725e-05
0.029		-0.0034999		2.36334e-05
0.02905		-0.0034999		2.31565e-05
0.0291		-0.0034999		2.39016e-05
0.02915		-0.0034999		2.3544e-05
0.0292		-0.0034999		2.50937e-05
0.02925		-0.0034999		2.91468e-05
0.0293		-0.0034999		3.44219e-05
0.02935		-0.0034999		3.96373e-05
0.0294		-0.0034999		4.59256e-05
0.02945		-0.0034999		5.56114e-05
0.0295		-0.0034999		6.88736e-05
0.02955		-0.0034999		8.10032e-05
0.0296		-0.0034999		9.37586e-05
0.02965		-0.0034999		0.000112445
0.0297		-0.0034999		0.000147224
0.02975		-0.0034999		0.000201018
0.0298		-0.0034999		0.000249328
0.02985		-0.0034999		0.000278862
0.0299		-0.0034999		0.000283958
0.02995		-0.0034999		0.000282021
0.03		-0.0034999		0.000270309
0.03005		-0.0034999		0.000247629
0.0301		-0.0034999		0.000212462
0.03015		-0.0034999		0.000157774
0.0302		-0.0034999		0.000111133
0.03025		-0.0034999		8.22847e-05
0.0303		-0.0034999		7.46851e-05
0.03035		-0.0034999		7.6205e-05
0.0304		-0.0034999		7.90958e-05
0.03045		-0.0034999		7.66222e-05
0.0305		-0.0034999		6.63106e-05
0.03055		-0.0034999		5.96347e-05
0.0306		-0.0034999		5.98135e-05
0.03065		-0.0034999		5.40616e-05
0.0307		-0.0034999		5.19159e-05
0.03075		-0.0034999		5.27801e-05
0.0308		-0.0034999		5.42405e-05
0.03085		-0.0034999		5.87406e-05
0.0309		-0.0034999		7.47447e-05
0.03095		-0.0034999		8.24337e-05
0.031		-0.0034999		8.97353e-05
0.03105		-0.0034999		8.48179e-05
0.0311		-0.0034999		7.95727e-05
0.03115		-0.0034999		7.10194e-05
0.0312		-0.0034999		5.3555e-05
0.03125		-0.0034999		3.71041e-05
0.0313		-0.0034999		2.41698e-05
0.03135		-0.0034999		1.9014e-05
0.0314		-0.0034999		1.73749e-05
0.03145		-0.0034999		1.94014e-05
0.0315		-0.0034999		2.20538e-05
0.0315		-0.0039999		5.18563e-06
0.03145		-0.0039999		6.19891e-06
0.0314		-0.0039999		7.3016e-06
0.03135		-0.0039999		8.61293e-06
0.0313		-0.0039999		9.05996e-06
0.03125		-0.0039999		9.14937e-06
0.0312		-0.0039999		6.79496e-06
0.03115		-0.0039999		4.38097e-06
0.0311		-0.0039999		5.63267e-06
0.03105		-0.0039999		6.61614e-06
0.031		-0.0039999		7.98708e-06
0.03095		-0.0039999		7.80827e-06
0.0309		-0.0039999		8.10629e-06
0.03085		-0.0039999		6.25852e-06
0.0308		-0.0039999		7.12278e-06
0.03075		-0.0039999		8.76194e-06
0.0307		-0.0039999		7.62945e-06
0.03065		-0.0039999		7.77846e-06
0.0306		-0.0039999		1.0103e-05
0.03055		-0.0039999		1.05799e-05
0.0305		-0.0039999		9.03016e-06
0.03045		-0.0039999		9.38779e-06
0.0304		-0.0039999		1.06097e-05
0.03035		-0.0039999		1.35303e-05
0.0303		-0.0039999		1.57953e-05
0.03025		-0.0039999		2.63752e-05
0.0302		-0.0039999		4.97105e-05
0.03015		-0.0039999		9.02121e-05
0.0301		-0.0039999		0.000130565
0.03005		-0.0039999		0.000159056
0.03		-0.0039999		0.000178427
0.02995		-0.0039999		0.000186295
0.0299		-0.0039999		0.000182689
0.02985		-0.0039999		0.000169517
0.0298		-0.0039999		0.000140549
0.02975		-0.0039999		9.98084e-05
0.0297		-0.0039999		5.8979e-05
0.02965		-0.0039999		3.15311e-05
0.0296		-0.0039999		1.78815e-05
0.02955		-0.0039999		1.33813e-05
0.0295		-0.0039999		1.30237e-05
0.02945		-0.0039999		1.04905e-05
0.0294		-0.0039999		9.32819e-06
0.02935		-0.0039999		7.95728e-06
0.0293		-0.0039999		7.74866e-06
0.02925		-0.0039999		6.37773e-06
0.0292		-0.0039999		7.89767e-06
0.02915		-0.0039999		1.07587e-05
0.0291		-0.0039999		7.15259e-06
0.02905		-0.0039999		7.62945e-06
0.029		-0.0039999		8.49372e-06
0.029		-0.0045		6.0201e-06
0.02905		-0.0045		5.12603e-06
0.0291		-0.0045		6.28832e-06
0.02915		-0.0045		7.2718e-06
0.0292		-0.0045		8.16589e-06
0.02925		-0.0045		6.49694e-06
0.0293		-0.0045		5.48366e-06
0.02935		-0.0045		8.37451e-06
0.0294		-0.0045		7.21219e-06
0.02945		-0.0045		8.76194e-06
0.0295		-0.0045		8.34471e-06
0.02955		-0.0045		1.09375e-05
0.0296		-0.0045		9.62621e-06
0.02965		-0.0045		1.70172e-05
0.0297		-0.0045		3.06966e-05
0.02975		-0.0045		6.20191e-05
0.0298		-0.0045		9.36394e-05
0.02985		-0.0045		0.000127018
0.0299		-0.0045		0.000143708
0.02995		-0.0045		0.000148983
0.03		-0.0045		0.000147671
0.03005		-0.0045		0.000139535
0.0301		-0.0045		0.000118226
0.03015		-0.0045		9.05399e-05
0.0302		-0.0045		5.76677e-05
0.03025		-0.0045		2.90276e-05
0.0303		-0.0045		1.64212e-05
0.03035		-0.0045		1.2219e-05
0.0304		-0.0045		1.07587e-05
0.03045		-0.0045		7.56982e-06
0.0305		-0.0045		6.61614e-06
0.03055		-0.0045		8.16589e-06
0.0306		-0.0045		5.30484e-06
0.03065		-0.0045		5.75188e-06
0.0307		-0.0045		5.90089e-06
0.03075		-0.0045		5.57306e-06
0.0308		-0.0045		6.61614e-06
0.03085		-0.0045		6.64595e-06
0.0309		-0.0045		5.69227e-06
0.03095		-0.0045		4.38097e-06
0.031		-0.0045		8.01688e-06
0.03105		-0.0045		2.68222e-06
0.0311		-0.0045		4.7982e-06
0.03115		-0.0045		4.94721e-06
0.0312		-0.0045		5.36445e-06
0.03125		-0.0045		7.06318e-06
0.0313		-0.0045		4.7088e-06
0.03135		-0.0045		6.76516e-06
0.0314		-0.0045		7.56982e-06
0.03145		-0.0045		6.52674e-06
0.0315		-0.0045		3.75511e-06
0.0315		-0.005		5.36445e-06
0.03145		-0.005		5.00682e-06
0.0314		-0.005		4.20216e-06
0.03135		-0.005		6.70555e-06
0.0313		-0.005		5.51346e-06
0.03125		-0.005		4.61939e-06
0.0312		-0.005		4.50018e-06
0.03115		-0.005		5.36445e-06
0.0311		-0.005		4.7386e-06
0.03105		-0.005		4.91741e-06
0.031		-0.005		3.03985e-06
0.03095		-0.005		4.97702e-06
0.0309		-0.005		5.63267e-06
0.03085		-0.005		3.6955e-06
0.0308		-0.005		4.7982e-06
0.03075		-0.005		3.21867e-06
0.0307		-0.005		5.09623e-06
0.03065		-0.005		4.29156e-06
0.0306		-0.005		3.6061e-06
0.03055		-0.005		5.06642e-06
0.0305		-0.005		5.57306e-06
0.03045		-0.005		7.80827e-06
0.0304		-0.005		8.34471e-06
0.03035		-0.005		1.10567e-05
0.0303		-0.005		1.48118e-05
0.03025		-0.005		2.39314e-05
0.0302		-0.005		4.96509e-05
0.03015		-0.005		7.68309e-05
0.0301		-0.005		9.87058e-05
0.03005		-0.005		0.000114114
0.03		-0.005		0.000123621
0.02995		-0.005		0.000127257
0.0299		-0.005		0.000125051
0.02985		-0.005		0.000108064
0.0298		-0.005		8.06754e-05
0.02975		-0.005		5.01873e-05
0.0297		-0.005		3.0786e-05
0.02965		-0.005		1.75239e-05
0.0296		-0.005		1.08779e-05
0.02955		-0.005		8.01688e-06
0.0295		-0.005		9.03016e-06
0.02945		-0.005		6.37773e-06
0.0294		-0.005		7.92748e-06
0.02935		-0.005		3.18886e-06
0.0293		-0.005		5.63267e-06
0.02925		-0.005		6.28832e-06
0.0292		-0.005		5.45385e-06
0.02915		-0.005		4.88761e-06
0.0291		-0.005		6.25852e-06
0.02905		-0.005		5.24524e-06
0.029		-0.005		6.64595e-06
0.029		-0.0054999		7.3612e-06
0.02905		-0.0054999		5.84128e-06
0.0291		-0.0054999		4.29156e-06
0.02915		-0.0054999		3.7253e-06
0.0292		-0.0054999		4.85781e-06
0.02925		-0.0054999		4.55978e-06
0.0293		-0.0054999		5.45385e-06
0.02935		-0.0054999		6.91417e-06
0.0294		-0.0054999		6.13931e-06
0.02945		-0.0054999		5.42405e-06
0.0295		-0.0054999		8.01688e-06
0.02955		-0.0054999		8.1957e-06
0.0296		-0.0054999		7.59962e-06
0.02965		-0.0054999		1.32323e-05
0.0297		-0.0054999		1.93716e-05
0.02975		-0.0054999		3.18887e-05
0.0298		-0.0054999		5.18265e-05
0.02985		-0.0054999		7.79931e-05
0.0299		-0.0054999		9.70368e-05
0.02995		-0.0054999		0.000105083
0.03		-0.0054999		0.000105083
0.03005		-0.0054999		0.000100315
0.0301		-0.0054999		8.94372e-05
0.03015		-0.0054999		7.42679e-05
0.0302		-0.0054999		5.33762e-05
0.03025		-0.0054999		3.03687e-05
0.0303		-0.0054999		1.52589e-05
0.03035		-0.0054999		1.09673e-05
0.0304		-0.0054999		8.82155e-06
0.03045		-0.0054999		6.34792e-06
0.0305		-0.0054999		3.39748e-06
0.03055		-0.0054999		4.08295e-06
0.0306		-0.0054999		5.84128e-06
0.03065		-0.0054999		5.12603e-06
0.0307		-0.0054999		4.26176e-06
0.03075		-0.0054999		6.88437e-06
0.0308		-0.0054999		7.62945e-06
0.03085		-0.0054999		2.77163e-06
0.0309		-0.0054999		5.24524e-06
0.03095		-0.0054999		3.36768e-06
0.031		-0.0054999		4.67899e-06
0.03105		-0.0054999		3.78491e-06
0.0311		-0.0054999		4.14255e-06
0.03115		-0.0054999		4.14255e-06
0.0312		-0.0054999		5.00682e-06
0.03125		-0.0054999		5.57306e-06
0.0313		-0.0054999		5.33464e-06
0.03135		-0.0054999		3.39748e-06
0.0314		-0.0054999		4.61939e-06
0.03145		-0.0054999		3.96374e-06
0.0315		-0.0054999		4.20216e-06
0.0315		-0.0059999		6.73535e-06
0.03145		-0.0059999		4.7982e-06
0.0314		-0.0059999		5.93069e-06
0.03135		-0.0059999		4.64919e-06
0.0313		-0.0059999		4.08295e-06
0.03125		-0.0059999		5.78168e-06
0.0312		-0.0059999		7.3612e-06
0.03115		-0.0059999		3.48689e-06
0.0311		-0.0059999		4.11275e-06
0.03105		-0.0059999		5.03662e-06
0.031		-0.0059999		5.87109e-06
0.03095		-0.0059999		4.32137e-06
0.0309		-0.0059999		5.24524e-06
0.03085		-0.0059999		3.09946e-06
0.0308		-0.0059999		6.82476e-06
0.03075		-0.0059999		3.99354e-06
0.0307		-0.0059999		4.44058e-06
0.03065		-0.0059999		4.94721e-06
0.0306		-0.0059999		3.96374e-06
0.03055		-0.0059999		3.48689e-06
0.0305		-0.0059999		5.54326e-06
0.03045		-0.0059999		7.68906e-06
0.0304		-0.0059999		6.34792e-06
0.03035		-0.0059999		9.23878e-06
0.0303		-0.0059999		1.50204e-05
0.03025		-0.0059999		2.69414e-05
0.0302		-0.0059999		4.51209e-05
0.03015		-0.0059999		6.36582e-05
0.0301		-0.0059999		7.80229e-05
0.03005		-0.0059999		8.80961e-05
0.03		-0.0059999		9.31327e-05
0.02995		-0.0059999		9.22983e-05
0.0299		-0.0059999		8.15694e-05
0.02985		-0.0059999		6.30622e-05
0.0298		-0.0059999		4.5568e-05
0.02975		-0.0059999		2.72096e-05
0.0297		-0.0059999		1.66298e-05
0.02965		-0.0059999		1.07885e-05
0.0296		-0.0059999		6.97377e-06
0.02955		-0.0059999		6.46713e-06
0.0295		-0.0059999		4.97702e-06
0.02945		-0.0059999		7.06318e-06
0.0294		-0.0059999		3.90413e-06
0.02935		-0.0059999		6.25852e-06
0.0293		-0.0059999		3.33787e-06
0.02925		-0.0059999		3.7253e-06
0.0292		-0.0059999		5.03662e-06
0.02915		-0.0059999		5.30484e-06
0.0291		-0.0059999		5.06642e-06
0.02905		-0.0059999		5.81148e-06
0.029		-0.0059999		2.77163e-06
0.029		-0.0064999		6.49694e-06
0.02905		-0.0064999		7.24199e-06
0.0291		-0.0064999		6.0201e-06
0.02915		-0.0064999		4.58959e-06
0.0292		-0.0064999		2.74183e-06
0.02925		-0.0064999		5.00682e-06
0.0293		-0.0064999		6.34792e-06
0.02935		-0.0064999		4.41077e-06
0.0294		-0.0064999		4.55978e-06
0.02945		-0.0064999		5.24524e-06
0.0295		-0.0064999		7.3314e-06
0.02955		-0.0064999		6.0797e-06
0.0296		-0.0064999		7.3016e-06
0.02965		-0.0064999		9.26858e-06
0.0297		-0.0064999		1.15932e-05
0.02975		-0.0064999		1.96995e-05
0.0298		-0.0064999		3.22165e-05
0.02985		-0.0064999		4.66707e-05
0.0299		-0.0064999		6.04095e-05
0.02995		-0.0064999		7.27181e-05
0.03		-0.0064999		7.69203e-05
0.03005		-0.0064999		7.49533e-05
0.0301		-0.0064999		6.87544e-05
0.03015		-0.0064999		5.81446e-05
0.0302		-0.0064999		4.51209e-05
0.03025		-0.0064999		2.93256e-05
0.0303		-0.0064999		1.57953e-05
0.03035		-0.0064999		1.04607e-05
0.0304		-0.0064999		5.45385e-06
0.03045		-0.0064999		7.54002e-06
0.0305		-0.0064999		4.7386e-06
0.03055		-0.0064999		2.59282e-06
0.0306		-0.0064999		5.45385e-06
0.03065		-0.0064999		4.97702e-06
0.0307		-0.0064999		5.36445e-06
0.03075		-0.0064999		4.94721e-06
0.0308		-0.0064999		5.78168e-06
0.03085		-0.0064999		3.18886e-06
0.0309		-0.0064999		4.82801e-06
0.03095		-0.0064999		2.98025e-06
0.031		-0.0064999		2.86104e-06
0.03105		-0.0064999		3.24847e-06
0.0311		-0.0064999		5.93069e-06
0.03115		-0.0064999		5.36445e-06
0.0312		-0.0064999		4.08295e-06
0.03125		-0.0064999		3.81473e-06
0.0313		-0.0064999		5.09623e-06
0.03135		-0.0064999		6.0797e-06
0.0314		-0.0064999		4.44058e-06
0.03145		-0.0064999		5.51346e-06
0.0315		-0.0064999		2.3246e-06
0.0315		-0.007		3.06965e-06
0.03145		-0.007		5.72208e-06
0.0314		-0.007		5.03662e-06
0.03135		-0.007		5.02172e-06
0.0313		-0.007		4.13138e-06
0.03125		-0.007		5.27131e-06
0.0312		-0.007		3.56139e-06
0.03115		-0.007		5.32719e-06
0.0311		-0.007		5.65502e-06
0.03105		-0.007		4.20216e-06
0.031		-0.007		5.47621e-06
0.03095		-0.007		6.59007e-06
0.0309		-0.007		4.57841e-06
0.03085		-0.007		4.71625e-06
0.0308		-0.007		4.52998e-06
0.03075		-0.007		4.76468e-06
0.0307		-0.007		5.82638e-06
0.03065		-0.007		4.01962e-06
0.0306		-0.007		5.46876e-06
0.03055		-0.007		5.07015e-06
0.0305		-0.007		5.35327e-06
0.03045		-0.007		5.68482e-06
0.0304		-0.007		8.96683e-06
0.03035		-0.007		7.08553e-06
0.0303		-0.007		1.44244e-05
0.03025		-0.007		2.94821e-05
0.0302		-0.007		4.36085e-05
0.03015		-0.007		5.69823e-05
0.0301		-0.007		6.78082e-05
0.03005		-0.007		7.56537e-05
0.03		-0.007		7.61528e-05
0.02995		-0.007		7.1526e-05
0.0299		-0.007		6.41611e-05
0.02985		-0.007		4.48751e-05
0.0298		-0.007		3.00297e-05
0.02975		-0.007		1.86638e-05
0.0297		-0.007		1.31131e-05
0.02965		-0.007		6.42243e-06
0.0296		-0.007		6.85456e-06
0.02955		-0.007		5.93069e-06
0.0295		-0.007		6.39263e-06
0.02945		-0.007		3.91531e-06
0.0294		-0.007		4.77958e-06
0.02935		-0.007		6.15793e-06
0.0293		-0.007		5.27877e-06
0.02925		-0.007		5.31602e-06
0.0292		-0.007		5.12975e-06
0.02915		-0.007		5.77423e-06
0.0291		-0.007		6.64222e-06
0.02905		-0.007		5.41288e-06
0.029		-0.007		5.39052e-06
0.029		-0.0074999		6.78378e-06
0.02905		-0.0074999		5.01054e-06
0.0291		-0.0074999		4.65292e-06
0.02915		-0.0074999		5.10368e-06
0.0292		-0.0074999		5.35327e-06
0.02925		-0.0074999		8.87742e-06
0.0293		-0.0074999		5.30857e-06
0.02935		-0.0074999		4.61194e-06
0.0294		-0.0074999		5.12975e-06
0.02945		-0.0074999		6.74653e-06
0.0295		-0.0074999		7.83062e-06
0.02955		-0.0074999		8.84017e-06
0.0296		-0.0074999		1.18353e-05
0.02965		-0.0074999		1.12691e-05
0.0297		-0.0074999		1.21557e-05
0.02975		-0.0074999		1.71141e-05
0.0298		-0.0074999		2.50378e-05
0.02985		-0.0074999		4.06282e-05
0.0299		-0.0074999		5.60919e-05
0.02995		-0.0074999		6.83446e-05
0.03		-0.0074999		7.17645e-05
0.03005		-0.0074999		6.95926e-05
0.0301		-0.0074999		6.5465e-05
0.03015		-0.0074999		5.74032e-05
0.0302		-0.0074999		4.83545e-05
0.03025		-0.0074999		3.19222e-05
0.0303		-0.0074999		2.04333e-05
0.03035		-0.0074999		1.36421e-05
0.0304		-0.0074999		6.6683e-06
0.03045		-0.0074999		6.88809e-06
0.0305		-0.0074999		9.1382e-06
0.03055		-0.0074999		8.02061e-06
0.0306		-0.0074999		5.86364e-06
0.03065		-0.0074999		7.45433e-06
0.0307		-0.0074999		5.91579e-06
0.03075		-0.0074999		5.85246e-06
0.0308		-0.0074999		5.07015e-06
0.03085		-0.0074999		6.22126e-06
0.0309		-0.0074999		3.42356e-06
0.03095		-0.0074999		6.21381e-06
0.031		-0.0074999		5.39052e-06
0.03105		-0.0074999		7.08926e-06
0.0311		-0.0074999		6.48576e-06
0.03115		-0.0074999		4.56351e-06
0.0312		-0.0074999		4.96212e-06
0.03125		-0.0074999		5.85246e-06
0.0313		-0.0074999		6.0499e-06
0.03135		-0.0074999		5.33837e-06
0.0314		-0.0074999		3.65825e-06
0.03145		-0.0074999		6.26969e-06
0.0315		-0.0074999		6.45968e-06
0.0315		-0.0079999		4.55233e-06
0.03145		-0.0079999		5.39797e-06
0.0314		-0.0079999		7.27552e-06
0.03135		-0.0079999		5.20053e-06
0.0313		-0.0079999		6.79868e-06
0.03125		-0.0079999		6.69438e-06
0.0312		-0.0079999		6.70183e-06
0.03115		-0.0079999		4.54116e-06
0.0311		-0.0079999		4.66037e-06
0.03105		-0.0079999		7.27925e-06
0.031		-0.0079999		7.81572e-06
0.03095		-0.0079999		5.56189e-06
0.0309		-0.0079999		4.4145e-06
0.03085		-0.0079999		6.12813e-06
0.0308		-0.0079999		5.99775e-06
0.03075		-0.0079999		7.28297e-06
0.0307		-0.0079999		5.20426e-06
0.03065		-0.0079999		6.70555e-06
0.0306		-0.0079999		7.24944e-06
0.03055		-0.0079999		8.81782e-06
0.0305		-0.0079999		7.55119e-06
0.03045		-0.0079999		7.40591e-06
0.0304		-0.0079999		8.80292e-06
0.03035		-0.0079999		1.08854e-05
0.0303		-0.0079999		1.83956e-05
0.03025		-0.0079999		3.07078e-05
0.0302		-0.0079999		4.39922e-05
0.03015		-0.0079999		5.56114e-05
0.0301		-0.0079999		6.16279e-05
0.03005		-0.0079999		6.65751e-05
0.03		-0.0079999		6.57407e-05
0.02995		-0.0079999		6.01711e-05
0.0299		-0.0079999		5.29739e-05
0.02985		-0.0079999		3.56252e-05
0.0298		-0.0079999		2.30634e-05
0.02975		-0.0079999		1.52514e-05
0.0297		-0.0079999		1.1053e-05
0.02965		-0.0079999		7.75611e-06
0.0296		-0.0079999		7.74866e-06
0.02955		-0.0079999		9.05996e-06
0.0295		-0.0079999		6.6832e-06
0.02945		-0.0079999		6.27342e-06
0.0294		-0.0079999		7.3314e-06
0.02935		-0.0079999		6.46341e-06
0.0293		-0.0079999		5.73325e-06
0.02925		-0.0079999		6.54164e-06
0.0292		-0.0079999		5.36072e-06
0.02915		-0.0079999		7.64063e-06
0.0291		-0.0079999		7.29042e-06
0.02905		-0.0079999		7.21592e-06
0.029		-0.0079999		5.18563e-06
0.029		-0.0084999		6.69438e-06
0.02905		-0.0084999		7.53629e-06
0.0291		-0.0084999		7.39473e-06
0.02915		-0.0084999		6.6832e-06
0.0292		-0.0084999		7.09671e-06
0.02925		-0.0084999		6.70928e-06
0.0293		-0.0084999		6.55654e-06
0.02935		-0.0084999		6.14303e-06
0.0294		-0.0084999		7.07808e-06
0.02945		-0.0084999		7.06318e-06
0.0295		-0.0084999		8.03923e-06
0.02955		-0.0084999		6.44851e-06
0.0296		-0.0084999		6.81359e-06
0.02965		-0.0084999		6.98122e-06
0.0297		-0.0084999		1.09487e-05
0.02975		-0.0084999		1.30386e-05
0.0298		-0.0084999		1.9651e-05
0.02985		-0.0084999		3.13225e-05
0.0299		-0.0084999		4.48453e-05
0.02995		-0.0084999		5.99662e-05
0.03		-0.0084999		6.47274e-05
0.03005		-0.0084999		6.81286e-05
0.0301		-0.0084999		6.61914e-05
0.03015		-0.0084999		6.07895e-05
0.0302		-0.0084999		5.26274e-05
0.03025		-0.0084999		4.11684e-05
0.0303		-0.0084999		2.68446e-05
0.03035		-0.0084999		1.24574e-05
0.0304		-0.0084999		8.34471e-06
0.03045		-0.0084999		6.42988e-06
0.0305		-0.0084999		7.24944e-06
0.03055		-0.0084999		6.27714e-06
0.0306		-0.0084999		6.3591e-06
0.03065		-0.0084999		5.50973e-06
0.0307		-0.0084999		5.49483e-06
0.03075		-0.0084999		6.44106e-06
0.0308		-0.0084999		7.62945e-06
0.03085		-0.0084999		5.82638e-06
0.0309		-0.0084999		5.82638e-06
0.03095		-0.0084999		7.0222e-06
0.031		-0.0084999		7.48786e-06
0.03105		-0.0084999		5.66992e-06
0.0311		-0.0084999		6.29204e-06
0.03115		-0.0084999		6.34047e-06
0.0312		-0.0084999		7.0669e-06
0.03125		-0.0084999		6.45968e-06
0.0313		-0.0084999		6.44106e-06
0.03135		-0.0084999		6.25852e-06
0.0314		-0.0084999		6.36282e-06
0.03145		-0.0084999		6.50811e-06
0.0315		-0.0084999		6.0052e-06
0.0315		-0.0089999		8.31863e-06
0.03145		-0.0089999		7.29042e-06
0.0314		-0.0089999		6.13558e-06
0.03135		-0.0089999		5.89716e-06
0.0313		-0.0089999		8.82527e-06
0.03125		-0.0089999		7.32022e-06
0.0312		-0.0089999		8.11002e-06
0.03115		-0.0089999		7.28297e-06
0.0311		-0.0089999		5.42033e-06
0.03105		-0.0089999		8.01688e-06
0.031		-0.0089999		8.61293e-06
0.03095		-0.0089999		6.54536e-06
0.0309		-0.0089999		7.0669e-06
0.03085		-0.0089999		8.83272e-06
0.0308		-0.0089999		7.36493e-06
0.03075		-0.0089999		5.67737e-06
0.0307		-0.0089999		7.83807e-06
0.03065		-0.0089999		6.21754e-06
0.0306		-0.0089999		9.90933e-06
0.03055		-0.0089999		5.94932e-06
0.0305		-0.0089999		8.9035e-06
0.03045		-0.0089999		9.30956e-06
0.0304		-0.0089999		1.03824e-05
0.03035		-0.0089999		1.4551e-05
0.0303		-0.0089999		2.59579e-05
0.03025		-0.0089999		3.64298e-05
0.0302		-0.0089999		5.1439e-05
0.03015		-0.0089999		6.19595e-05
0.0301		-0.0089999		6.754e-05
0.03005		-0.0089999		6.83186e-05
0.03		-0.0089999		6.78864e-05
0.02995		-0.0089999		5.97949e-05
0.0299		-0.0089999		4.88351e-05
0.02985		-0.0089999		3.19297e-05
0.0298		-0.0089999		1.92673e-05
0.02975		-0.0089999		1.39401e-05
0.0297		-0.0089999		1.25394e-05
0.02965		-0.0089999		8.68744e-06
0.0296		-0.0089999		9.59268e-06
0.02955		-0.0089999		7.66298e-06
0.0295		-0.0089999		7.2867e-06
0.02945		-0.0089999		8.32236e-06
0.0294		-0.0089999		6.45968e-06
0.02935		-0.0089999		9.42877e-06
0.0293		-0.0089999		7.68906e-06
0.02925		-0.0089999		6.66457e-06
0.0292		-0.0089999		4.43312e-06
0.02915		-0.0089999		7.18984e-06
0.0291		-0.0089999		9.60758e-06
0.02905		-0.0089999		7.68906e-06
0.029		-0.0089999		8.11002e-06
0.029		-0.0095		8.31491e-06
0.02905		-0.0095		6.59379e-06
0.0291		-0.0095		1.00583e-05
0.02915		-0.0095		8.71724e-06
0.0292		-0.0095		7.68906e-06
0.02925		-0.0095		7.75984e-06
0.0293		-0.0095		6.91789e-06
0.02935		-0.0095		6.53046e-06
0.0294		-0.0095		8.00198e-06
0.02945		-0.0095		5.68855e-06
0.0295		-0.0095		7.81572e-06
0.02955		-0.0095		8.5496e-06
0.0296		-0.0095		9.57405e-06
0.02965		-0.0095		8.19942e-06
0.0297		-0.0095		1.23755e-05
0.02975		-0.0095		1.18018e-05
0.0298		-0.0095		1.71104e-05
0.02985		-0.0095		2.40394e-05
0.0299		-0.0095		3.50105e-05
0.02995		-0.0095		4.8876e-05
0.03		-0.0095		5.63452e-05
0.03005		-0.0095		5.92733e-05
0.0301		-0.0095		5.72356e-05
0.03015		-0.0095		5.60621e-05
0.0302		-0.0095		5.30446e-05
0.03025		-0.0095		4.24089e-05
0.0303		-0.0095		2.83906e-05
0.03035		-0.0095		1.7509e-05
0.0304		-0.0095		1.06395e-05
0.03045		-0.0095		1.04868e-05
0.0305		-0.0095		8.50862e-06
0.03055		-0.0095		8.55705e-06
0.0306		-0.0095		6.85829e-06
0.03065		-0.0095		7.87905e-06
0.0307		-0.0095		6.81359e-06
0.03075		-0.0095		7.60335e-06
0.0308		-0.0095		7.30532e-06
0.03085		-0.0095		8.48999e-06
0.0309		-0.0095		7.16749e-06
0.03095		-0.0095		7.01475e-06
0.031		-0.0095		7.96473e-06
0.03105		-0.0095		8.03923e-06
0.0311		-0.0095		6.68693e-06
0.03115		-0.0095		8.74331e-06
0.0312		-0.0095		9.64856e-06
0.03125		-0.0095		8.33726e-06
0.0313		-0.0095		7.82689e-06
0.03135		-0.0095		7.48414e-06
0.0314		-0.0095		9.07487e-06
0.03145		-0.0095		8.05414e-06
0.0315		-0.0095		8.18452e-06
0.0315		-0.0099999		8.45274e-06
0.03145		-0.0099999		8.69489e-06
0.0314		-0.0099999		6.61614e-06
0.03135		-0.0099999		6.77633e-06
0.0313		-0.0099999		8.46019e-06
0.03125		-0.0099999		8.58685e-06
0.0312		-0.0099999		8.94448e-06
0.03115		-0.0099999		7.33513e-06
0.0311		-0.0099999		7.9163e-06
0.03105		-0.0099999		8.73959e-06
0.031		-0.0099999		6.24734e-06
0.03095		-0.0099999		8.12119e-06
0.0309		-0.0099999		8.70606e-06
0.03085		-0.0099999		7.75611e-06
0.0308		-0.0099999		5.75188e-06
0.03075		-0.0099999		1.15708e-05
0.0307		-0.0099999		9.30583e-06
0.03065		-0.0099999		9.99874e-06
0.0306		-0.0099999		8.02806e-06
0.03055		-0.0099999		8.94821e-06
0.0305		-0.0099999		8.83645e-06
0.03045		-0.0099999		1.31168e-05
0.0304		-0.0099999		1.39848e-05
0.03035		-0.0099999		2.01092e-05
0.0303		-0.0099999		3.32186e-05
0.03025		-0.0099999		4.13323e-05
0.0302		-0.0099999		5.04667e-05
0.03015		-0.0099999		5.96608e-05
0.0301		-0.0099999		6.1654e-05
0.03005		-0.0099999		6.25108e-05
0.03		-0.0099999		5.9292e-05
0.02995		-0.0099999		5.21319e-05
0.0299		-0.0099999		3.87097e-05
0.02985		-0.0099999		2.6446e-05
0.0298		-0.0099999		1.70545e-05
0.02975		-0.0099999		1.28113e-05
0.0297		-0.0099999		1.06395e-05
0.02965		-0.0099999		1.1988e-05
0.0296		-0.0099999		9.97639e-06
0.02955		-0.0099999		9.35054e-06
0.0295		-0.0099999		8.76194e-06
0.02945		-0.0099999		8.8737e-06
0.0294		-0.0099999		8.63901e-06
0.02935		-0.0099999		9.56288e-06
0.0293		-0.0099999		8.12492e-06
0.02925		-0.0099999		8.38941e-06
0.0292		-0.0099999		7.85297e-06
0.02915		-0.0099999		7.72631e-06
0.0291		-0.0099999		7.90512e-06
0.02905		-0.0099999		7.89767e-06
0.029		-0.0099999		8.51235e-06
0.029		-0.0104999		8.83272e-06
0.02905		-0.0104999		9.67836e-06
0.0291		-0.0104999		7.8716e-06
0.02915		-0.0104999		8.80664e-06
0.0292		-0.0104999		9.8907e-06
0.02925		-0.0104999		9.06369e-06
0.0293		-0.0104999		9.84228e-06
0.02935		-0.0104999		9.19035e-06
0.0294		-0.0104999		6.81731e-06
0.02945		-0.0104999		8.29255e-06
0.0295		-0.0104999		8.06531e-06
0.02955		-0.0104999		8.80292e-06
0.0296		-0.0104999		9.70816e-06
0.02965		-0.0104999		1.09859e-05
0.0297		-0.0104999		1.26139e-05
0.02975		-0.0104999		1.0606e-05
0.0298		-0.0104999		1.4063e-05
0.02985		-0.0104999		1.82727e-05
0.0299		-0.0104999		2.81633e-05
0.02995		-0.0104999		3.70929e-05
0.03		-0.0104999		4.98744e-05
0.03005		-0.0104999		5.4613e-05
0.0301		-0.0104999		5.39313e-05
0.03015		-0.0104999		5.46689e-05
0.0302		-0.0104999		4.98632e-05
0.03025		-0.0104999		4.30311e-05
0.0303		-0.0104999		3.25108e-05
0.03035		-0.0104999		2.00422e-05
0.0304		-0.0104999		1.32546e-05
0.03045		-0.0104999		8.00943e-06
0.0305		-0.0104999		9.168e-06
0.03055		-0.0104999		8.35588e-06
0.0306		-0.0104999		1.03862e-05
0.03065		-0.0104999		8.98918e-06
0.0307		-0.0104999		8.04669e-06
0.03075		-0.0104999		7.98336e-06
0.0308		-0.0104999		1.05128e-05
0.03085		-0.0104999		8.95193e-06
0.0309		-0.0104999		7.72631e-06
0.03095		-0.0104999		7.54747e-06
0.031		-0.0104999		8.08394e-06
0.03105		-0.0104999		8.18825e-06
0.0311		-0.0104999		8.12492e-06
0.03115		-0.0104999		7.17866e-06
0.0312		-0.0104999		8.70606e-06
0.03125		-0.0104999		7.97963e-06
0.0313		-0.0104999		8.63901e-06
0.03135		-0.0104999		7.38355e-06
0.0314		-0.0104999		6.80241e-06
0.03145		-0.0104999		7.95355e-06
0.0315		-0.0104999		7.45433e-06
0.0315		-0.0109999		8.57195e-06
0.03145		-0.0109999		1.0267e-05
0.0314		-0.0109999		9.05624e-06
0.03135		-0.0109999		7.84924e-06
0.0313		-0.0109999		8.5198e-06
0.03125		-0.0109999		9.19407e-06
0.0312		-0.0109999		9.65229e-06
0.03115		-0.0109999		9.08232e-06
0.0311		-0.0109999		6.70928e-06
0.03105		-0.0109999		7.43571e-06
0.031		-0.0109999		1.08183e-05
0.03095		-0.0109999		6.85084e-06
0.0309		-0.0109999		8.26648e-06
0.03085		-0.0109999		7.58472e-06
0.0308		-0.0109999		8.05041e-06
0.03075		-0.0109999		9.52563e-06
0.0307		-0.0109999		8.80292e-06
0.03065		-0.0109999		7.05945e-06
0.0306		-0.0109999		8.97056e-06
0.03055		-0.0109999		8.42294e-06
0.0305		-0.0109999		9.28348e-06
0.03045		-0.0109999		8.00943e-06
0.0304		-0.0109999		1.05426e-05
0.03035		-0.0109999		2.1469e-05
0.0303		-0.0109999		3.05886e-05
0.03025		-0.0109999		4.10194e-05
0.0302		-0.0109999		4.63317e-05
0.03015		-0.0109999		5.33613e-05
0.0301		-0.0109999		5.20425e-05
0.03005		-0.0109999		5.18339e-05
0.03		-0.0109999		4.8511e-05
0.02995		-0.0109999		3.68992e-05
0.0299		-0.0109999		2.64311e-05
0.02985		-0.0109999		1.82689e-05
0.0298		-0.0109999		1.43089e-05
0.02975		-0.0109999		1.12653e-05
0.0297		-0.0109999		1.13063e-05
0.02965		-0.0109999		9.58523e-06
0.0296		-0.0109999		8.34471e-06
0.02955		-0.0109999		1.06581e-05
0.0295		-0.0109999		9.62621e-06
0.02945		-0.0109999		7.55119e-06
0.0294		-0.0109999		9.4921e-06
0.02935		-0.0109999		6.97005e-06
0.0293		-0.0109999		1.14442e-05
0.02925		-0.0109999		7.83062e-06
0.0292		-0.0109999		9.16427e-06
0.02915		-0.0109999		9.32446e-06
0.0291		-0.0109999		8.86625e-06
0.02905		-0.0109999		1.01291e-05
0.029		-0.0109999		8.44902e-06
0.029		-0.0114999		1.10753e-05
0.02905		-0.0114999		8.50862e-06
0.0291		-0.0114999		8.71351e-06
0.02915		-0.0114999		1.05799e-05
0.0292		-0.0114999		6.95515e-06
0.02925		-0.0114999		6.39263e-06
0.0293		-0.0114999		8.9035e-06
0.02935		-0.0114999		9.38406e-06
0.0294		-0.0114999		8.58685e-06
0.02945		-0.0114999		1.02744e-05
0.0295		-0.0114999		8.06159e-06
0.02955		-0.0114999		8.16962e-06
0.0296		-0.0114999		8.69489e-06
0.02965		-0.0114999		9.40642e-06
0.0297		-0.0114999		1.04122e-05
0.02975		-0.0114999		1.09971e-05
0.0298		-0.0114999		1.04234e-05
0.02985		-0.0114999		1.4376e-05
0.0299		-0.0114999		2.17484e-05
0.02995		-0.0114999		3.2373e-05
0.03		-0.0114999		4.31056e-05
0.03005		-0.0114999		4.98483e-05
0.0301		-0.0114999		5.23704e-05
0.03015		-0.0114999		5.33799e-05
0.0302		-0.0114999		4.87904e-05
0.03025		-0.0114999		4.33775e-05
0.0303		-0.0114999		3.79013e-05
0.03035		-0.0114999		2.50117e-05
0.0304		-0.0114999		1.57059e-05
0.03045		-0.0114999		1.2178e-05
0.0305		-0.0114999		1.11424e-05
0.03055		-0.0114999		8.80292e-06
0.0306		-0.0114999		9.26858e-06
0.03065		-0.0114999		9.5219e-06
0.0307		-0.0114999		8.58313e-06
0.03075		-0.0114999		9.59641e-06
0.0308		-0.0114999		1.00248e-05
0.03085		-0.0114999		8.35961e-06
0.0309		-0.0114999		7.50276e-06
0.03095		-0.0114999		9.168e-06
0.031		-0.0114999		1.11238e-05
0.03105		-0.0114999		8.65391e-06
0.0311		-0.0114999		7.59962e-06
0.03115		-0.0114999		7.04828e-06
0.0312		-0.0114999		1.04197e-05
0.03125		-0.0114999		9.11212e-06
0.0313		-0.0114999		8.03923e-06
0.03135		-0.0114999		9.28721e-06
0.0314		-0.0114999		8.92958e-06
0.03145		-0.0114999		8.30373e-06
0.0315		-0.0114999		7.86042e-06
0.0315		-0.0119999		7.29787e-06
0.03145		-0.0119999		8.44902e-06
0.0314		-0.0119999		8.74331e-06
0.03135		-0.0119999		8.31863e-06
0.0313		-0.0119999		9.64111e-06
0.03125		-0.0119999		9.91306e-06
0.0312		-0.0119999		8.63528e-06
0.03115		-0.0119999		8.46019e-06
0.0311		-0.0119999		9.52935e-06
0.03105		-0.0119999		8.87742e-06
0.031		-0.0119999		8.05786e-06
0.03095		-0.0119999		8.5496e-06
0.0309		-0.0119999		9.04506e-06
0.03085		-0.0119999		9.97639e-06
0.0308		-0.0119999		1.0971e-05
0.03075		-0.0119999		8.67998e-06
0.0307		-0.0119999		7.3463e-06
0.03065		-0.0119999		7.32022e-06
0.0306		-0.0119999		7.54747e-06
0.03055		-0.0119999		8.99291e-06
0.0305		-0.0119999		9.67464e-06
0.03045		-0.0119999		1.25021e-05
0.0304		-0.0119999		1.4823e-05
0.03035		-0.0119999		2.36408e-05
0.0303		-0.0119999		3.41388e-05
0.03025		-0.0119999		4.20439e-05
0.0302		-0.0119999		4.58511e-05
0.03015		-0.0119999		4.82167e-05
0.0301		-0.0119999		4.94721e-05
0.03005		-0.0119999		4.77361e-05
0.03		-0.0119999		3.95926e-05
0.02995		-0.0119999		3.0786e-05
0.0299		-0.0119999		2.00273e-05
0.02985		-0.0119999		1.60449e-05
0.0298		-0.0119999		1.30162e-05
0.02975		-0.0119999		1.14292e-05
0.0297		-0.0119999		1.17943e-05
0.02965		-0.0119999		1.11648e-05
0.0296		-0.0119999		1.18577e-05
0.02955		-0.0119999		8.28883e-06
0.0295		-0.0119999		8.27393e-06
0.02945		-0.0119999		7.87905e-06
0.0294		-0.0119999		9.5219e-06
0.02935		-0.0119999		7.21964e-06
0.0293		-0.0119999		1.0606e-05
0.02925		-0.0119999		8.41549e-06
0.0292		-0.0119999		8.60175e-06
0.02915		-0.0119999		6.57889e-06
0.0291		-0.0119999		9.97639e-06
0.02905		-0.0119999		9.39152e-06
0.029		-0.0119999		6.70928e-06
0.029		-0.0124999		9.03389e-06
0.02905		-0.0124999		1.04942e-05
0.0291		-0.0124999		8.10629e-06
0.02915		-0.0124999		6.73163e-06
0.0292		-0.0124999		7.52884e-06
0.02925		-0.0124999		7.39473e-06
0.0293		-0.0124999		8.97056e-06
0.02935		-0.0124999		8.70234e-06
0.0294		-0.0124999		8.91095e-06
0.02945		-0.0124999		7.21219e-06
0.0295		-0.0124999		7.0669e-06
0.02955		-0.0124999		8.80664e-06
0.0296		-0.0124999		8.34471e-06
0.02965		-0.0124999		7.18611e-06
0.0297		-0.0124999		8.95938e-06
0.02975		-0.0124999		1.04532e-05
0.0298		-0.0124999		1.0267e-05
0.02985		-0.0124999		1.27406e-05
0.0299		-0.0124999		1.71514e-05
0.02995		-0.0124999		2.33689e-05
0.03		-0.0124999		3.16093e-05
0.03005		-0.0124999		3.83931e-05
0.0301		-0.0124999		4.07288e-05
0.03015		-0.0124999		4.3236e-05
0.0302		-0.0124999		4.19582e-05
0.03025		-0.0124999		3.69737e-05
0.0303		-0.0124999		3.32037e-05
0.03035		-0.0124999		2.50266e-05
0.0304		-0.0124999		1.89656e-05
0.03045		-0.0124999		1.0375e-05
0.0305		-0.0124999		9.86835e-06
0.03055		-0.0124999		7.95355e-06
0.0306		-0.0124999		9.95031e-06
0.03065		-0.0124999		9.07114e-06
0.0307		-0.0124999		8.13982e-06
0.03075		-0.0124999		9.90188e-06
0.0308		-0.0124999		1.0565e-05
0.03085		-0.0124999		7.77474e-06
0.0309		-0.0124999		8.64646e-06
0.03095		-0.0124999		1.11312e-05
0.031		-0.0124999		8.53097e-06
0.03105		-0.0124999		9.96148e-06
0.0311		-0.0124999		9.99874e-06
0.03115		-0.0124999		9.54425e-06
0.0312		-0.0124999		7.45806e-06
0.03125		-0.0124999		8.16962e-06
0.0313		-0.0124999		7.99081e-06
0.03135		-0.0124999		7.71886e-06
0.0314		-0.0124999		8.44157e-06
0.03145		-0.0124999		8.12119e-06
0.0315		-0.0124999		9.07114e-06
0.0315		-0.0129999		8.33726e-06
0.03145		-0.0129999		8.63901e-06
0.0314		-0.0129999		7.75984e-06
0.03135		-0.0129999		8.81037e-06
0.0313		-0.0129999		8.75822e-06
0.03125		-0.0129999		7.65553e-06
0.0312		-0.0129999		8.02433e-06
0.03115		-0.0129999		9.35054e-06
0.0311		-0.0129999		8.90723e-06
0.03105		-0.0129999		9.00036e-06
0.031		-0.0129999		8.85507e-06
0.03095		-0.0129999		7.91257e-06
0.0309		-0.0129999		9.2425e-06
0.03085		-0.0129999		8.19942e-06
0.0308		-0.0129999		8.81782e-06
0.03075		-0.0129999		9.846e-06
0.0307		-0.0129999		8.34098e-06
0.03065		-0.0129999		7.32022e-06
0.0306		-0.0129999		7.0669e-06
0.03055		-0.0129999		1.01142e-05
0.0305		-0.0129999		8.61293e-06
0.03045		-0.0129999		1.06954e-05
0.0304		-0.0129999		1.66149e-05
0.03035		-0.0129999		2.32012e-05
0.0303		-0.0129999		2.90872e-05
0.03025		-0.0129999		3.22463e-05
0.0302		-0.0129999		3.55172e-05
0.03015		-0.0129999		3.80429e-05
0.0301		-0.0129999		3.8665e-05
0.03005		-0.0129999		3.54985e-05
0.03		-0.0129999		2.9903e-05
0.02995		-0.0129999		2.15584e-05
0.0299		-0.0129999		1.75872e-05
0.02985		-0.0129999		1.44095e-05
0.0298		-0.0129999		1.49124e-05
0.02975		-0.0129999		1.10642e-05
0.0297		-0.0129999		8.58313e-06
0.02965		-0.0129999		8.94075e-06
0.0296		-0.0129999		8.01688e-06
0.02955		-0.0129999		7.59217e-06
0.0295		-0.0129999		7.39473e-06
0.02945		-0.0129999		7.74866e-06
0.0294		-0.0129999		9.04879e-06
0.02935		-0.0129999		8.09511e-06
0.0293		-0.0129999		8.76567e-06
0.02925		-0.0129999		8.41176e-06
0.0292		-0.0129999		8.98918e-06
0.02915		-0.0129999		8.43039e-06
0.0291		-0.0129999		6.36655e-06
0.02905		-0.0129999		7.97218e-06
0.029		-0.0129999		9.01899e-06
0.029		-0.0134999		9.1829e-06
0.02905		-0.0134999		7.07063e-06
0.0291		-0.0134999		8.79919e-06
0.02915		-0.0134999		6.73908e-06
0.0292		-0.0134999		8.21432e-06
0.02925		-0.0134999		8.45647e-06
0.0293		-0.0134999		9.58523e-06
0.02935		-0.0134999		7.69278e-06
0.0294		-0.0134999		7.96473e-06
0.02945		-0.0134999		8.37451e-06
0.0295		-0.0134999		8.41921e-06
0.02955		-0.0134999		6.97377e-06
0.0296		-0.0134999		8.05786e-06
0.02965		-0.0134999		8.65391e-06
0.0297		-0.0134999		7.39101e-06
0.02975		-0.0134999		8.27765e-06
0.0298		-0.0134999		9.8311e-06
0.02985		-0.0134999		1.15187e-05
0.0299		-0.0134999		1.38507e-05
0.02995		-0.0134999		1.61791e-05
0.03		-0.0134999		2.33987e-05
0.03005		-0.0134999		2.74145e-05
0.0301		-0.0134999		3.30659e-05
0.03015		-0.0134999		3.42841e-05
0.0302		-0.0134999		3.22054e-05
0.03025		-0.0134999		2.95193e-05
0.0303		-0.0134999		2.68967e-05
0.03035		-0.0134999		2.24077e-05
0.0304		-0.0134999		1.61604e-05
0.03045		-0.0134999		1.10455e-05
0.0305		-0.0134999		9.88698e-06
0.03055		-0.0134999		7.73749e-06
0.0306		-0.0134999		9.10094e-06
0.03065		-0.0134999		8.84017e-06
0.0307		-0.0134999		7.00357e-06
0.03075		-0.0134999		6.31067e-06
0.0308		-0.0134999		9.05251e-06
0.03085		-0.0134999		7.52512e-06
0.0309		-0.0134999		9.64111e-06
0.03095		-0.0134999		9.71934e-06
0.031		-0.0134999		6.75398e-06
0.03105		-0.0134999		7.99453e-06
0.0311		-0.0134999		8.31491e-06
0.03115		-0.0134999		8.8588e-06
0.0312		-0.0134999		6.6981e-06
0.03125		-0.0134999		7.70396e-06
0.0313		-0.0134999		9.06369e-06
0.03135		-0.0134999		8.19197e-06
0.0314		-0.0134999		1.05277e-05
0.03145		-0.0134999		8.84762e-06
0.0315		-0.0134999		8.54215e-06
0.0315		-0.0139999		9.51072e-06
0.03145		-0.0139999		7.77846e-06
0.0314		-0.0139999		7.89767e-06
0.03135		-0.0139999		6.81731e-06
0.0313		-0.0139999		7.49904e-06
0.03125		-0.0139999		9.2276e-06
0.0312		-0.0139999		6.20636e-06
0.03115		-0.0139999		8.15844e-06
0.0311		-0.0139999		7.61825e-06
0.03105		-0.0139999		7.78964e-06
0.031		-0.0139999		6.96632e-06
0.03095		-0.0139999		5.66992e-06
0.0309		-0.0139999		6.45968e-06
0.03085		-0.0139999		7.95728e-06
0.0308		-0.0139999		8.12492e-06
0.03075		-0.0139999		7.56237e-06
0.0307		-0.0139999		8.19942e-06
0.03065		-0.0139999		6.73908e-06
0.0306		-0.0139999		7.72258e-06
0.03055		-0.0139999		9.11957e-06
0.0305		-0.0139999		9.72679e-06
0.03045		-0.0139999		1.03899e-05
0.0304		-0.0139999		1.56352e-05
0.03035		-0.0139999		2.28324e-05
0.0303		-0.0139999		2.67104e-05
0.03025		-0.0139999		2.97689e-05
0.0302		-0.0139999		3.3159e-05
0.03015		-0.0139999		3.38221e-05
0.0301		-0.0139999		3.50291e-05
0.03005		-0.0139999		2.77573e-05
0.03		-0.0139999		2.37637e-05
0.02995		-0.0139999		1.82689e-05
0.0299		-0.0139999		1.44542e-05
0.02985		-0.0139999		1.29752e-05
0.0298		-0.0139999		1.1351e-05
0.02975		-0.0139999		8.76567e-06
0.0297		-0.0139999		8.30373e-06
0.02965		-0.0139999		8.48999e-06
0.0296		-0.0139999		7.56609e-06
0.02955		-0.0139999		8.59058e-06
0.0295		-0.0139999		6.86946e-06
0.02945		-0.0139999		8.04296e-06
0.0294		-0.0139999		8.32608e-06
0.02935		-0.0139999		8.63156e-06
0.0293		-0.0139999		7.18239e-06
0.02925		-0.0139999		7.29415e-06
0.0292		-0.0139999		6.45968e-06
0.02915		-0.0139999		6.01265e-06
0.0291		-0.0139999		8.04296e-06
0.02905		-0.0139999		6.42243e-06
0.029		-0.0139999		9.29838e-06
0.029		-0.0144999		8.66136e-06
0.02905		-0.0144999		7.49159e-06
0.0291		-0.0144999		7.19729e-06
0.02915		-0.0144999		6.02382e-06
0.0292		-0.0144999		7.45806e-06
0.02925		-0.0144999		6.9924e-06
0.0293		-0.0144999		8.32236e-06
0.02935		-0.0144999		1.02446e-05
0.0294		-0.0144999		5.81521e-06
0.02945		-0.0144999		7.03338e-06
0.0295		-0.0144999		6.17656e-06
0.02955		-0.0144999		7.96473e-06
0.0296		-0.0144999		8.58685e-06
0.02965		-0.0144999		7.74866e-06
0.0297		-0.0144999		8.09511e-06
0.02975		-0.0144999		7.98336e-06
0.0298		-0.0144999		1.07103e-05
0.02985		-0.0144999		1.07028e-05
0.0299		-0.0144999		1.18763e-05
0.02995		-0.0144999		1.71327e-05
0.03		-0.0144999		2.0288e-05
0.03005		-0.0144999		2.65875e-05
0.0301		-0.0144999		3.22091e-05
0.03015		-0.0144999		3.26002e-05
0.0302		-0.0144999		3.09611e-05
0.03025		-0.0144999		2.91282e-05
0.0303		-0.0144999		2.50415e-05
0.03035		-0.0144999		2.19607e-05
0.0304		-0.0144999		1.53036e-05
0.03045		-0.0144999		1.36532e-05
0.0305		-0.0144999		8.66136e-06
0.03055		-0.0144999		8.27393e-06
0.0306		-0.0144999		8.94448e-06
0.03065		-0.0144999		7.47296e-06
0.0307		-0.0144999		5.3868e-06
0.03075		-0.0144999		7.85297e-06
0.0308		-0.0144999		6.96632e-06
0.03085		-0.0144999		8.17707e-06
0.0309		-0.0144999		6.7428e-06
0.03095		-0.0144999		8.66508e-06
0.031		-0.0144999		8.19197e-06
0.03105		-0.0144999		7.37983e-06
0.0311		-0.0144999		9.05624e-06
0.03115		-0.0144999		6.28087e-06
0.0312		-0.0144999		8.56078e-06
0.03125		-0.0144999		9.57778e-06
0.0313		-0.0144999		5.7556e-06
0.03135		-0.0144999		9.52935e-06
0.0314		-0.0144999		7.20847e-06
0.03145		-0.0144999		6.60124e-06
0.0315		-0.0144999		9.33936e-06
0.0315		-0.0149999		7.09484e-06
0.03145		-0.0149999		6.27901e-06
0.0314		-0.0149999		6.38331e-06
0.03135		-0.0149999		7.70582e-06
0.0313		-0.0149999		5.41288e-06
0.03125		-0.0149999		6.14303e-06
0.0312		-0.0149999		7.06504e-06
0.03115		-0.0149999		8.53097e-06
0.0311		-0.0149999		6.35724e-06
0.03105		-0.0149999		6.37214e-06
0.031		-0.0149999		6.31626e-06
0.03095		-0.0149999		7.1619e-06
0.0309		-0.0149999		6.35537e-06
0.03085		-0.0149999		5.42964e-06
0.0308		-0.0149999		8.5943e-06
0.03075		-0.0149999		6.85456e-06
0.0307		-0.0149999		7.27925e-06
0.03065		-0.0149999		5.02172e-06
0.0306		-0.0149999		5.76678e-06
0.03055		-0.0149999		8.40804e-06
0.0305		-0.0149999		8.58871e-06
0.03045		-0.0149999		1.23364e-05
0.0304		-0.0149999		1.58158e-05
0.03035		-0.0149999		2.2173e-05
0.0303		-0.0149999		2.35533e-05
0.03025		-0.0149999		2.85135e-05
0.0302		-0.0149999		2.93256e-05
0.03015		-0.0149999		2.90741e-05
0.0301		-0.0149999		2.61647e-05
0.03005		-0.0149999		2.07649e-05
0.03		-0.0149999		1.77698e-05
0.02995		-0.0149999		1.35806e-05
0.0299		-0.0149999		1.1921e-05
0.02985		-0.0149999		9.05624e-06
0.0298		-0.0149999		7.4562e-06
0.02975		-0.0149999		7.39101e-06
0.0297		-0.0149999		7.35189e-06
0.02965		-0.0149999		3.75697e-06
0.0296		-0.0149999		6.91603e-06
0.02955		-0.0149999		9.12516e-06
0.0295		-0.0149999		6.98495e-06
0.02945		-0.0149999		9.26299e-06
0.0294		-0.0149999		6.39635e-06
0.02935		-0.0149999		7.67602e-06
0.0293		-0.0149999		6.02382e-06
0.02925		-0.0149999		5.33278e-06
0.0292		-0.0149999		7.961e-06
0.02915		-0.0149999		7.60148e-06
0.0291		-0.0149999		6.83035e-06
0.02905		-0.0149999		7.17308e-06
0.029		-0.0149999		6.46713e-06
0.029		-0.0154999		3.93952e-06
0.02905		-0.0154999		5.51718e-06
0.0291		-0.0154999		6.65712e-06
0.02915		-0.0154999		5.7556e-06
0.0292		-0.0154999		6.87133e-06
0.02925		-0.0154999		6.75584e-06
0.0293		-0.0154999		5.61404e-06
0.02935		-0.0154999		4.88761e-06
0.0294		-0.0154999		7.93493e-06
0.02945		-0.0154999		5.61404e-06
0.0295		-0.0154999		3.27454e-06
0.02955		-0.0154999		6.76329e-06
0.0296		-0.0154999		7.23827e-06
0.02965		-0.0154999		7.91444e-06
0.0297		-0.0154999		6.97005e-06
0.02975		-0.0154999		6.77261e-06
0.0298		-0.0154999		9.42132e-06
0.02985		-0.0154999		1.06712e-05
0.0299		-0.0154999		1.06395e-05
0.02995		-0.0154999		1.5678e-05
0.03		-0.0154999		1.81516e-05
0.03005		-0.0154999		2.09251e-05
0.0301		-0.0154999		2.78522e-05
0.03015		-0.0154999		2.69023e-05
0.0302		-0.0154999		2.9307e-05
0.03025		-0.0154999		2.8072e-05
0.0303		-0.0154999		2.76399e-05
0.03035		-0.0154999		2.57195e-05
0.0304		-0.0154999		2.14187e-05
0.03045		-0.0154999		1.94871e-05
0.0305		-0.0154999		1.22283e-05
0.03055		-0.0154999		1.26623e-05
0.0306		-0.0154999		1.00714e-05
0.03065		-0.0154999		1.03359e-05
0.0307		-0.0154999		8.97428e-06
0.03075		-0.0154999		8.30373e-06
0.0308		-0.0154999		6.79123e-06
0.03085		-0.0154999		6.73349e-06
0.0309		-0.0154999		4.27294e-06
0.03095		-0.0154999		5.50601e-06
0.031		-0.0154999		4.79262e-06
0.03105		-0.0154999		6.69996e-06
0.0311		-0.0154999		4.69948e-06
0.03115		-0.0154999		5.47434e-06
0.0312		-0.0154999		7.87905e-06
0.03125		-0.0154999		6.77633e-06
0.0313		-0.0154999		5.05897e-06
0.03135		-0.0154999		5.83197e-06
0.0314		-0.0154999		8.12678e-06
0.03145		-0.0154999		6.54164e-06
0.0315		-0.0154999		6.11137e-06
0.0315		-0.016		6.25293e-06
0.03145		-0.016		7.50649e-06
0.0314		-0.016		6.48576e-06
0.03135		-0.016		5.88599e-06
0.0313		-0.016		5.59728e-06
0.03125		-0.016		6.72977e-06
0.0312		-0.016		5.66061e-06
0.03115		-0.016		6.13558e-06
0.0311		-0.016		8.08021e-06
0.03105		-0.016		6.15048e-06
0.031		-0.016		6.34606e-06
0.03095		-0.016		5.03848e-06
0.0309		-0.016		4.08854e-06
0.03085		-0.016		5.94187e-06
0.0308		-0.016		5.55257e-06
0.03075		-0.016		6.05921e-06
0.0307		-0.016		6.92907e-06
0.03065		-0.016		7.82876e-06
0.0306		-0.016		8.69675e-06
0.03055		-0.016		1.35787e-05
0.0305		-0.016		1.28262e-05
0.03045		-0.016		1.76226e-05
0.0304		-0.016		2.25791e-05
0.03035		-0.016		2.46466e-05
0.0303		-0.016		2.63621e-05
0.03025		-0.016		2.9551e-05
0.0302		-0.016		3.0147e-05
0.03015		-0.016		2.58816e-05
0.0301		-0.016		2.31435e-05
0.03005		-0.016		1.89898e-05
0.03		-0.016		1.65069e-05
0.02995		-0.016		1.30833e-05
0.0299		-0.016		1.02763e-05
0.02985		-0.016		9.52004e-06
0.0298		-0.016		9.04879e-06
0.02975		-0.016		9.14378e-06
0.0297		-0.016		7.03524e-06
0.02965		-0.016		5.04593e-06
0.0296		-0.016		7.26248e-06
0.02955		-0.016		6.56027e-06
0.0295		-0.016		5.67365e-06
0.02945		-0.016		6.25107e-06
0.0294		-0.016		4.67899e-06
0.02935		-0.016		3.6359e-06
0.0293		-0.016		6.65899e-06
0.02925		-0.016		5.58051e-06
0.0292		-0.016		7.07622e-06
0.02915		-0.016		4.82428e-06
0.0291		-0.016		3.83708e-06
0.02905		-0.016		4.24872e-06
0.029		-0.016		5.85991e-06
0.029		-0.0165		4.69576e-06
0.02905		-0.0165		4.68831e-06
0.0291		-0.0165		4.39215e-06
0.02915		-0.0165		7.4264e-06
0.0292		-0.0165		7.4562e-06
0.02925		-0.0165		4.96212e-06
0.0293		-0.0165		5.32347e-06
0.02935		-0.0165		3.89109e-06
0.0294		-0.0165		5.64943e-06
0.02945		-0.0165		3.29317e-06
0.0295		-0.0165		3.34905e-06
0.02955		-0.0165		5.28994e-06
0.0296		-0.0165		5.94746e-06
0.02965		-0.0165		5.17259e-06
0.0297		-0.0165		6.38145e-06
0.02975		-0.0165		6.43919e-06
0.0298		-0.0165		7.5959e-06
0.02985		-0.0165		8.3e-06
0.0299		-0.0165		9.95962e-06
0.02995		-0.0165		8.8886e-06
0.03		-0.0165		1.40742e-05
0.03005		-0.0165		1.72314e-05
0.0301		-0.0165		1.81162e-05
0.03015		-0.0165		2.19868e-05
0.0302		-0.0165		2.40245e-05
0.03025		-0.0165		2.57121e-05
0.0303		-0.0165		2.51384e-05
0.03035		-0.0165		2.40208e-05
0.0304		-0.0165		2.24971e-05
0.03045		-0.0165		2.04501e-05
0.0305		-0.0165		1.30591e-05
0.03055		-0.0165		1.30144e-05
0.0306		-0.0165		1.05221e-05
0.03065		-0.0165		9.8907e-06
0.0307		-0.0165		7.35561e-06
0.03075		-0.0165		5.98285e-06
0.0308		-0.0165		7.12278e-06
0.03085		-0.0165		5.24524e-06
0.0309		-0.0165		4.86153e-06
0.03095		-0.0165		6.37959e-06
0.031		-0.0165		6.32185e-06
0.03105		-0.0165		6.24175e-06
0.0311		-0.0165		6.25293e-06
0.03115		-0.0165		5.87854e-06
0.0312		-0.0165		3.24288e-06
0.03125		-0.0165		9.06741e-06
0.0313		-0.0165		5.75374e-06
0.03135		-0.0165		3.77932e-06
0.0314		-0.0165		5.88971e-06
0.03145		-0.0165		6.11137e-06
0.0315		-0.0165		4.63802e-06
0.0315		-0.0169999		7.30719e-06
0.03145		-0.0169999		8.05786e-06
0.0314		-0.0169999		6.65526e-06
0.03135		-0.0169999		5.76864e-06
0.0313		-0.0169999		4.584e-06
0.03125		-0.0169999		4.68644e-06
0.0312		-0.0169999		6.72232e-06
0.03115		-0.0169999		6.47831e-06
0.0311		-0.0169999		6.19705e-06
0.03105		-0.0169999		5.19495e-06
0.031		-0.0169999		4.43126e-06
0.03095		-0.0169999		6.32743e-06
0.0309		-0.0169999		4.68644e-06
0.03085		-0.0169999		4.1053e-06
0.0308		-0.0169999		5.26014e-06
0.03075		-0.0169999		6.58262e-06
0.0307		-0.0169999		7.59776e-06
0.03065		-0.0169999		8.21619e-06
0.0306		-0.0169999		1.01235e-05
0.03055		-0.0169999		1.33906e-05
0.0305		-0.0169999		1.31447e-05
0.03045		-0.0169999		1.87793e-05
0.0304		-0.0169999		2.30913e-05
0.03035		-0.0169999		2.39034e-05
0.0303		-0.0169999		2.47733e-05
0.03025		-0.0169999		2.54289e-05
0.0302		-0.0169999		2.39593e-05
0.03015		-0.0169999		2.12231e-05
0.0301		-0.0169999		1.75928e-05
0.03005		-0.0169999		1.58009e-05
0.03		-0.0169999		1.32155e-05
0.02995		-0.0169999		9.79198e-06
0.0299		-0.0169999		1.07326e-05
0.02985		-0.0169999		8.97242e-06
0.0298		-0.0169999		5.57306e-06
0.02975		-0.0169999		7.15259e-06
0.0297		-0.0169999		6.67202e-06
0.02965		-0.0169999		4.93604e-06
0.0296		-0.0169999		3.8557e-06
0.02955		-0.0169999		7.26248e-06
0.0295		-0.0169999		5.76864e-06
0.02945		-0.0169999		4.63056e-06
0.0294		-0.0169999		6.0201e-06
0.02935		-0.0169999		5.12975e-06
0.0293		-0.0169999		5.76305e-06
0.02925		-0.0169999		2.99329e-06
0.0292		-0.0169999		6.19705e-06
0.02915		-0.0169999		4.53557e-06
0.0291		-0.0169999		4.34558e-06
0.02905		-0.0169999		4.60449e-06
0.029		-0.0169999		4.51322e-06
0.029		-0.0174999		4.30646e-06
0.02905		-0.0174999		5.2173e-06
0.0291		-0.0174999		5.47248e-06
0.02915		-0.0174999		3.5409e-06
0.0292		-0.0174999		4.64733e-06
0.02925		-0.0174999		3.24288e-06
0.0293		-0.0174999		3.13671e-06
0.02935		-0.0174999		4.42567e-06
0.0294		-0.0174999		5.17632e-06
0.02945		-0.0174999		2.89643e-06
0.0295		-0.0174999		4.18167e-06
0.02955		-0.0174999		5.8357e-06
0.0296		-0.0174999		5.85432e-06
0.02965		-0.0174999		6.00147e-06
0.0297		-0.0174999		4.49832e-06
0.02975		-0.0174999		4.99378e-06
0.0298		-0.0174999		7.37797e-06
0.02985		-0.0174999		9.06183e-06
0.0299		-0.0174999		1.0144e-05
0.02995		-0.0174999		1.23047e-05
0.03		-0.0174999		1.14311e-05
0.03005		-0.0174999		1.67844e-05
0.0301		-0.0174999		1.83174e-05
0.03015		-0.0174999		2.12603e-05
0.0302		-0.0174999		2.24767e-05
0.03025		-0.0174999		2.47603e-05
0.0303		-0.0174999		2.25325e-05
0.03035		-0.0174999		2.47379e-05
0.0304		-0.0174999		2.27058e-05
0.03045		-0.0174999		1.92636e-05
0.0305		-0.0174999		1.43853e-05
0.03055		-0.0174999		1.10698e-05
0.0306		-0.0174999		1.04588e-05
0.03065		-0.0174999		8.85321e-06
0.0307		-0.0174999		8.47323e-06
0.03075		-0.0174999		6.71859e-06
0.0308		-0.0174999		4.67899e-06
0.03085		-0.0174999		4.50018e-06
0.0309		-0.0174999		4.34185e-06
0.03095		-0.0174999		4.05314e-06
0.031		-0.0174999		3.13671e-06
0.03105		-0.0174999		4.85036e-06
0.0311		-0.0174999		4.25617e-06
0.03115		-0.0174999		4.58214e-06
0.0312		-0.0174999		5.22661e-06
0.03125		-0.0174999		5.03103e-06
0.0313		-0.0174999		4.89134e-06
0.03135		-0.0174999		4.94349e-06
0.0314		-0.0174999		6.07411e-06
0.03145		-0.0174999		4.41264e-06
0.0315		-0.0174999		3.98236e-06
0.0315		-0.0179999		6.38704e-06
0.03145		-0.0179999		4.20216e-06
0.0314		-0.0179999		3.97864e-06
0.03135		-0.0179999		4.23941e-06
0.0313		-0.0179999		4.74977e-06
0.03125		-0.0179999		3.60796e-06
0.0312		-0.0179999		4.84291e-06
0.03115		-0.0179999		4.53371e-06
0.0311		-0.0179999		5.62149e-06
0.03105		-0.0179999		4.39587e-06
0.031		-0.0179999		4.40146e-06
0.03095		-0.0179999		3.75138e-06
0.0309		-0.0179999		4.52812e-06
0.03085		-0.0179999		4.65105e-06
0.0308		-0.0179999		7.23454e-06
0.03075		-0.0179999		6.7279e-06
0.0307		-0.0179999		9.05065e-06
0.03065		-0.0179999		6.93466e-06
0.0306		-0.0179999		9.75101e-06
0.03055		-0.0179999		1.19173e-05
0.0305		-0.0179999		1.41059e-05
0.03045		-0.0179999		1.92822e-05
0.0304		-0.0179999		2.01577e-05
0.03035		-0.0179999		2.30205e-05
0.0303		-0.0179999		2.19365e-05
0.03025		-0.0179999		2.60418e-05
0.0302		-0.0179999		2.64366e-05
0.03015		-0.0179999		2.25307e-05
0.0301		-0.0179999		2.04724e-05
0.03005		-0.0179999		1.78536e-05
0.03		-0.0179999		1.57376e-05
0.02995		-0.0179999		1.18409e-05
0.0299		-0.0179999		1.17086e-05
0.02985		-0.0179999		9.68581e-06
0.0298		-0.0179999		7.70955e-06
0.02975		-0.0179999		5.65688e-06
0.0297		-0.0179999		5.76305e-06
0.02965		-0.0179999		4.63802e-06
0.0296		-0.0179999		4.584e-06
0.02955		-0.0179999		4.52998e-06
0.0295		-0.0179999		3.47944e-06
0.02945		-0.0179999		3.29503e-06
0.0294		-0.0179999		3.88178e-06
0.02935		-0.0179999		3.24661e-06
0.0293		-0.0179999		4.55233e-06
0.02925		-0.0179999		5.96981e-06
0.0292		-0.0179999		1.97256e-06
0.02915		-0.0179999		4.77026e-06
0.0291		-0.0179999		3.57071e-06
0.02905		-0.0179999		4.38842e-06
0.029		-0.0179999		4.60263e-06
0.029		-0.0184999		6.5584e-06
0.02905		-0.0184999		3.00446e-06
0.0291		-0.0184999		4.20774e-06
0.02915		-0.0184999		1.83285e-06
0.0292		-0.0184999		4.33254e-06
0.02925		-0.0184999		5.8208e-06
0.0293		-0.0184999		3.31552e-06
0.02935		-0.0184999		3.32297e-06
0.0294		-0.0184999		3.35278e-06
0.02945		-0.0184999		3.7905e-06
0.0295		-0.0184999		4.12951e-06
0.02955		-0.0184999		3.87061e-06
0.0296		-0.0184999		5.90275e-06
0.02965		-0.0184999		4.27666e-06
0.0297		-0.0184999		3.19259e-06
0.02975		-0.0184999		3.90786e-06
0.0298		-0.0184999		7.67229e-06
0.02985		-0.0184999		8.22177e-06
0.0299		-0.0184999		7.72445e-06
0.02995		-0.0184999		1.15689e-05
0.03		-0.0184999		1.30721e-05
0.03005		-0.0184999		1.37445e-05
0.0301		-0.0184999		1.82186e-05
0.03015		-0.0184999		2.18601e-05
0.0302		-0.0184999		2.35328e-05
0.03025		-0.0184999		2.43039e-05
0.0303		-0.0184999		2.46764e-05
0.03035		-0.0184999		2.17707e-05
0.0304		-0.0184999		2.09698e-05
0.03045		-0.0184999		1.83472e-05
0.0305		-0.0184999		1.41804e-05
0.03055		-0.0184999		1.1731e-05
0.0306		-0.0184999		8.16403e-06
0.03065		-0.0184999		7.02965e-06
0.0307		-0.0184999		8.64459e-06
0.03075		-0.0184999		3.89855e-06
0.0308		-0.0184999		4.3847e-06
0.03085		-0.0184999		5.59914e-06
0.0309		-0.0184999		7.54002e-06
0.03095		-0.0184999		4.36979e-06
0.031		-0.0184999		6.46527e-06
0.03105		-0.0184999		4.52812e-06
0.0311		-0.0184999		5.66806e-06
0.03115		-0.0184999		4.49645e-06
0.0312		-0.0184999		4.40518e-06
0.03125		-0.0184999		4.71811e-06
0.0313		-0.0184999		5.83011e-06
0.03135		-0.0184999		4.49832e-06
0.0314		-0.0184999		5.31974e-06
0.03145		-0.0184999		3.22984e-06
0.0315		-0.0184999		3.31366e-06
0.0315		-0.0189999		4.09785e-06
0.03145		-0.0189999		5.70717e-06
0.0314		-0.0189999		5.05897e-06
0.03135		-0.0189999		2.95044e-06
0.0313		-0.0189999		5.08133e-06
0.03125		-0.0189999		4.87271e-06
0.0312		-0.0189999		2.71016e-06
0.03115		-0.0189999		3.25033e-06
0.0311		-0.0189999		5.07015e-06
0.03105		-0.0189999		3.00446e-06
0.031		-0.0189999		3.80912e-06
0.03095		-0.0189999		4.11647e-06
0.0309		-0.0189999		5.64571e-06
0.03085		-0.0189999		4.46479e-06
0.0308		-0.0189999		6.01451e-06
0.03075		-0.0189999		5.67551e-06
0.0307		-0.0189999		8.23295e-06
0.03065		-0.0189999		8.91095e-06
0.0306		-0.0189999		9.26113e-06
0.03055		-0.0189999		1.26828e-05
0.0305		-0.0189999		1.46349e-05
0.03045		-0.0189999		1.76058e-05
0.0304		-0.0189999		2.15956e-05
0.03035		-0.0189999		2.17074e-05
0.0303		-0.0189999		2.42573e-05
0.03025		-0.0189999		2.75747e-05
0.0302		-0.0189999		2.57177e-05
0.03015		-0.0189999		2.32124e-05
0.0301		-0.0189999		1.97665e-05
0.03005		-0.0189999		1.57562e-05
0.03		-0.0189999		1.54787e-05
0.02995		-0.0189999		1.37408e-05
0.0299		-0.0189999		1.30404e-05
0.02985		-0.0189999		8.77125e-06
0.0298		-0.0189999		7.68719e-06
0.02975		-0.0189999		5.61963e-06
0.0297		-0.0189999		6.15607e-06
0.02965		-0.0189999		3.30062e-06
0.0296		-0.0189999		2.64497e-06
0.02955		-0.0189999		2.38606e-06
0.0295		-0.0189999		3.68433e-06
0.02945		-0.0189999		3.23915e-06
0.0294		-0.0189999		4.46665e-06
0.02935		-0.0189999		3.16837e-06
0.0293		-0.0189999		3.41797e-06
0.02925		-0.0189999		6.60124e-06
0.0292		-0.0189999		3.96188e-06
0.02915		-0.0189999		2.89084e-06
0.0291		-0.0189999		3.81285e-06
0.02905		-0.0189999		4.44803e-06
0.029		-0.0189999		3.0473e-06
0.029		-0.0194999		3.17582e-06
0.02905		-0.0194999		3.02495e-06
0.0291		-0.0194999		2.90015e-06
0.02915		-0.0194999		3.04544e-06
0.0292		-0.0194999		6.23803e-06
0.02925		-0.0194999		1.65776e-06
0.0293		-0.0194999		1.51434e-06
0.02935		-0.0194999		3.76442e-06
0.0294		-0.0194999		4.66596e-06
0.02945		-0.0194999		4.36979e-06
0.0295		-0.0194999		4.51136e-06
0.02955		-0.0194999		3.37326e-06
0.0296		-0.0194999		3.4515e-06
0.02965		-0.0194999		5.49856e-06
0.0297		-0.0194999		3.53159e-06
0.02975		-0.0194999		4.75909e-06
0.0298		-0.0194999		5.18936e-06
0.02985		-0.0194999		7.147e-06
0.0299		-0.0194999		9.88139e-06
0.02995		-0.0194999		9.69699e-06
0.03		-0.0194999		1.06823e-05
0.03005		-0.0194999		1.34782e-05
0.0301		-0.0194999		1.73376e-05
0.03015		-0.0194999		1.74885e-05
0.0302		-0.0194999		1.99397e-05
0.03025		-0.0194999		2.39835e-05
0.0303		-0.0194999		2.31472e-05
0.03035		-0.0194999		2.34713e-05
0.0304		-0.0194999		2.17763e-05
0.03045		-0.0194999		2.28063e-05
0.0305		-0.0194999		2.12585e-05
0.03055		-0.0194999		1.6153e-05
0.0306		-0.0194999		1.26325e-05
0.03065		-0.0194999		1.21426e-05
0.0307		-0.0194999		1.13063e-05
0.03075		-0.0194999		9.72493e-06
0.0308		-0.0194999		6.40939e-06
0.03085		-0.0194999		5.59728e-06
0.0309		-0.0194999		3.47385e-06
0.03095		-0.0194999		4.27107e-06
0.031		-0.0194999		3.92462e-06
0.03105		-0.0194999		3.2969e-06
0.0311		-0.0194999		3.18886e-06
0.03115		-0.0194999		4.69576e-06
0.0312		-0.0194999		2.98956e-06
0.03125		-0.0194999		4.71438e-06
0.0313		-0.0194999		2.71761e-06
0.03135		-0.0194999		4.12951e-06
0.0314		-0.0194999		4.05314e-06
0.03145		-0.0194999		4.81124e-06
0.0315		-0.0194999		5.70159e-06
0.0315		-0.0199999		3.43473e-06
0.03145		-0.0199999		3.79981e-06
0.0314		-0.0199999		3.64149e-06
0.03135		-0.0199999		4.21147e-06
0.0313		-0.0199999		3.90972e-06
0.03125		-0.0199999		4.17608e-06
0.0312		-0.0199999		3.906e-06
0.03115		-0.0199999		4.25617e-06
0.0311		-0.0199999		5.50415e-06
0.03105		-0.0199999		3.63217e-06
0.031		-0.0199999		4.63802e-06
0.03095		-0.0199999		5.83197e-06
0.0309		-0.0199999		4.91927e-06
0.03085		-0.0199999		4.19284e-06
0.0308		-0.0199999		6.77447e-06
0.03075		-0.0199999		8.32422e-06
0.0307		-0.0199999		9.3226e-06
0.03065		-0.0199999		1.25561e-05
0.0306		-0.0199999		1.47205e-05
0.03055		-0.0199999		1.59518e-05
0.0305		-0.0199999		1.98708e-05
0.03045		-0.0199999		2.30131e-05
0.0304		-0.0199999		2.23463e-05
0.03035		-0.0199999		2.51961e-05
0.0303		-0.0199999		2.3747e-05
0.03025		-0.0199999		2.3544e-05
0.0302		-0.0199999		2.53507e-05
0.03015		-0.0199999		2.10666e-05
0.0301		-0.0199999		1.72892e-05
0.03005		-0.0199999		1.43648e-05
0.03		-0.0199999		1.33627e-05
0.02995		-0.0199999		1.46144e-05
0.0299		-0.0199999		1.10362e-05
0.02985		-0.0199999		7.98708e-06
0.0298		-0.0199999		4.34372e-06
0.02975		-0.0199999		5.75188e-06
0.0297		-0.0199999		5.18936e-06
0.02965		-0.0199999		4.38097e-06
0.0296		-0.0199999		5.29739e-06
0.02955		-0.0199999		5.05152e-06
0.0295		-0.0199999		3.90972e-06
0.02945		-0.0199999		4.81683e-06
0.0294		-0.0199999		4.91927e-06
0.02935		-0.0199999		4.37911e-06
0.0293		-0.0199999		2.84427e-06
0.02925		-0.0199999		2.81447e-06
0.0292		-0.0199999		2.51645e-06
0.02915		-0.0199999		5.44454e-06
0.0291		-0.0199999		4.85036e-06
0.02905		-0.0199999		5.76305e-06
0.029		-0.0199999		1.37091e-06
0.029		-0.0204999		5.22475e-06
0.02905		-0.0204999		3.99727e-06
0.0291		-0.0204999		4.63802e-06
0.02915		-0.0204999		3.11808e-06
0.0292		-0.0204999		4.48528e-06
0.02925		-0.0204999		5.58051e-06
0.0293		-0.0204999		4.33813e-06
0.02935		-0.0204999		3.01564e-06
0.0294		-0.0204999		3.20376e-06
0.02945		-0.0204999		2.99142e-06
0.0295		-0.0204999		4.85408e-06
0.02955		-0.0204999		3.92649e-06
0.0296		-0.0204999		3.90227e-06
0.02965		-0.0204999		3.38072e-06
0.0297		-0.0204999		3.59306e-06
0.02975		-0.0204999		4.80379e-06
0.0298		-0.0204999		3.36395e-06
0.02985		-0.0204999		7.07249e-06
0.0299		-0.0204999		9.70258e-06
0.02995		-0.0204999		8.62969e-06
0.03		-0.0204999		1.06488e-05
0.03005		-0.0204999		1.11648e-05
0.0301		-0.0204999		1.48416e-05
0.03015		-0.0204999		1.82149e-05
0.0302		-0.0204999		2.15714e-05
0.03025		-0.0204999		2.47118e-05
0.0303		-0.0204999		2.3516e-05
0.03035		-0.0204999		2.58257e-05
0.0304		-0.0204999		2.41866e-05
0.03045		-0.0204999		2.33391e-05
0.0305		-0.0204999		2.13516e-05
0.03055		-0.0204999		1.8064e-05
0.0306		-0.0204999		1.60636e-05
0.03065		-0.0204999		1.21911e-05
0.0307		-0.0204999		1.26586e-05
0.03075		-0.0204999		9.23505e-06
0.0308		-0.0204999		8.24226e-06
0.03085		-0.0204999		5.38307e-06
0.0309		-0.0204999		3.7253e-06
0.03095		-0.0204999		4.97888e-06
0.031		-0.0204999		4.86153e-06
0.03105		-0.0204999		2.36744e-06
0.0311		-0.0204999		4.30646e-06
0.03115		-0.0204999		1.52365e-06
0.0312		-0.0204999		3.59306e-06
0.03125		-0.0204999		4.95467e-06
0.0313		-0.0204999		5.48738e-06
0.03135		-0.0204999		3.79981e-06
0.0314		-0.0204999		5.42778e-06
0.03145		-0.0204999		2.03775e-06
0.0315		-0.0204999		3.25592e-06
0.0315		-0.0209999		6.21195e-06
0.03145		-0.0209999		3.67315e-06
0.0314		-0.0209999		3.47385e-06
0.03135		-0.0209999		2.22029e-06
0.0313		-0.0209999		4.00099e-06
0.03125		-0.0209999		4.14814e-06
0.0312		-0.0209999		4.26549e-06
0.03115		-0.0209999		3.01191e-06
0.0311		-0.0209999		3.09014e-06
0.03105		-0.0209999		4.70135e-06
0.031		-0.0209999		2.92623e-06
0.03095		-0.0209999		3.07524e-06
0.0309		-0.0209999		4.25431e-06
0.03085		-0.0209999		4.60263e-06
0.0308		-0.0209999		5.94746e-06
0.03075		-0.0209999		1.02707e-05
0.0307		-0.0209999		1.15708e-05
0.03065		-0.0209999		1.33478e-05
0.0306		-0.0209999		1.52943e-05
0.03055		-0.0209999		1.56799e-05
0.0305		-0.0209999		1.81628e-05
0.03045		-0.0209999		2.13069e-05
0.0304		-0.0209999		2.05954e-05
0.03035		-0.0209999		2.24897e-05
0.0303		-0.0209999		2.09772e-05
0.03025		-0.0209999		2.01483e-05
0.0302		-0.0209999		1.86955e-05
0.03015		-0.0209999		1.54638e-05
0.0301		-0.0209999		1.50093e-05
0.03005		-0.0209999		1.30423e-05
0.03		-0.0209999		1.04588e-05
0.02995		-0.0209999		1.19955e-05
0.0299		-0.0209999		9.3971e-06
0.02985		-0.0209999		6.8229e-06
0.0298		-0.0209999		6.37773e-06
0.02975		-0.0209999		5.34768e-06
0.0297		-0.0209999		4.45548e-06
0.02965		-0.0209999		2.57792e-06
0.0296		-0.0209999		4.68458e-06
0.02955		-0.0209999		4.13138e-06
0.0295		-0.0209999		4.43312e-06
0.02945		-0.0209999		2.0154e-06
0.0294		-0.0209999		1.58884e-06
0.02935		-0.0209999		3.14416e-06
0.0293		-0.0209999		3.47012e-06
0.02925		-0.0209999		3.21308e-06
0.0292		-0.0209999		2.72506e-06
0.02915		-0.0209999		3.9805e-06
0.0291		-0.0209999		3.20563e-06
0.02905		-0.0209999		2.4289e-06
0.029		-0.0209999		2.95976e-06
0.029		-0.0214999		1.75648e-06
0.02905		-0.0214999		2.48292e-06
0.0291		-0.0214999		4.70693e-06
0.02915		-0.0214999		3.08269e-06
0.0292		-0.0214999		5.11485e-06
0.02925		-0.0214999		3.22053e-06
0.0293		-0.0214999		5.71276e-06
0.02935		-0.0214999		2.13647e-06
0.0294		-0.0214999		5.00309e-06
0.02945		-0.0214999		4.02334e-06
0.0295		-0.0214999		3.50924e-06
0.02955		-0.0214999		4.62125e-06
0.0296		-0.0214999		2.54439e-06
0.02965		-0.0214999		3.42356e-06
0.0297		-0.0214999		3.03799e-06
0.02975		-0.0214999		3.26151e-06
0.0298		-0.0214999		5.48738e-06
0.02985		-0.0214999		6.14303e-06
0.0299		-0.0214999		6.7279e-06
0.02995		-0.0214999		7.77288e-06
0.03		-0.0214999		8.64459e-06
0.03005		-0.0214999		9.3822e-06
0.0301		-0.0214999		1.16211e-05
0.03015		-0.0214999		1.13138e-05
0.0302		-0.0214999		1.37576e-05
0.03025		-0.0214999		1.62275e-05
0.0303		-0.0214999		1.96734e-05
0.03035		-0.0214999		1.93958e-05
0.0304		-0.0214999		1.89283e-05
0.03045		-0.0214999		2.10536e-05
0.0305		-0.0214999		1.85632e-05
0.03055		-0.0214999		1.66037e-05
0.0306		-0.0214999		1.32043e-05
0.03065		-0.0214999		1.27461e-05
0.0307		-0.0214999		1.22302e-05
0.03075		-0.0214999		9.82551e-06
0.0308		-0.0214999		9.0283e-06
0.03085		-0.0214999		5.9251e-06
0.0309		-0.0214999		4.94908e-06
0.03095		-0.0214999		6.24362e-06
0.031		-0.0214999		5.13534e-06
0.03105		-0.0214999		3.33415e-06
0.0311		-0.0214999		4.08295e-06
0.03115		-0.0214999		2.8331e-06
0.0312		-0.0214999		4.4741e-06
0.03125		-0.0214999		4.95467e-06
0.0313		-0.0214999		3.12926e-06
0.03135		-0.0214999		4.95653e-06
0.0314		-0.0214999		4.73301e-06
0.03145		-0.0214999		4.06618e-06
0.0315		-0.0214999		3.93207e-06
0.0315		-0.0219999		4.07363e-06
0.03145		-0.0219999		3.19818e-06
0.0314		-0.0219999		5.29553e-06
0.03135		-0.0219999		3.90041e-06
0.0313		-0.0219999		3.97305e-06
0.03125		-0.0219999		4.94721e-06
0.0312		-0.0219999		2.89643e-06
0.03115		-0.0219999		1.90736e-06
0.0311		-0.0219999		3.61355e-06
0.03105		-0.0219999		3.75697e-06
0.031		-0.0219999		5.14279e-06
0.03095		-0.0219999		5.75188e-06
0.0309		-0.0219999		5.58796e-06
0.03085		-0.0219999		7.07436e-06
0.0308		-0.0219999		4.94163e-06
0.03075		-0.0219999		5.7854e-06
0.0307		-0.0219999		8.00571e-06
0.03065		-0.0219999		1.04122e-05
0.0306		-0.0219999		1.15447e-05
0.03055		-0.0219999		1.60375e-05
0.0305		-0.0219999		1.61492e-05
0.03045		-0.0219999		1.92003e-05
0.0304		-0.0219999		2.00738e-05
0.03035		-0.0219999		1.94219e-05
0.0303		-0.0219999		1.84142e-05
0.03025		-0.0219999		1.71644e-05
0.0302		-0.0219999		1.49161e-05
0.03015		-0.0219999		1.3901e-05
0.0301		-0.0219999		9.47347e-06
0.03005		-0.0219999		8.35961e-06
0.03		-0.0219999		6.6385e-06
0.02995		-0.0219999		6.36841e-06
0.0299		-0.0219999		7.43198e-06
0.02985		-0.0219999		6.73722e-06
0.0298		-0.0219999		4.76095e-06
0.02975		-0.0219999		3.24847e-06
0.0297		-0.0219999		3.09014e-06
0.02965		-0.0219999		3.79609e-06
0.0296		-0.0219999		5.85246e-06
0.02955		-0.0219999		3.63962e-06
0.0295		-0.0219999		3.94139e-06
0.02945		-0.0219999		2.33763e-06
0.0294		-0.0219999		3.59678e-06
0.02935		-0.0219999		2.95231e-06
0.0293		-0.0219999		4.55792e-06
0.02925		-0.0219999		3.89482e-06
0.0292		-0.0219999		4.72742e-06
0.02915		-0.0219999		4.09971e-06
0.0291		-0.0219999		2.68595e-06
0.02905		-0.0219999		3.26896e-06
0.029		-0.0219999		4.50949e-06
0.029		-0.0224999		2.76418e-06
0.02905		-0.0224999		3.27082e-06
0.0291		-0.0224999		3.27641e-06
0.02915		-0.0224999		3.18328e-06
0.0292		-0.0224999		3.4664e-06
0.02925		-0.0224999		3.53904e-06
0.0293		-0.0224999		2.32646e-06
0.02935		-0.0224999		2.40283e-06
0.0294		-0.0224999		4.39028e-06
0.02945		-0.0224999		4.71625e-06
0.0295		-0.0224999		2.16441e-06
0.02955		-0.0224999		4.80193e-06
0.0296		-0.0224999		4.78516e-06
0.02965		-0.0224999		3.1274e-06
0.0297		-0.0224999		4.11647e-06
0.02975		-0.0224999		2.42145e-06
0.0298		-0.0224999		3.04916e-06
0.02985		-0.0224999		6.28459e-06
0.0299		-0.0224999		5.25828e-06
0.02995		-0.0224999		6.72977e-06
0.03		-0.0224999		6.64408e-06
0.03005		-0.0224999		6.68693e-06
0.0301		-0.0224999		8.98918e-06
0.03015		-0.0224999		1.05091e-05
0.0302		-0.0224999		1.20253e-05
0.03025		-0.0224999		1.3426e-05
0.0303		-0.0224999		1.64994e-05
0.03035		-0.0224999		1.9176e-05
0.0304		-0.0224999		1.92375e-05
0.03045		-0.0224999		1.85092e-05
0.0305		-0.0224999		1.72016e-05
0.03055		-0.0224999		1.59276e-05
0.0306		-0.0224999		1.24835e-05
0.03065		-0.0224999		1.20011e-05
0.0307		-0.0224999		1.06153e-05
0.03075		-0.0224999		8.02247e-06
0.0308		-0.0224999		7.12092e-06
0.03085		-0.0224999		5.91952e-06
0.0309		-0.0224999		4.97515e-06
0.03095		-0.0224999		4.83173e-06
0.031		-0.0224999		3.55767e-06
0.03105		-0.0224999		3.70109e-06
0.0311		-0.0224999		3.32297e-06
0.03115		-0.0224999		3.8557e-06
0.0312		-0.0224999		4.64174e-06
0.03125		-0.0224999		4.05873e-06
0.0313		-0.0224999		3.57816e-06
0.03135		-0.0224999		5.10554e-06
0.0314		-0.0224999		3.73648e-06
0.03145		-0.0224999		4.61753e-06
0.0315		-0.0224999		4.3344e-06
0.0315		-0.0229999		4.85781e-06
0.03145		-0.0229999		3.11808e-06
0.0314		-0.0229999		2.90574e-06
0.03135		-0.0229999		3.25033e-06
0.0313		-0.0229999		3.70482e-06
0.03125		-0.0229999		2.48478e-06
0.0312		-0.0229999		3.60051e-06
0.03115		-0.0229999		3.40307e-06
0.0311		-0.0229999		2.06196e-06
0.03105		-0.0229999		4.13138e-06
0.031		-0.0229999		3.03985e-06
0.03095		-0.0229999		2.36744e-06
0.0309		-0.0229999		4.71997e-06
0.03085		-0.0229999		6.88437e-06
0.0308		-0.0229999		7.02965e-06
0.03075		-0.0229999		8.66322e-06
0.0307		-0.0229999		1.03359e-05
0.03065		-0.0229999		1.21613e-05
0.0306		-0.0229999		1.28598e-05
0.03055		-0.0229999		1.47112e-05
0.0305		-0.0229999		1.63988e-05
0.03045		-0.0229999		1.84645e-05
0.0304		-0.0229999		1.90475e-05
0.03035		-0.0229999		1.56836e-05
0.0303		-0.0229999		1.49645e-05
0.03025		-0.0229999		1.60859e-05
0.0302		-0.0229999		1.33608e-05
0.03015		-0.0229999		1.26958e-05
0.0301		-0.0229999		8.88674e-06
0.03005		-0.0229999		8.05972e-06
0.03		-0.0229999		7.05759e-06
0.02995		-0.0229999		6.39076e-06
0.0299		-0.0229999		7.32581e-06
0.02985		-0.0229999		3.18141e-06
0.0298		-0.0229999		3.6508e-06
0.02975		-0.0229999		3.84267e-06
0.0297		-0.0229999		3.57816e-06
0.02965		-0.0229999		4.21147e-06
0.0296		-0.0229999		2.50713e-06
0.02955		-0.0229999		2.4941e-06
0.0295		-0.0229999		3.99168e-06
0.02945		-0.0229999		4.10902e-06
0.0294		-0.0229999		3.55953e-06
0.02935		-0.0229999		5.01241e-06
0.0293		-0.0229999		1.76207e-06
0.02925		-0.0229999		3.02495e-06
0.0292		-0.0229999		4.77585e-06
0.02915		-0.0229999		3.30621e-06
0.0291		-0.0229999		4.20961e-06
0.02905		-0.0229999		5.87295e-06
0.029		-0.0229999		1.12318e-06
0.029		-0.0234999		2.41959e-06
0.02905		-0.0234999		3.3565e-06
0.0291		-0.0234999		2.38234e-06
0.02915		-0.0234999		2.84614e-06
0.0292		-0.0234999		3.21308e-06
0.02925		-0.0234999		1.0226e-06
0.0293		-0.0234999		3.3267e-06
0.02935		-0.0234999		3.21121e-06
0.0294		-0.0234999		2.85359e-06
0.02945		-0.0234999		5.4166e-06
0.0295		-0.0234999		2.34322e-06
0.02955		-0.0234999		3.47944e-06
0.0296		-0.0234999		2.51831e-06
0.02965		-0.0234999		3.21494e-06
0.0297		-0.0234999		3.52228e-06
0.02975		-0.0234999		2.48292e-06
0.0298		-0.0234999		4.21147e-06
0.02985		-0.0234999		2.85731e-06
0.0299		-0.0234999		7.09298e-06
0.02995		-0.0234999		4.01403e-06
0.03		-0.0234999		6.77633e-06
0.03005		-0.0234999		8.07276e-06
0.0301		-0.0234999		6.82476e-06
0.03015		-0.0234999		8.8886e-06
0.0302		-0.0234999		1.0945e-05
0.03025		-0.0234999		1.39885e-05
0.0303		-0.0234999		1.42344e-05
0.03035		-0.0234999		1.70973e-05
0.0304		-0.0234999		1.67639e-05
0.03045		-0.0234999		1.71327e-05
0.0305		-0.0234999		1.58177e-05
0.03055		-0.0234999		1.44765e-05
0.0306		-0.0234999		1.24239e-05
0.03065		-0.0234999		1.03526e-05
0.0307		-0.0234999		9.16613e-06
0.03075		-0.0234999		6.69624e-06
0.0308		-0.0234999		5.77795e-06
0.03085		-0.0234999		5.38121e-06
0.0309		-0.0234999		7.80268e-06
0.03095		-0.0234999		4.2301e-06
0.031		-0.0234999		3.89482e-06
0.03105		-0.0234999		2.39351e-06
0.0311		-0.0234999		3.88364e-06
0.03115		-0.0234999		4.10157e-06
0.0312		-0.0234999		2.68036e-06
0.03125		-0.0234999		4.55606e-06
0.0313		-0.0234999		4.16863e-06
0.03135		-0.0234999		4.31578e-06
0.0314		-0.0234999		3.0026e-06
0.03145		-0.0234999		4.21147e-06
0.0315		-0.0234999		3.72717e-06
0.0315		-0.0239999		5.7854e-06
0.03145		-0.0239999		5.19308e-06
0.0314		-0.0239999		3.08642e-06
0.03135		-0.0239999		4.55978e-06
0.0313		-0.0239999		3.19445e-06
0.03125		-0.0239999		4.22451e-06
0.0312		-0.0239999		3.54649e-06
0.03115		-0.0239999		3.69737e-06
0.0311		-0.0239999		1.98559e-06
0.03105		-0.0239999		2.58537e-06
0.031		-0.0239999		3.76256e-06
0.03095		-0.0239999		1.66149e-06
0.0309		-0.0239999		4.53743e-06
0.03085		-0.0239999		4.74977e-06
0.0308		-0.0239999		3.97491e-06
0.03075		-0.0239999		6.5137e-06
0.0307		-0.0239999		6.32371e-06
0.03065		-0.0239999		8.97987e-06
0.0306		-0.0239999		1.2314e-05
0.03055		-0.0239999		1.19042e-05
0.0305		-0.0239999		1.16043e-05
0.03045		-0.0239999		1.5516e-05
0.0304		-0.0239999		1.40835e-05
0.03035		-0.0239999		1.35191e-05
0.0303		-0.0239999		1.41152e-05
0.03025		-0.0239999		1.25282e-05
0.0302		-0.0239999		1.0524e-05
0.03015		-0.0239999		7.56237e-06
0.0301		-0.0239999		7.94424e-06
0.03005		-0.0239999		7.88091e-06
0.03		-0.0239999		4.75536e-06
0.02995		-0.0239999		5.73139e-06
0.0299		-0.0239999		3.73834e-06
0.02985		-0.0239999		3.47199e-06
0.0298		-0.0239999		3.15347e-06
0.02975		-0.0239999		2.26127e-06
0.0297		-0.0239999		2.62634e-06
0.02965		-0.0239999		2.84986e-06
0.0296		-0.0239999		3.73276e-06
0.02955		-0.0239999		2.27989e-06
0.0295		-0.0239999		2.9225e-06
0.02945		-0.0239999		1.4566e-06
0.0294		-0.0239999		4.67154e-06
0.02935		-0.0239999		4.5542e-06
0.0293		-0.0239999		2.49037e-06
0.02925		-0.0239999		4.31205e-06
0.0292		-0.0239999		4.23755e-06
0.02915		-0.0239999		1.02819e-06
0.0291		-0.0239999		4.38656e-06
0.02905		-0.0239999		2.8629e-06
0.029		-0.0239999		3.96746e-06
0.029		-0.0244999		3.23543e-06
0.02905		-0.0244999		4.13138e-06
0.0291		-0.0244999		3.44032e-06
0.02915		-0.0244999		4.08854e-06
0.0292		-0.0244999		2.45498e-06
0.02925		-0.0244999		3.6806e-06
0.0293		-0.0244999		3.34719e-06
0.02935		-0.0244999		2.07128e-06
0.0294		-0.0244999		4.15745e-06
0.02945		-0.0244999		3.30993e-06
0.0295		-0.0244999		2.44567e-06
0.02955		-0.0244999		2.86476e-06
0.0296		-0.0244999		2.82006e-06
0.02965		-0.0244999		3.25964e-06
0.0297		-0.0244999		2.63007e-06
0.02975		-0.0244999		3.31925e-06
0.0298		-0.0244999		4.53557e-06
0.02985		-0.0244999		3.282e-06
0.0299		-0.0244999		4.29343e-06
0.02995		-0.0244999		6.46713e-06
0.03		-0.0244999		4.60263e-06
0.03005		-0.0244999		6.29763e-06
0.0301		-0.0244999		7.92748e-06
0.03015		-0.0244999		8.48254e-06
0.0302		-0.0244999		1.14553e-05
0.03025		-0.0244999		1.21929e-05
0.0303		-0.0244999		1.41375e-05
0.03035		-0.0244999		1.54489e-05
0.0304		-0.0244999		1.7373e-05
0.03045		-0.0244999		1.44374e-05
0.0305		-0.0244999		1.75276e-05
0.03055		-0.0244999		1.4741e-05
0.0306		-0.0244999		1.47075e-05
0.03065		-0.0244999		1.29101e-05
0.0307		-0.0244999		1.15112e-05
0.03075		-0.0244999		1.05333e-05
0.0308		-0.0244999		9.27976e-06
0.03085		-0.0244999		8.12678e-06
0.0309		-0.0244999		5.88785e-06
0.03095		-0.0244999		4.26921e-06
0.031		-0.0244999		2.01912e-06
0.03105		-0.0244999		2.21656e-06
0.0311		-0.0244999		3.04544e-06
0.03115		-0.0244999		2.3246e-06
0.0312		-0.0244999		1.90736e-06
0.03125		-0.0244999		3.3565e-06
0.0313		-0.0244999		4.06432e-06
0.03135		-0.0244999		2.78467e-06
0.0314		-0.0244999		3.29503e-06
0.03145		-0.0244999		3.50551e-06
0.0315		-0.0244999		4.17049e-06
0.0315		-0.0249999		2.84986e-06
0.03145		-0.0249999		3.1274e-06
0.0314		-0.0249999		2.6636e-06
0.03135		-0.0249999		4.02334e-06
0.0313		-0.0249999		3.47385e-06
0.03125		-0.0249999		3.31366e-06
0.0312		-0.0249999		4.68644e-06
0.03115		-0.0249999		3.93766e-06
0.0311		-0.0249999		2.54625e-06
0.03105		-0.0249999		3.37326e-06
0.031		-0.0249999		6.01638e-07
0.03095		-0.0249999		3.02309e-06
0.0309		-0.0249999		4.20588e-06
0.03085		-0.0249999		2.78281e-06
0.0308		-0.0249999		6.31253e-06
0.03075		-0.0249999		5.68668e-06
0.0307		-0.0249999		8.30746e-06
0.03065		-0.0249999		1.01161e-05
0.0306		-0.0249999		1.22954e-05
0.03055		-0.0249999		1.45995e-05
0.0305		-0.0249999		1.59872e-05
0.03045		-0.0249999		1.58382e-05
0.0304		-0.0249999		1.7889e-05
0.03035		-0.0249999		1.538e-05
0.0303		-0.0249999		1.48826e-05
0.03025		-0.0249999		1.25114e-05
0.0302		-0.0249999		9.8162e-06
0.03015		-0.0249999		9.21829e-06
0.0301		-0.0249999		7.05014e-06
0.03005		-0.0249999		7.38542e-06
0.03		-0.0249999		5.38866e-06
0.02995		-0.0249999		4.69389e-06
0.0299		-0.0249999		3.13671e-06
0.02985		-0.0249999		2.20539e-06
0.0298		-0.0249999		3.44032e-06
0.02975		-0.0249999		2.3246e-06
0.0297		-0.0249999		2.75114e-06
0.02965		-0.0249999		3.16465e-06
0.0296		-0.0249999		2.56488e-06
0.02955		-0.0249999		3.77373e-06
0.0295		-0.0249999		2.02844e-06
0.02945		-0.0249999		4.34185e-06
0.0294		-0.0249999		2.00981e-06
0.02935		-0.0249999		3.85757e-06
0.0293		-0.0249999		2.02657e-06
0.02925		-0.0249999		3.66197e-06
0.0292		-0.0249999		4.46293e-06
0.02915		-0.0249999		2.65987e-06
0.0291		-0.0249999		4.05314e-06
0.02905		-0.0249999		2.84241e-06
0.029		-0.0249999		3.81473e-06
