Your comment line - do NOT delete this line
Col 0: X-pos [m]
Col 1: Y-pos [m]
Col 2: Voltage [V]

Col 0		Col 1		Col 2
0.0315		0.0		5.3406e-05
0.03145		0.0		5.3406e-05
0.0314		0.0		5.3406e-05
0.03135		0.0		6.10356e-05
0.0313		0.0		6.10356e-05
0.03125		0.0		6.10356e-05
0.0312		0.0		6.10356e-05
0.03115		0.0		6.10356e-05
0.0311		0.0		6.10356e-05
0.03105		0.0		6.10356e-05
0.031		0.0		6.10356e-05
0.03095		0.0		6.10356e-05
0.0309		0.0		6.10356e-05
0.03085		0.0		6.8665e-05
0.0308		0.0		7.62944e-05
0.03075		0.0		7.62944e-05
0.0307		0.0		8.39238e-05
0.03065		0.0		9.15532e-05
0.0306		0.0		9.15532e-05
0.03055		0.0		9.91826e-05
0.0305		0.0		9.91826e-05
0.03045		0.0		9.91826e-05
0.0304		0.0		0.000106812
0.03035		0.0		0.000122071
0.0303		0.0		0.000144959
0.03025		0.0		0.000183106
0.0302		0.0		0.000312807
0.03015		0.0		0.0019684
0.0301		0.0		0.00804144
0.03005		0.0		0.0139924
0.03		0.0		0.0191041
0.02995		0.0		0.0244371
0.0299		0.0		0.0280915
0.02985		0.0		0.0289994
0.0298		0.0		0.0269319
0.02975		0.0		0.0216066
0.0297		0.0		0.0138398
0.02965		0.0		0.00745395
0.0296		0.0		0.00262453
0.02955		0.0		0.000518803
0.0295		0.0		0.000205995
0.02945		0.0		0.000152589
0.0294		0.0		0.00013733
0.02935		0.0		0.000114441
0.0293		0.0		0.000106812
0.02925		0.0		9.91826e-05
0.0292		0.0		9.91826e-05
0.02915		0.0		9.91826e-05
0.0291		0.0		9.15532e-05
0.02905		0.0		8.39238e-05
0.029		0.0		8.39238e-05
0.02895		0.0		7.62944e-05
0.0289		0.0		6.8665e-05
0.02885		0.0		6.10356e-05
0.0288		0.0		6.10356e-05
0.02875		0.0		5.3406e-05
0.0287		0.0		5.3406e-05
0.02865		0.0		5.3406e-05
0.0286		0.0		5.3406e-05
0.02855		0.0		5.3406e-05
0.0285		0.0		4.57766e-05
0.0285		-0.0005		4.57766e-05
0.02855		-0.0005		4.57766e-05
0.0286		-0.0005		4.57766e-05
0.02865		-0.0005		4.57766e-05
0.0287		-0.0005		4.57766e-05
0.02875		-0.0005		4.57766e-05
0.0288		-0.0005		4.57766e-05
0.02885		-0.0005		4.57766e-05
0.0289		-0.0005		5.3406e-05
0.02895		-0.0005		5.3406e-05
0.029		-0.0005		6.10356e-05
0.02905		-0.0005		6.8665e-05
0.0291		-0.0005		6.8665e-05
0.02915		-0.0005		7.62944e-05
0.0292		-0.0005		8.39238e-05
0.02925		-0.0005		9.15532e-05
0.0293		-0.0005		9.91826e-05
0.02935		-0.0005		0.000122071
0.0294		-0.0005		0.000160218
0.02945		-0.0005		0.000205995
0.0295		-0.0005		0.000289919
0.02955		-0.0005		0.000526432
0.0296		-0.0005		0.00205232
0.02965		-0.0005		0.00756076
0.0297		-0.0005		0.0124283
0.02975		-0.0005		0.0199205
0.0298		-0.0005		0.0391238
0.02985		-0.0005		0.0515673
0.0299		-0.0005		0.0525744
0.02995		-0.0005		0.0472414
0.03		-0.0005		0.0294954
0.03005		-0.0005		0.0138779
0.0301		-0.0005		0.00527957
0.03015		-0.0005		0.00283052
0.0302		-0.0005		0.00156403
0.03025		-0.0005		0.000686649
0.0303		-0.0005		0.000350954
0.03035		-0.0005		0.000213624
0.0304		-0.0005		0.000152589
0.03045		-0.0005		0.000122071
0.0305		-0.0005		9.91826e-05
0.03055		-0.0005		9.91826e-05
0.0306		-0.0005		8.39238e-05
0.03065		-0.0005		8.39238e-05
0.0307		-0.0005		6.8665e-05
0.03075		-0.0005		6.8665e-05
0.0308		-0.0005		6.10356e-05
0.03085		-0.0005		6.10356e-05
0.0309		-0.0005		5.3406e-05
0.03095		-0.0005		4.57766e-05
0.031		-0.0005		4.57766e-05
0.03105		-0.0005		5.3406e-05
0.0311		-0.0005		4.57766e-05
0.03115		-0.0005		4.57766e-05
0.0312		-0.0005		4.57766e-05
0.03125		-0.0005		4.57766e-05
0.0313		-0.0005		4.57766e-05
0.03135		-0.0005		4.57766e-05
0.0314		-0.0005		4.57766e-05
0.03145		-0.0005		4.57766e-05
0.0315		-0.0005		3.81472e-05
0.0315		-0.0010001		9.91826e-05
0.03145		-0.0010001		0.000114441
0.0314		-0.0010001		0.000129701
0.03135		-0.0010001		0.000144959
0.0313		-0.0010001		0.000152589
0.03125		-0.0010001		0.00013733
0.0312		-0.0010001		0.000129701
0.03115		-0.0010001		0.000122071
0.0311		-0.0010001		0.000106812
0.03105		-0.0010001		9.91826e-05
0.031		-0.0010001		8.39238e-05
0.03095		-0.0010001		6.8665e-05
0.0309		-0.0010001		6.10356e-05
0.03085		-0.0010001		5.3406e-05
0.0308		-0.0010001		5.3406e-05
0.03075		-0.0010001		5.3406e-05
0.0307		-0.0010001		5.3406e-05
0.03065		-0.0010001		4.57766e-05
0.0306		-0.0010001		5.3406e-05
0.03055		-0.0010001		5.3406e-05
0.0305		-0.0010001		6.8665e-05
0.03045		-0.0010001		9.15532e-05
0.0304		-0.0010001		0.000114441
0.03035		-0.0010001		0.000144959
0.0303		-0.0010001		0.000190736
0.03025		-0.0010001		0.000366213
0.0302		-0.0010001		0.000946049
0.03015		-0.0010001		0.0018158
0.0301		-0.0010001		0.00282289
0.03005		-0.0010001		0.00402072
0.03		-0.0010001		0.00546268
0.02995		-0.0010001		0.00630191
0.0299		-0.0010001		0.00655368
0.02985		-0.0010001		0.00629428
0.0298		-0.0010001		0.00539401
0.02975		-0.0010001		0.00424197
0.0297		-0.0010001		0.00302888
0.02965		-0.0010001		0.00184632
0.0296		-0.0010001		0.00080872
0.02955		-0.0010001		0.000297548
0.0295		-0.0010001		0.000152589
0.02945		-0.0010001		0.000122071
0.0294		-0.0010001		9.91826e-05
0.02935		-0.0010001		8.39238e-05
0.0293		-0.0010001		6.8665e-05
0.02925		-0.0010001		6.10356e-05
0.0292		-0.0010001		5.3406e-05
0.02915		-0.0010001		4.57766e-05
0.0291		-0.0010001		4.57766e-05
0.02905		-0.0010001		4.57766e-05
0.029		-0.0010001		4.57766e-05
0.02895		-0.0010001		4.57766e-05
0.0289		-0.0010001		4.57766e-05
0.02885		-0.0010001		4.57766e-05
0.0288		-0.0010001		5.3406e-05
0.02875		-0.0010001		6.10356e-05
0.0287		-0.0010001		6.8665e-05
0.02865		-0.0010001		8.39238e-05
0.0286		-0.0010001		8.39238e-05
0.02855		-0.0010001		9.91826e-05
0.0285		-0.0010001		9.91826e-05
0.0285		-0.0015		3.05178e-05
0.02855		-0.0015		3.05178e-05
0.0286		-0.0015		3.05178e-05
0.02865		-0.0015		3.05178e-05
0.0287		-0.0015		3.81472e-05
0.02875		-0.0015		3.81472e-05
0.0288		-0.0015		3.81472e-05
0.02885		-0.0015		4.57766e-05
0.0289		-0.0015		4.57766e-05
0.02895		-0.0015		6.8665e-05
0.029		-0.0015		8.39238e-05
0.02905		-0.0015		9.15532e-05
0.0291		-0.0015		9.91826e-05
0.02915		-0.0015		0.000106812
0.0292		-0.0015		0.000129701
0.02925		-0.0015		0.000160218
0.0293		-0.0015		0.000205995
0.02935		-0.0015		0.000251772
0.0294		-0.0015		0.000289919
0.02945		-0.0015		0.000328066
0.0295		-0.0015		0.000373842
0.02955		-0.0015		0.000419619
0.0296		-0.0015		0.000473024
0.02965		-0.0015		0.000579838
0.0297		-0.0015		0.000762943
0.02975		-0.0015		0.000991829
0.0298		-0.0015		0.00121308
0.02985		-0.0015		0.00141145
0.0299		-0.0015		0.00148774
0.02995		-0.0015		0.001503
0.03		-0.0015		0.00141907
0.03005		-0.0015		0.00126649
0.0301		-0.0015		0.00106812
0.03015		-0.0015		0.000846867
0.0302		-0.0015		0.000648502
0.03025		-0.0015		0.000526432
0.0303		-0.0015		0.000495914
0.03035		-0.0015		0.000526432
0.0304		-0.0015		0.000579838
0.03045		-0.0015		0.000572208
0.0305		-0.0015		0.000488285
0.03055		-0.0015		0.00040436
0.0306		-0.0015		0.000343325
0.03065		-0.0015		0.000267031
0.0307		-0.0015		0.000183106
0.03075		-0.0015		0.000152589
0.0308		-0.0015		0.00013733
0.03085		-0.0015		0.000122071
0.0309		-0.0015		0.000129701
0.03095		-0.0015		0.000144959
0.031		-0.0015		0.000152589
0.03105		-0.0015		0.000152589
0.0311		-0.0015		0.00013733
0.03115		-0.0015		0.000114441
0.0312		-0.0015		9.91826e-05
0.03125		-0.0015		7.62944e-05
0.0313		-0.0015		4.57766e-05
0.03135		-0.0015		3.81472e-05
0.0314		-0.0015		3.05178e-05
0.03145		-0.0015		3.05178e-05
0.0315		-0.0015		3.05178e-05
0.0315		-0.002		1.52589e-05
0.03145		-0.002		1.52589e-05
0.0314		-0.002		1.52589e-05
0.03135		-0.002		1.52589e-05
0.0313		-0.002		1.52589e-05
0.03125		-0.002		1.52589e-05
0.0312		-0.002		1.52589e-05
0.03115		-0.002		1.52589e-05
0.0311		-0.002		1.52589e-05
0.03105		-0.002		1.52589e-05
0.031		-0.002		1.52589e-05
0.03095		-0.002		1.52589e-05
0.0309		-0.002		1.52589e-05
0.03085		-0.002		1.52589e-05
0.0308		-0.002		2.28883e-05
0.03075		-0.002		2.28883e-05
0.0307		-0.002		2.28883e-05
0.03065		-0.002		2.28883e-05
0.0306		-0.002		2.28883e-05
0.03055		-0.002		2.28883e-05
0.0305		-0.002		2.28883e-05
0.03045		-0.002		3.05178e-05
0.0304		-0.002		3.05178e-05
0.03035		-0.002		3.05178e-05
0.0303		-0.002		3.81472e-05
0.03025		-0.002		4.57766e-05
0.0302		-0.002		8.01091e-05
0.03015		-0.002		0.000131608
0.0301		-0.002		0.000186921
0.03005		-0.002		0.00023842
0.03		-0.002		0.000268938
0.02995		-0.002		0.000278475
0.0299		-0.002		0.000278475
0.02985		-0.002		0.000259401
0.0298		-0.002		0.000217439
0.02975		-0.002		0.00016594
0.0297		-0.002		0.000114441
0.02965		-0.002		6.8665e-05
0.0296		-0.002		4.57766e-05
0.02955		-0.002		3.62399e-05
0.0295		-0.002		3.43325e-05
0.02945		-0.002		2.86103e-05
0.0294		-0.002		2.47956e-05
0.02935		-0.002		2.47956e-05
0.0293		-0.002		2.47956e-05
0.02925		-0.002		2.47956e-05
0.0292		-0.002		2.47956e-05
0.02915		-0.002		2.28883e-05
0.0291		-0.002		2.28883e-05
0.02905		-0.002		2.0981e-05
0.029		-0.002		2.0981e-05
0.02895		-0.002		2.0981e-05
0.0289		-0.002		2.0981e-05
0.02885		-0.002		1.90736e-05
0.0288		-0.002		1.71663e-05
0.02875		-0.002		1.52589e-05
0.0287		-0.002		1.71663e-05
0.02865		-0.002		1.71663e-05
0.0286		-0.002		1.71663e-05
0.02855		-0.002		1.71663e-05
0.0285		-0.002		1.52589e-05
0.0285		-0.0025		1.6153e-05
0.02855		-0.0025		1.75835e-05
0.0286		-0.0025		1.81795e-05
0.02865		-0.0025		1.73451e-05
0.0287		-0.0025		2.0981e-05
0.02875		-0.0025		2.07425e-05
0.0288		-0.0025		1.77623e-05
0.02885		-0.0025		2.06829e-05
0.0289		-0.0025		2.1577e-05
0.02895		-0.0025		1.94312e-05
0.029		-0.0025		2.14578e-05
0.02905		-0.0025		2.22923e-05
0.0291		-0.0025		2.08617e-05
0.02915		-0.0025		2.14578e-05
0.0292		-0.0025		2.02061e-05
0.02925		-0.0025		2.1577e-05
0.0293		-0.0025		1.88948e-05
0.02935		-0.0025		2.2173e-05
0.0294		-0.0025		2.02061e-05
0.02945		-0.0025		2.22923e-05
0.0295		-0.0025		2.19942e-05
0.02955		-0.0025		2.61666e-05
0.0296		-0.0025		2.77759e-05
0.02965		-0.0025		3.39749e-05
0.0297		-0.0025		4.66111e-05
0.02975		-0.0025		7.03339e-05
0.0298		-0.0025		9.44738e-05
0.02985		-0.0025		0.00011915
0.0299		-0.0025		0.000132204
0.02995		-0.0025		0.000139118
0.03		-0.0025		0.000136376
0.03005		-0.0025		0.000127138
0.0301		-0.0025		0.000107587
0.03015		-0.0025		8.50563e-05
0.0302		-0.0025		5.58498e-05
0.03025		-0.0025		3.8028e-05
0.0303		-0.0025		2.84911e-05
0.03035		-0.0025		2.28883e-05
0.0304		-0.0025		2.11002e-05
0.03045		-0.0025		1.90736e-05
0.0305		-0.0025		2.08617e-05
0.03055		-0.0025		1.85968e-05
0.0306		-0.0025		1.961e-05
0.03065		-0.0025		1.89544e-05
0.0307		-0.0025		1.6153e-05
0.03075		-0.0025		2.0981e-05
0.0308		-0.0025		1.91928e-05
0.03085		-0.0025		2.03253e-05
0.0309		-0.0025		2.00273e-05
0.03095		-0.0025		1.87756e-05
0.031		-0.0025		1.95504e-05
0.03105		-0.0025		1.92524e-05
0.0311		-0.0025		1.91928e-05
0.03115		-0.0025		1.80603e-05
0.0312		-0.0025		2.01465e-05
0.03125		-0.0025		2.15174e-05
0.0313		-0.0025		2.3842e-05
0.03135		-0.0025		2.78951e-05
0.0314		-0.0025		2.76567e-05
0.03145		-0.0025		2.68818e-05
0.0315		-0.0025		2.48553e-05
0.0315		-0.0030001		1.06097e-05
0.03145		-0.0030001		1.19806e-05
0.0314		-0.0030001		1.04905e-05
0.03135		-0.0030001		1.1623e-05
0.0313		-0.0030001		1.22786e-05
0.03125		-0.0030001		1.31131e-05
0.0312		-0.0030001		1.39475e-05
0.03115		-0.0030001		1.25766e-05
0.0311		-0.0030001		1.39475e-05
0.03105		-0.0030001		1.5855e-05
0.031		-0.0030001		1.57953e-05
0.03095		-0.0030001		1.75239e-05
0.0309		-0.0030001		1.75835e-05
0.03085		-0.0030001		1.74047e-05
0.0308		-0.0030001		1.69874e-05
0.03075		-0.0030001		1.68682e-05
0.0307		-0.0030001		1.89544e-05
0.03065		-0.0030001		1.75239e-05
0.0306		-0.0030001		1.63318e-05
0.03055		-0.0030001		1.6749e-05
0.0305		-0.0030001		1.83583e-05
0.03045		-0.0030001		2.22326e-05
0.0304		-0.0030001		2.27095e-05
0.03035		-0.0030001		2.43188e-05
0.0303		-0.0030001		2.74183e-05
0.03025		-0.0030001		3.36769e-05
0.0302		-0.0030001		5.01873e-05
0.03015		-0.0030001		7.6056e-05
0.0301		-0.0030001		9.99575e-05
0.03005		-0.0030001		0.000114203
0.03		-0.0030001		0.000122488
0.02995		-0.0030001		0.000125051
0.0299		-0.0030001		0.000121057
0.02985		-0.0030001		0.000110925
0.0298		-0.0030001		9.3699e-05
0.02975		-0.0030001		7.02147e-05
0.0297		-0.0030001		4.83396e-05
0.02965		-0.0030001		3.52862e-05
0.0296		-0.0030001		2.59281e-05
0.02955		-0.0030001		2.57493e-05
0.0295		-0.0030001		2.46764e-05
0.02945		-0.0030001		2.06233e-05
0.0294		-0.0030001		2.03849e-05
0.02935		-0.0030001		1.82987e-05
0.0293		-0.0030001		1.92524e-05
0.02925		-0.0030001		1.65106e-05
0.0292		-0.0030001		1.86564e-05
0.02915		-0.0030001		1.6451e-05
0.0291		-0.0030001		1.51396e-05
0.02905		-0.0030001		1.56761e-05
0.029		-0.0030001		1.59146e-05
0.02895		-0.0030001		1.57953e-05
0.0289		-0.0030001		1.4484e-05
0.02885		-0.0030001		1.53781e-05
0.0288		-0.0030001		1.5855e-05
0.02875		-0.0030001		1.4782e-05
0.0287		-0.0030001		1.38879e-05
0.02865		-0.0030001		1.52589e-05
0.0286		-0.0030001		1.55569e-05
0.02855		-0.0030001		1.5855e-05
0.0285		-0.0030001		1.39475e-05
0.0285		-0.0035001		7.92748e-06
0.02855		-0.0035001		6.37773e-06
0.0286		-0.0035001		1.00732e-05
0.02865		-0.0035001		8.34471e-06
0.0287		-0.0035001		8.34471e-06
0.02875		-0.0035001		9.35799e-06
0.0288		-0.0035001		8.16589e-06
0.02885		-0.0035001		8.76194e-06
0.0289		-0.0035001		8.76194e-06
0.02895		-0.0035001		8.16589e-06
0.029		-0.0035001		9.95403e-06
0.02905		-0.0035001		8.88115e-06
0.0291		-0.0035001		9.4772e-06
0.02915		-0.0035001		1.1921e-05
0.0292		-0.0035001		5.78168e-06
0.02925		-0.0035001		1.03117e-05
0.0293		-0.0035001		1.00136e-05
0.02935		-0.0035001		1.00136e-05
0.0294		-0.0035001		1.06097e-05
0.02945		-0.0035001		1.02521e-05
0.0295		-0.0035001		1.2517e-05
0.02955		-0.0035001		1.32919e-05
0.0296		-0.0035001		1.38879e-05
0.02965		-0.0035001		1.63914e-05
0.0297		-0.0035001		2.33055e-05
0.02975		-0.0035001		3.8624e-05
0.0298		-0.0035001		5.53133e-05
0.02985		-0.0035001		7.03936e-05
0.0299		-0.0035001		8.16588e-05
0.02995		-0.0035001		8.73809e-05
0.03		-0.0035001		8.8871e-05
0.03005		-0.0035001		8.59504e-05
0.0301		-0.0035001		7.59368e-05
0.03015		-0.0035001		5.95453e-05
0.0302		-0.0035001		4.0591e-05
0.03025		-0.0035001		2.57493e-05
0.0303		-0.0035001		1.43648e-05
0.03035		-0.0035001		1.28151e-05
0.0304		-0.0035001		1.30535e-05
0.03045		-0.0035001		9.5368e-06
0.0305		-0.0035001		9.4772e-06
0.03055		-0.0035001		9.5368e-06
0.0306		-0.0035001		9.05996e-06
0.03065		-0.0035001		1.02521e-05
0.0307		-0.0035001		8.10629e-06
0.03075		-0.0035001		8.70234e-06
0.0308		-0.0035001		7.80827e-06
0.03085		-0.0035001		9.11957e-06
0.0309		-0.0035001		8.34471e-06
0.03095		-0.0035001		7.80827e-06
0.031		-0.0035001		9.11957e-06
0.03105		-0.0035001		7.62945e-06
0.0311		-0.0035001		8.46392e-06
0.03115		-0.0035001		9.59641e-06
0.0312		-0.0035001		7.03338e-06
0.03125		-0.0035001		7.80827e-06
0.0313		-0.0035001		8.16589e-06
0.03135		-0.0035001		6.37773e-06
0.0314		-0.0035001		8.64273e-06
0.03145		-0.0035001		7.2718e-06
0.0315		-0.0035001		5.54326e-06
0.0315		-0.004		6.0201e-06
0.03145		-0.004		7.62945e-06
0.0314		-0.004		5.12603e-06
0.03135		-0.004		5.54326e-06
0.0313		-0.004		6.97377e-06
0.03125		-0.004		6.61614e-06
0.0312		-0.004		4.7684e-06
0.03115		-0.004		4.94721e-06
0.0311		-0.004		5.36445e-06
0.03105		-0.004		6.85456e-06
0.031		-0.004		6.31812e-06
0.03095		-0.004		6.37773e-06
0.0309		-0.004		6.19891e-06
0.03085		-0.004		5.54326e-06
0.0308		-0.004		4.7088e-06
0.03075		-0.004		4.7088e-06
0.0307		-0.004		4.88761e-06
0.03065		-0.004		3.51669e-06
0.0306		-0.004		6.49694e-06
0.03055		-0.004		7.15259e-06
0.0305		-0.004		6.37773e-06
0.03045		-0.004		6.85456e-06
0.0304		-0.004		8.34471e-06
0.03035		-0.004		1.10269e-05
0.0303		-0.004		1.00732e-05
0.03025		-0.004		1.97293e-05
0.0302		-0.004		3.22463e-05
0.03015		-0.004		4.59554e-05
0.0301		-0.004		6.06182e-05
0.03005		-0.004		6.53272e-05
0.03		-0.004		6.81882e-05
0.02995		-0.004		6.62808e-05
0.0299		-0.004		6.15721e-05
0.02985		-0.004		5.30484e-05
0.0298		-0.004		3.97565e-05
0.02975		-0.004		2.51533e-05
0.0297		-0.004		1.50204e-05
0.02965		-0.004		1.04309e-05
0.0296		-0.004		7.68906e-06
0.02955		-0.004		7.98708e-06
0.0295		-0.004		8.2851e-06
0.02945		-0.004		7.15259e-06
0.0294		-0.004		7.39101e-06
0.02935		-0.004		6.79496e-06
0.0293		-0.004		7.74866e-06
0.02925		-0.004		6.49694e-06
0.0292		-0.004		5.54326e-06
0.02915		-0.004		7.21219e-06
0.0291		-0.004		7.09298e-06
0.02905		-0.004		6.91417e-06
0.029		-0.004		7.86787e-06
0.02895		-0.004		5.42405e-06
0.0289		-0.004		6.0797e-06
0.02885		-0.004		7.09298e-06
0.0288		-0.004		6.61614e-06
0.02875		-0.004		7.45061e-06
0.0287		-0.004		6.31812e-06
0.02865		-0.004		7.51021e-06
0.0286		-0.004		6.19891e-06
0.02855		-0.004		7.62945e-06
0.0285		-0.004		7.68906e-06
0.0285		-0.0045		7.09298e-06
0.02855		-0.0045		6.79496e-06
0.0286		-0.0045		7.74866e-06
0.02865		-0.0045		8.2851e-06
0.0287		-0.0045		3.99354e-06
0.02875		-0.0045		6.79496e-06
0.0288		-0.0045		6.0201e-06
0.02885		-0.0045		6.67575e-06
0.0289		-0.0045		5.36445e-06
0.02895		-0.0045		4.41077e-06
0.029		-0.0045		5.36445e-06
0.02905		-0.0045		6.25852e-06
0.0291		-0.0045		5.36445e-06
0.02915		-0.0045		4.41077e-06
0.0292		-0.0045		4.23196e-06
0.02925		-0.0045		5.84128e-06
0.0293		-0.0045		6.97377e-06
0.02935		-0.0045		5.78168e-06
0.0294		-0.0045		5.24524e-06
0.02945		-0.0045		6.43733e-06
0.0295		-0.0045		3.57629e-06
0.02955		-0.0045		5.66247e-06
0.0296		-0.0045		7.62945e-06
0.02965		-0.0045		4.82801e-06
0.0297		-0.0045		1.07885e-05
0.02975		-0.0045		1.46032e-05
0.0298		-0.0045		2.67626e-05
0.02985		-0.0045		3.90413e-05
0.0299		-0.0045		4.87568e-05
0.02995		-0.0045		5.67439e-05
0.03		-0.0045		5.78167e-05
0.03005		-0.0045		5.69227e-05
0.0301		-0.0045		5.31676e-05
0.03015		-0.0045		4.70283e-05
0.0302		-0.0045		3.5167e-05
0.03025		-0.0045		2.41996e-05
0.0303		-0.0045		1.16081e-05
0.03035		-0.0045		7.77101e-06
0.0304		-0.0045		7.92003e-06
0.03045		-0.0045		5.95304e-06
0.0305		-0.0045		4.7237e-06
0.03055		-0.0045		4.69762e-06
0.0306		-0.0045		7.29787e-06
0.03065		-0.0045		4.93976e-06
0.0307		-0.0045		5.87481e-06
0.03075		-0.0045		4.66037e-06
0.0308		-0.0045		3.54277e-06
0.03085		-0.0045		4.34744e-06
0.0309		-0.0045		6.4038e-06
0.03095		-0.0045		5.61404e-06
0.031		-0.0045		3.49434e-06
0.03105		-0.0045		4.38842e-06
0.0311		-0.0045		3.91158e-06
0.03115		-0.0045		6.08715e-06
0.0312		-0.0045		5.84873e-06
0.03125		-0.0045		5.14838e-06
0.0313		-0.0045		5.17446e-06
0.03135		-0.0045		4.57096e-06
0.0314		-0.0045		6.035e-06
0.03145		-0.0045		5.68855e-06
0.0315		-0.0045		5.85619e-06
0.0315		-0.005		5.48366e-06
0.03145		-0.005		4.55978e-06
0.0314		-0.005		5.45385e-06
0.03135		-0.005		4.02707e-06
0.0313		-0.005		4.88388e-06
0.03125		-0.005		4.04942e-06
0.0312		-0.005		7.97218e-06
0.03115		-0.005		5.79286e-06
0.0311		-0.005		5.22661e-06
0.03105		-0.005		5.74815e-06
0.031		-0.005		5.15956e-06
0.03095		-0.005		5.44268e-06
0.0309		-0.005		5.66992e-06
0.03085		-0.005		4.84291e-06
0.0308		-0.005		4.20961e-06
0.03075		-0.005		6.35537e-06
0.0307		-0.005		3.97119e-06
0.03065		-0.005		3.19631e-06
0.0306		-0.005		6.01265e-06
0.03055		-0.005		6.76143e-06
0.0305		-0.005		6.28832e-06
0.03045		-0.005		7.39846e-06
0.0304		-0.005		7.49904e-06
0.03035		-0.005		7.10416e-06
0.0303		-0.005		9.90561e-06
0.03025		-0.005		1.69874e-05
0.0302		-0.005		2.69638e-05
0.03015		-0.005		3.37849e-05
0.0301		-0.005		3.82254e-05
0.03005		-0.005		4.1418e-05
0.03		-0.005		4.19396e-05
0.02995		-0.005		3.83484e-05
0.0299		-0.005		3.56587e-05
0.02985		-0.005		2.8208e-05
0.0298		-0.005		2.02508e-05
0.02975		-0.005		1.23829e-05
0.0297		-0.005		7.31277e-06
0.02965		-0.005		7.43198e-06
0.0296		-0.005		6.42988e-06
0.02955		-0.005		5.88971e-06
0.0295		-0.005		6.80613e-06
0.02945		-0.005		4.93604e-06
0.0294		-0.005		7.2718e-06
0.02935		-0.005		5.31229e-06
0.0293		-0.005		4.80565e-06
0.02925		-0.005		3.88923e-06
0.0292		-0.005		7.08926e-06
0.02915		-0.005		6.68693e-06
0.0291		-0.005		6.50066e-06
0.02905		-0.005		4.84291e-06
0.029		-0.005		5.14093e-06
0.02895		-0.005		5.26759e-06
0.0289		-0.005		7.25317e-06
0.02885		-0.005		5.78913e-06
0.0288		-0.005		7.3463e-06
0.02875		-0.005		4.01217e-06
0.0287		-0.005		5.87481e-06
0.02865		-0.005		5.88971e-06
0.0286		-0.005		5.84128e-06
0.02855		-0.005		5.45013e-06
0.0285		-0.005		6.29577e-06
0.0285		-0.0055		6.21009e-06
0.02855		-0.0055		6.91044e-06
0.0286		-0.0055		5.82638e-06
0.02865		-0.0055		6.55281e-06
0.0287		-0.0055		6.25852e-06
0.02875		-0.0055		5.22289e-06
0.0288		-0.0055		7.05945e-06
0.02885		-0.0055		7.72631e-06
0.0289		-0.0055		5.31974e-06
0.02895		-0.0055		6.45596e-06
0.029		-0.0055		7.25317e-06
0.02905		-0.0055		7.04828e-06
0.0291		-0.0055		6.08343e-06
0.02915		-0.0055		7.6369e-06
0.0292		-0.0055		8.13237e-06
0.02925		-0.0055		6.89554e-06
0.0293		-0.0055		4.8131e-06
0.02935		-0.0055		5.37562e-06
0.0294		-0.0055		6.00147e-06
0.02945		-0.0055		5.85619e-06
0.0295		-0.0055		5.91579e-06
0.02955		-0.0055		7.9312e-06
0.0296		-0.0055		8.92585e-06
0.02965		-0.0055		6.6683e-06
0.0297		-0.0055		8.00571e-06
0.02975		-0.0055		9.93168e-06
0.0298		-0.0055		1.40258e-05
0.02985		-0.0055		2.2486e-05
0.0299		-0.0055		3.00893e-05
0.02995		-0.0055		3.69663e-05
0.03		-0.0055		4.0211e-05
0.03005		-0.0055		3.82515e-05
0.0301		-0.0055		3.47646e-05
0.03015		-0.0055		3.37253e-05
0.0302		-0.0055		2.66844e-05
0.03025		-0.0055		2.056e-05
0.0303		-0.0055		1.31392e-05
0.03035		-0.0055		7.99826e-06
0.0304		-0.0055		6.67202e-06
0.03045		-0.0055		6.95142e-06
0.0305		-0.0055		6.03872e-06
0.03055		-0.0055		5.40915e-06
0.0306		-0.0055		5.37935e-06
0.03065		-0.0055		5.45385e-06
0.0307		-0.0055		3.98982e-06
0.03075		-0.0055		6.40008e-06
0.0308		-0.0055		5.08878e-06
0.03085		-0.0055		5.40543e-06
0.0309		-0.0055		5.95304e-06
0.03095		-0.0055		5.47621e-06
0.031		-0.0055		6.51556e-06
0.03105		-0.0055		6.52301e-06
0.0311		-0.0055		7.19729e-06
0.03115		-0.0055		6.28832e-06
0.0312		-0.0055		5.94187e-06
0.03125		-0.0055		7.02965e-06
0.0313		-0.0055		6.62732e-06
0.03135		-0.0055		5.88226e-06
0.0314		-0.0055		4.8131e-06
0.03145		-0.0055		5.56561e-06
0.0315		-0.0055		5.41288e-06
0.0315		-0.006		6.713e-06
0.03145		-0.006		7.12651e-06
0.0314		-0.006		6.86946e-06
0.03135		-0.006		8.16589e-06
0.0313		-0.006		7.44316e-06
0.03125		-0.006		7.26062e-06
0.0312		-0.006		6.25852e-06
0.03115		-0.006		6.6385e-06
0.0311		-0.006		4.67154e-06
0.03105		-0.006		5.57306e-06
0.031		-0.006		7.93865e-06
0.03095		-0.006		7.26435e-06
0.0309		-0.006		6.52674e-06
0.03085		-0.006		6.66085e-06
0.0308		-0.006		6.93279e-06
0.03075		-0.006		3.95629e-06
0.0307		-0.006		5.98285e-06
0.03065		-0.006		4.87643e-06
0.0306		-0.006		6.47831e-06
0.03055		-0.006		6.50811e-06
0.0305		-0.006		8.43784e-06
0.03045		-0.006		6.63477e-06
0.0304		-0.006		7.87532e-06
0.03035		-0.006		6.713e-06
0.0303		-0.006		1.08109e-05
0.03025		-0.006		1.60375e-05
0.0302		-0.006		2.31118e-05
0.03015		-0.006		2.77982e-05
0.0301		-0.006		3.06556e-05
0.03005		-0.006		3.21718e-05
0.03		-0.006		3.07786e-05
0.02995		-0.006		2.84241e-05
0.0299		-0.006		2.39128e-05
0.02985		-0.006		1.83621e-05
0.0298		-0.006		1.38023e-05
0.02975		-0.006		1.15224e-05
0.0297		-0.006		6.24734e-06
0.02965		-0.006		9.11212e-06
0.0296		-0.006		6.87691e-06
0.02955		-0.006		8.07649e-06
0.0295		-0.006		6.19891e-06
0.02945		-0.006		7.41336e-06
0.0294		-0.006		6.80613e-06
0.02935		-0.006		6.37028e-06
0.0293		-0.006		6.50066e-06
0.02925		-0.006		6.61987e-06
0.0292		-0.006		7.39473e-06
0.02915		-0.006		7.77474e-06
0.0291		-0.006		6.50066e-06
0.02905		-0.006		8.5794e-06
0.029		-0.006		9.03389e-06
0.02895		-0.006		6.6385e-06
0.0289		-0.006		7.80454e-06
0.02885		-0.006		1.06767e-05
0.0288		-0.006		8.69116e-06
0.02875		-0.006		7.60707e-06
0.0287		-0.006		7.83434e-06
0.02865		-0.006		5.6662e-06
0.0286		-0.006		7.18611e-06
0.02855		-0.006		7.94238e-06
0.0285		-0.006		6.36282e-06
0.0285		-0.0065001		8.92585e-06
0.02855		-0.0065001		7.46924e-06
0.0286		-0.0065001		7.14141e-06
0.02865		-0.0065001		7.24572e-06
0.0287		-0.0065001		6.75398e-06
0.02875		-0.0065001		6.73908e-06
0.0288		-0.0065001		9.5219e-06
0.02885		-0.0065001		5.72953e-06
0.0289		-0.0065001		7.8865e-06
0.02895		-0.0065001		8.20687e-06
0.029		-0.0065001		6.16166e-06
0.02905		-0.0065001		6.85829e-06
0.0291		-0.0065001		8.33726e-06
0.02915		-0.0065001		8.45647e-06
0.0292		-0.0065001		7.35748e-06
0.02925		-0.0065001		8.13982e-06
0.0293		-0.0065001		5.84128e-06
0.02935		-0.0065001		6.45968e-06
0.0294		-0.0065001		9.846e-06
0.02945		-0.0065001		9.59268e-06
0.0295		-0.0065001		7.96845e-06
0.02955		-0.0065001		7.46179e-06
0.0296		-0.0065001		8.12864e-06
0.02965		-0.0065001		5.82638e-06
0.0297		-0.0065001		7.13396e-06
0.02975		-0.0065001		9.65601e-06
0.0298		-0.0065001		1.06395e-05
0.02985		-0.0065001		1.53446e-05
0.0299		-0.0065001		1.90922e-05
0.02995		-0.0065001		2.44231e-05
0.03		-0.0065001		2.90276e-05
0.03005		-0.0065001		2.88637e-05
0.0301		-0.0065001		2.82304e-05
0.03015		-0.0065001		2.72022e-05
0.0302		-0.0065001		2.056e-05
0.03025		-0.0065001		1.90699e-05
0.0303		-0.0065001		1.34223e-05
0.03035		-0.0065001		8.61293e-06
0.0304		-0.0065001		9.01899e-06
0.03045		-0.0065001		8.92585e-06
0.0305		-0.0065001		6.713e-06
0.03055		-0.0065001		8.92958e-06
0.0306		-0.0065001		8.24413e-06
0.03065		-0.0065001		9.01526e-06
0.0307		-0.0065001		5.58051e-06
0.03075		-0.0065001		6.10951e-06
0.0308		-0.0065001		6.14676e-06
0.03085		-0.0065001		8.56078e-06
0.0309		-0.0065001		7.3165e-06
0.03095		-0.0065001		7.9461e-06
0.031		-0.0065001		5.05152e-06
0.03105		-0.0065001		7.25317e-06
0.0311		-0.0065001		6.82104e-06
0.03115		-0.0065001		5.74815e-06
0.0312		-0.0065001		7.13396e-06
0.03125		-0.0065001		7.33513e-06
0.0313		-0.0065001		5.72953e-06
0.03135		-0.0065001		5.84501e-06
0.0314		-0.0065001		6.98122e-06
0.03145		-0.0065001		6.56027e-06
0.0315		-0.0065001		7.28297e-06
0.0315		-0.007		7.97963e-06
0.03145		-0.007		8.09511e-06
0.0314		-0.007		7.21964e-06
0.03135		-0.007		7.51021e-06
0.0313		-0.007		6.03872e-06
0.03125		-0.007		6.71673e-06
0.0312		-0.007		8.21432e-06
0.03115		-0.007		7.59217e-06
0.0311		-0.007		8.46019e-06
0.03105		-0.007		8.10629e-06
0.031		-0.007		8.49745e-06
0.03095		-0.007		7.72258e-06
0.0309		-0.007		6.28087e-06
0.03085		-0.007		7.05945e-06
0.0308		-0.007		8.95938e-06
0.03075		-0.007		7.65553e-06
0.0307		-0.007		6.95515e-06
0.03065		-0.007		9.35426e-06
0.0306		-0.007		7.05945e-06
0.03055		-0.007		7.71886e-06
0.0305		-0.007		7.78964e-06
0.03045		-0.007		6.33302e-06
0.0304		-0.007		7.16749e-06
0.03035		-0.007		1.04793e-05
0.0303		-0.007		1.33217e-05
0.03025		-0.007		1.5855e-05
0.0302		-0.007		1.97777e-05
0.03015		-0.007		2.61889e-05
0.0301		-0.007		2.52688e-05
0.03005		-0.007		2.78318e-05
0.03		-0.007		2.44119e-05
0.02995		-0.007		2.24636e-05
0.0299		-0.007		1.73674e-05
0.02985		-0.007		1.18837e-05
0.0298		-0.007		1.18428e-05
0.02975		-0.007		7.85297e-06
0.0297		-0.007		7.09671e-06
0.02965		-0.007		6.3144e-06
0.0296		-0.007		6.33302e-06
0.02955		-0.007		7.75611e-06
0.0295		-0.007		7.85297e-06
0.02945		-0.007		8.45647e-06
0.0294		-0.007		9.49955e-06
0.02935		-0.007		9.36916e-06
0.0293		-0.007		7.95355e-06
0.02925		-0.007		6.70555e-06
0.0292		-0.007		6.26597e-06
0.02915		-0.007		7.27925e-06
0.0291		-0.007		7.67788e-06
0.02905		-0.007		6.59007e-06
0.029		-0.007		8.40059e-06
0.02895		-0.007		6.72045e-06
0.0289		-0.007		7.56237e-06
0.02885		-0.007		8.95566e-06
0.0288		-0.007		9.08232e-06
0.02875		-0.007		7.58472e-06
0.0287		-0.007		7.13396e-06
0.02865		-0.007		6.7428e-06
0.0286		-0.007		7.97963e-06
0.02855		-0.007		9.04134e-06
0.0285		-0.007		7.93493e-06
0.0285		-0.0075		7.74494e-06
0.02855		-0.0075		8.14727e-06
0.0286		-0.0075		8.29628e-06
0.02865		-0.0075		6.97377e-06
0.0287		-0.0075		8.25158e-06
0.02875		-0.0075		7.97218e-06
0.0288		-0.0075		9.59268e-06
0.02885		-0.0075		8.02061e-06
0.0289		-0.0075		6.66457e-06
0.02895		-0.0075		7.23454e-06
0.029		-0.0075		9.1978e-06
0.02905		-0.0075		8.26275e-06
0.0291		-0.0075		7.12278e-06
0.02915		-0.0075		7.92748e-06
0.0292		-0.0075		8.66881e-06
0.02925		-0.0075		7.67416e-06
0.0293		-0.0075		6.75026e-06
0.02935		-0.0075		9.44367e-06
0.0294		-0.0075		6.21754e-06
0.02945		-0.0075		7.58845e-06
0.0295		-0.0075		7.40963e-06
0.02955		-0.0075		7.9461e-06
0.0296		-0.0075		9.39897e-06
0.02965		-0.0075		1.10791e-05
0.0297		-0.0075		7.40591e-06
0.02975		-0.0075		8.37451e-06
0.0298		-0.0075		1.17794e-05
0.02985		-0.0075		1.21929e-05
0.0299		-0.0075		1.76431e-05
0.02995		-0.0075		2.26573e-05
0.03		-0.0075		2.62113e-05
0.03005		-0.0075		2.7802e-05
0.0301		-0.0075		2.46727e-05
0.03015		-0.0075		2.47621e-05
0.0302		-0.0075		2.57158e-05
0.03025		-0.0075		1.64957e-05
0.0303		-0.0075		1.43648e-05
0.03035		-0.0075		1.00397e-05
0.0304		-0.0075		7.8567e-06
0.03045		-0.0075		7.66671e-06
0.0305		-0.0075		8.46019e-06
0.03055		-0.0075		7.07808e-06
0.0306		-0.0075		7.59962e-06
0.03065		-0.0075		7.27925e-06
0.0307		-0.0075		7.72631e-06
0.03075		-0.0075		6.97377e-06
0.0308		-0.0075		7.99081e-06
0.03085		-0.0075		7.89022e-06
0.0309		-0.0075		8.26275e-06
0.03095		-0.0075		7.68906e-06
0.031		-0.0075		7.42081e-06
0.03105		-0.0075		6.77633e-06
0.0311		-0.0075		7.36493e-06
0.03115		-0.0075		7.9163e-06
0.0312		-0.0075		7.9461e-06
0.03125		-0.0075		8.17335e-06
0.0313		-0.0075		7.09298e-06
0.03135		-0.0075		4.93976e-06
0.0314		-0.0075		5.4315e-06
0.03145		-0.0075		7.59962e-06
0.0315		-0.0075		6.58634e-06
0.0315		-0.008		7.29787e-06
0.03145		-0.008		7.25689e-06
0.0314		-0.008		6.59752e-06
0.03135		-0.008		6.9626e-06
0.0313		-0.008		7.08181e-06
0.03125		-0.008		7.59217e-06
0.0312		-0.008		7.87905e-06
0.03115		-0.008		7.64063e-06
0.0311		-0.008		8.65018e-06
0.03105		-0.008		8.13237e-06
0.031		-0.008		9.62993e-06
0.03095		-0.008		7.18984e-06
0.0309		-0.008		6.73908e-06
0.03085		-0.008		6.57144e-06
0.0308		-0.008		6.13186e-06
0.03075		-0.008		5.24151e-06
0.0307		-0.008		5.93069e-06
0.03065		-0.008		6.29949e-06
0.0306		-0.008		6.44478e-06
0.03055		-0.008		9.00408e-06
0.0305		-0.008		5.28622e-06
0.03045		-0.008		8.25158e-06
0.0304		-0.008		8.81037e-06
0.03035		-0.008		1.13845e-05
0.0303		-0.008		1.11126e-05
0.03025		-0.008		1.73935e-05
0.0302		-0.008		2.05153e-05
0.03015		-0.008		1.9543e-05
0.0301		-0.008		2.30597e-05
0.03005		-0.008		2.29032e-05
0.03		-0.008		2.12454e-05
0.02995		-0.008		1.84627e-05
0.0299		-0.008		1.20514e-05
0.02985		-0.008		1.03303e-05
0.0298		-0.008		8.73959e-06
0.02975		-0.008		7.08553e-06
0.0297		-0.008		6.69065e-06
0.02965		-0.008		6.10951e-06
0.0296		-0.008		8.51607e-06
0.02955		-0.008		8.25158e-06
0.0295		-0.008		7.36493e-06
0.02945		-0.008		7.64808e-06
0.0294		-0.008		8.2255e-06
0.02935		-0.008		7.23454e-06
0.0293		-0.008		8.40804e-06
0.02925		-0.008		6.75398e-06
0.0292		-0.008		8.46764e-06
0.02915		-0.008		5.91206e-06
0.0291		-0.008		8.42294e-06
0.02905		-0.008		7.76729e-06
0.029		-0.008		6.50439e-06
0.02895		-0.008		6.75771e-06
0.0289		-0.008		6.57517e-06
0.02885		-0.008		5.45385e-06
0.0288		-0.008		6.73163e-06
0.02875		-0.008		7.67416e-06
0.0287		-0.008		8.18825e-06
0.02865		-0.008		9.31328e-06
0.0286		-0.008		1.03601e-05
0.02855		-0.008		8.09511e-06
0.0285		-0.008		6.6683e-06
0.0285		-0.0085		9.59268e-06
0.02855		-0.0085		9.08977e-06
0.0286		-0.0085		7.95355e-06
0.02865		-0.0085		7.19729e-06
0.0287		-0.0085		8.12119e-06
0.02875		-0.0085		6.21009e-06
0.0288		-0.0085		6.93279e-06
0.02885		-0.0085		8.05414e-06
0.0289		-0.0085		9.57778e-06
0.02895		-0.0085		1.03787e-05
0.029		-0.0085		8.11374e-06
0.02905		-0.0085		8.18452e-06
0.0291		-0.0085		8.63901e-06
0.02915		-0.0085		7.45061e-06
0.0292		-0.0085		9.11957e-06
0.02925		-0.0085		7.97218e-06
0.0293		-0.0085		8.06159e-06
0.02935		-0.0085		7.81572e-06
0.0294		-0.0085		8.5496e-06
0.02945		-0.0085		9.00036e-06
0.0295		-0.0085		5.79286e-06
0.02955		-0.0085		7.66671e-06
0.0296		-0.0085		8.06159e-06
0.02965		-0.0085		7.90885e-06
0.0297		-0.0085		7.0371e-06
0.02975		-0.0085		1.03228e-05
0.0298		-0.0085		8.11374e-06
0.02985		-0.0085		1.22265e-05
0.0299		-0.0085		1.43871e-05
0.02995		-0.0085		1.67825e-05
0.03		-0.0085		2.05823e-05
0.03005		-0.0085		2.30895e-05
0.0301		-0.0085		2.44939e-05
0.03015		-0.0085		2.39351e-05
0.0302		-0.0085		2.12268e-05
0.03025		-0.0085		1.94163e-05
0.0303		-0.0085		1.48193e-05
0.03035		-0.0085		9.95776e-06
0.0304		-0.0085		8.74704e-06
0.03045		-0.0085		7.65553e-06
0.0305		-0.0085		8.13237e-06
0.03055		-0.0085		8.04296e-06
0.0306		-0.0085		6.65712e-06
0.03065		-0.0085		6.76516e-06
0.0307		-0.0085		7.71886e-06
0.03075		-0.0085		7.72258e-06
0.0308		-0.0085		9.62993e-06
0.03085		-0.0085		7.81572e-06
0.0309		-0.0085		6.90299e-06
0.03095		-0.0085		6.75398e-06
0.031		-0.0085		7.9312e-06
0.03105		-0.0085		8.73959e-06
0.0311		-0.0085		8.82155e-06
0.03115		-0.0085		6.29949e-06
0.0312		-0.0085		8.87742e-06
0.03125		-0.0085		6.61987e-06
0.0313		-0.0085		7.50649e-06
0.03135		-0.0085		7.81944e-06
0.0314		-0.0085		8.47137e-06
0.03145		-0.0085		8.67998e-06
0.0315		-0.0085		7.07063e-06
0.0315		-0.009		6.81731e-06
0.03145		-0.009		7.64808e-06
0.0314		-0.009		7.31277e-06
0.03135		-0.009		6.3591e-06
0.0313		-0.009		6.09833e-06
0.03125		-0.009		9.168e-06
0.0312		-0.009		7.41336e-06
0.03115		-0.009		6.83594e-06
0.0311		-0.009		7.64435e-06
0.03105		-0.009		6.69438e-06
0.031		-0.009		8.1957e-06
0.03095		-0.009		6.66085e-06
0.0309		-0.009		8.25158e-06
0.03085		-0.009		7.56982e-06
0.0308		-0.009		7.17866e-06
0.03075		-0.009		7.35003e-06
0.0307		-0.009		5.65129e-06
0.03065		-0.009		6.36655e-06
0.0306		-0.009		6.25852e-06
0.03055		-0.009		5.04407e-06
0.0305		-0.009		7.16004e-06
0.03045		-0.009		6.99612e-06
0.0304		-0.009		8.61293e-06
0.03035		-0.009		9.47347e-06
0.0303		-0.009		1.38358e-05
0.03025		-0.009		1.86191e-05
0.0302		-0.009		1.94275e-05
0.03015		-0.009		2.19756e-05
0.0301		-0.009		2.21023e-05
0.03005		-0.009		1.97144e-05
0.03		-0.009		2.10145e-05
0.02995		-0.009		1.64771e-05
0.0299		-0.009		1.07959e-05
0.02985		-0.009		1.11722e-05
0.0298		-0.009		1.0144e-05
0.02975		-0.009		9.71934e-06
0.0297		-0.009		6.56772e-06
0.02965		-0.009		7.86415e-06
0.0296		-0.009		8.25903e-06
0.02955		-0.009		5.28994e-06
0.0295		-0.009		7.56609e-06
0.02945		-0.009		8.37824e-06
0.0294		-0.009		8.58685e-06
0.02935		-0.009		8.00198e-06
0.0293		-0.009		7.75611e-06
0.02925		-0.009		8.43039e-06
0.0292		-0.009		9.12702e-06
0.02915		-0.009		6.09833e-06
0.0291		-0.009		8.39314e-06
0.02905		-0.009		8.05786e-06
0.029		-0.009		6.3591e-06
0.02895		-0.009		6.64967e-06
0.0289		-0.009		9.39524e-06
0.02885		-0.009		7.51021e-06
0.0288		-0.009		7.09671e-06
0.02875		-0.009		5.85246e-06
0.0287		-0.009		9.09349e-06
0.02865		-0.009		8.70606e-06
0.0286		-0.009		7.75611e-06
0.02855		-0.009		8.80292e-06
0.0285		-0.009		9.42877e-06
0.0285		-0.0095		7.13769e-06
0.02855		-0.0095		7.29042e-06
0.0286		-0.0095		7.07436e-06
0.02865		-0.0095		8.82527e-06
0.0287		-0.0095		9.18662e-06
0.02875		-0.0095		7.45433e-06
0.0288		-0.0095		6.49321e-06
0.02885		-0.0095		8.55705e-06
0.0289		-0.0095		7.89767e-06
0.02895		-0.0095		9.18662e-06
0.029		-0.0095		8.70606e-06
0.02905		-0.0095		5.58796e-06
0.0291		-0.0095		6.14303e-06
0.02915		-0.0095		7.25689e-06
0.0292		-0.0095		7.27925e-06
0.02925		-0.0095		8.9184e-06
0.0293		-0.0095		8.16962e-06
0.02935		-0.0095		6.67202e-06
0.0294		-0.0095		7.62197e-06
0.02945		-0.0095		8.46764e-06
0.0295		-0.0095		6.82849e-06
0.02955		-0.0095		8.04669e-06
0.0296		-0.0095		6.49694e-06
0.02965		-0.0095		8.06159e-06
0.0297		-0.0095		8.32608e-06
0.02975		-0.0095		7.58099e-06
0.0298		-0.0095		8.32608e-06
0.02985		-0.0095		8.83272e-06
0.0299		-0.0095		1.18912e-05
0.02995		-0.0095		1.23606e-05
0.03		-0.0095		1.70023e-05
0.03005		-0.0095		1.9584e-05
0.0301		-0.0095		1.84552e-05
0.03015		-0.0095		2.05488e-05
0.0302		-0.0095		1.98485e-05
0.03025		-0.0095		1.64957e-05
0.0303		-0.0095		1.52365e-05
0.03035		-0.0095		1.39699e-05
0.0304		-0.0095		1.05128e-05
0.03045		-0.0095		9.28721e-06
0.0305		-0.0095		9.06741e-06
0.03055		-0.0095		8.59058e-06
0.0306		-0.0095		8.60175e-06
0.03065		-0.0095		7.65926e-06
0.0307		-0.0095		8.33726e-06
0.03075		-0.0095		8.91095e-06
0.0308		-0.0095		7.92748e-06
0.03085		-0.0095		8.10256e-06
0.0309		-0.0095		6.57517e-06
0.03095		-0.0095		7.92748e-06
0.031		-0.0095		8.55332e-06
0.03105		-0.0095		7.59962e-06
0.0311		-0.0095		7.53629e-06
0.03115		-0.0095		5.83756e-06
0.0312		-0.0095		6.55281e-06
0.03125		-0.0095		7.59962e-06
0.0313		-0.0095		7.77474e-06
0.03135		-0.0095		5.64012e-06
0.0314		-0.0095		6.61614e-06
0.03145		-0.0095		7.3463e-06
0.0315		-0.0095		7.85297e-06
0.0315		-0.0100001		7.59962e-06
0.03145		-0.0100001		7.2867e-06
0.0314		-0.0100001		8.8886e-06
0.03135		-0.0100001		8.75077e-06
0.0313		-0.0100001		9.39897e-06
0.03125		-0.0100001		7.21592e-06
0.0312		-0.0100001		6.82476e-06
0.03115		-0.0100001		8.12119e-06
0.0311		-0.0100001		6.53046e-06
0.03105		-0.0100001		9.17917e-06
0.031		-0.0100001		7.3761e-06
0.03095		-0.0100001		5.92324e-06
0.0309		-0.0100001		5.71835e-06
0.03085		-0.0100001		7.26807e-06
0.0308		-0.0100001		7.29415e-06
0.03075		-0.0100001		6.85084e-06
0.0307		-0.0100001		6.73908e-06
0.03065		-0.0100001		7.99081e-06
0.0306		-0.0100001		7.28297e-06
0.03055		-0.0100001		7.14141e-06
0.0305		-0.0100001		7.9312e-06
0.03045		-0.0100001		9.40269e-06
0.0304		-0.0100001		9.97639e-06
0.03035		-0.0100001		1.12914e-05
0.0303		-0.0100001		1.28858e-05
0.03025		-0.0100001		1.66e-05
0.0302		-0.0100001		1.80119e-05
0.03015		-0.0100001		1.80119e-05
0.0301		-0.0100001		2.03104e-05
0.03005		-0.0100001		1.90252e-05
0.03		-0.0100001		1.58475e-05
0.02995		-0.0100001		1.38805e-05
0.0299		-0.0100001		1.18726e-05
0.02985		-0.0100001		9.5368e-06
0.0298		-0.0100001		7.07436e-06
0.02975		-0.0100001		6.28459e-06
0.0297		-0.0100001		7.86415e-06
0.02965		-0.0100001		8.16217e-06
0.0296		-0.0100001		6.21754e-06
0.02955		-0.0100001		7.9163e-06
0.0295		-0.0100001		6.24362e-06
0.02945		-0.0100001		5.00309e-06
0.0294		-0.0100001		6.64222e-06
0.02935		-0.0100001		6.06853e-06
0.0293		-0.0100001		7.90885e-06
0.02925		-0.0100001		7.98336e-06
0.0292		-0.0100001		5.94187e-06
0.02915		-0.0100001		6.4187e-06
0.0291		-0.0100001		8.50862e-06
0.02905		-0.0100001		6.21381e-06
0.029		-0.0100001		6.57889e-06
0.02895		-0.0100001		6.80241e-06
0.0289		-0.0100001		8.02061e-06
0.02885		-0.0100001		8.08766e-06
0.0288		-0.0100001		8.24413e-06
0.02875		-0.0100001		6.29204e-06
0.0287		-0.0100001		9.01899e-06
0.02865		-0.0100001		7.87905e-06
0.0286		-0.0100001		9.29093e-06
0.02855		-0.0100001		7.74866e-06
0.0285		-0.0100001		8.37824e-06
0.0285		-0.0105001		5.84128e-06
0.02855		-0.0105001		6.37773e-06
0.0286		-0.0105001		7.19729e-06
0.02865		-0.0105001		6.32557e-06
0.0287		-0.0105001		6.20636e-06
0.02875		-0.0105001		7.81572e-06
0.0288		-0.0105001		7.28297e-06
0.02885		-0.0105001		6.76516e-06
0.0289		-0.0105001		7.47296e-06
0.02895		-0.0105001		6.07598e-06
0.029		-0.0105001		6.0797e-06
0.02905		-0.0105001		8.40431e-06
0.0291		-0.0105001		7.76729e-06
0.02915		-0.0105001		6.57144e-06
0.0292		-0.0105001		8.05786e-06
0.02925		-0.0105001		4.24313e-06
0.0293		-0.0105001		6.91789e-06
0.02935		-0.0105001		5.86364e-06
0.0294		-0.0105001		6.72045e-06
0.02945		-0.0105001		7.3016e-06
0.0295		-0.0105001		7.24572e-06
0.02955		-0.0105001		7.96473e-06
0.0296		-0.0105001		7.32768e-06
0.02965		-0.0105001		6.21009e-06
0.0297		-0.0105001		6.26597e-06
0.02975		-0.0105001		6.24362e-06
0.0298		-0.0105001		6.74653e-06
0.02985		-0.0105001		7.19356e-06
0.0299		-0.0105001		9.14937e-06
0.02995		-0.0105001		1.05464e-05
0.03		-0.0105001		1.18241e-05
0.03005		-0.0105001		1.35825e-05
0.0301		-0.0105001		1.75723e-05
0.03015		-0.0105001		1.7889e-05
0.0302		-0.0105001		1.71216e-05
0.03025		-0.0105001		1.67304e-05
0.0303		-0.0105001		1.4212e-05
0.03035		-0.0105001		1.21222e-05
0.0304		-0.0105001		9.24995e-06
0.03045		-0.0105001		8.05414e-06
0.0305		-0.0105001		6.10951e-06
0.03055		-0.0105001		5.69227e-06
0.0306		-0.0105001		7.94983e-06
0.03065		-0.0105001		7.22709e-06
0.0307		-0.0105001		6.60124e-06
0.03075		-0.0105001		7.37983e-06
0.0308		-0.0105001		5.00309e-06
0.03085		-0.0105001		7.32768e-06
0.0309		-0.0105001		6.08343e-06
0.03095		-0.0105001		6.01265e-06
0.031		-0.0105001		6.80241e-06
0.03105		-0.0105001		7.02965e-06
0.0311		-0.0105001		7.18611e-06
0.03115		-0.0105001		6.51184e-06
0.0312		-0.0105001		8.38196e-06
0.03125		-0.0105001		6.85456e-06
0.0313		-0.0105001		5.13348e-06
0.03135		-0.0105001		5.4166e-06
0.0314		-0.0105001		8.49745e-06
0.03145		-0.0105001		8.84017e-06
0.0315		-0.0105001		6.33302e-06
0.0315		-0.011		6.11696e-06
0.03145		-0.011		6.4187e-06
0.0314		-0.011		6.69438e-06
0.03135		-0.011		5.88971e-06
0.0313		-0.011		8.3e-06
0.03125		-0.011		5.84873e-06
0.0312		-0.011		8.36333e-06
0.03115		-0.011		8.03178e-06
0.0311		-0.011		5.91952e-06
0.03105		-0.011		7.42081e-06
0.031		-0.011		7.49531e-06
0.03095		-0.011		7.23454e-06
0.0309		-0.011		7.67043e-06
0.03085		-0.011		7.56982e-06
0.0308		-0.011		4.85781e-06
0.03075		-0.011		6.11696e-06
0.0307		-0.011		7.3463e-06
0.03065		-0.011		5.63267e-06
0.0306		-0.011		5.88226e-06
0.03055		-0.011		5.96794e-06
0.0305		-0.011		7.84924e-06
0.03045		-0.011		8.60548e-06
0.0304		-0.011		6.78378e-06
0.03035		-0.011		1.04905e-05
0.0303		-0.011		1.22227e-05
0.03025		-0.011		1.2666e-05
0.0302		-0.011		1.43462e-05
0.03015		-0.011		1.44579e-05
0.0301		-0.011		1.31094e-05
0.03005		-0.011		1.53148e-05
0.03		-0.011		1.21631e-05
0.02995		-0.011		9.00036e-06
0.0299		-0.011		8.26275e-06
0.02985		-0.011		8.56823e-06
0.0298		-0.011		6.62732e-06
0.02975		-0.011		4.68272e-06
0.0297		-0.011		6.16538e-06
0.02965		-0.011		6.25107e-06
0.0296		-0.011		5.69972e-06
0.02955		-0.011		5.92697e-06
0.0295		-0.011		7.16004e-06
0.02945		-0.011		6.0797e-06
0.0294		-0.011		6.6832e-06
0.02935		-0.011		3.78863e-06
0.0293		-0.011		5.95304e-06
0.02925		-0.011		4.83546e-06
0.0292		-0.011		4.96957e-06
0.02915		-0.011		4.56724e-06
0.0291		-0.011		5.05152e-06
0.02905		-0.011		4.76095e-06
0.029		-0.011		6.48203e-06
0.02895		-0.011		6.35165e-06
0.0289		-0.011		4.88761e-06
0.02885		-0.011		7.04455e-06
0.0288		-0.011		4.79448e-06
0.02875		-0.011		6.34792e-06
0.0287		-0.011		5.12975e-06
0.02865		-0.011		6.47831e-06
0.0286		-0.011		6.48948e-06
0.02855		-0.011		7.41708e-06
0.0285		-0.011		5.72953e-06
0.0285		-0.0115		9.22388e-06
0.02855		-0.0115		6.59379e-06
0.0286		-0.0115		6.79123e-06
0.02865		-0.0115		5.15956e-06
0.0287		-0.0115		7.11533e-06
0.02875		-0.0115		5.14093e-06
0.0288		-0.0115		6.24734e-06
0.02885		-0.0115		6.48948e-06
0.0289		-0.0115		6.69438e-06
0.02895		-0.0115		5.59169e-06
0.029		-0.0115		6.13558e-06
0.02905		-0.0115		6.50811e-06
0.0291		-0.0115		6.18029e-06
0.02915		-0.0115		5.64012e-06
0.0292		-0.0115		3.64707e-06
0.02925		-0.0115		6.54909e-06
0.0293		-0.0115		8.15844e-06
0.02935		-0.0115		5.02172e-06
0.0294		-0.0115		6.67202e-06
0.02945		-0.0115		6.11323e-06
0.0295		-0.0115		4.54861e-06
0.02955		-0.0115		7.9461e-06
0.0296		-0.0115		4.93231e-06
0.02965		-0.0115		6.39635e-06
0.0297		-0.0115		5.05897e-06
0.02975		-0.0115		6.16166e-06
0.0298		-0.0115		6.43361e-06
0.02985		-0.0115		5.40915e-06
0.0299		-0.0115		8.2702e-06
0.02995		-0.0115		7.80827e-06
0.03		-0.0115		9.59268e-06
0.03005		-0.0115		1.26958e-05
0.0301		-0.0115		1.3806e-05
0.03015		-0.0115		1.51359e-05
0.0302		-0.0115		1.33739e-05
0.03025		-0.0115		1.37762e-05
0.0303		-0.0115		1.24984e-05
0.03035		-0.0115		1.11908e-05
0.0304		-0.0115		7.9163e-06
0.03045		-0.0115		8.00943e-06
0.0305		-0.0115		6.90299e-06
0.03055		-0.0115		4.48528e-06
0.0306		-0.0115		5.94932e-06
0.03065		-0.0115		7.25689e-06
0.0307		-0.0115		6.82104e-06
0.03075		-0.0115		4.63429e-06
0.0308		-0.0115		7.19729e-06
0.03085		-0.0115		5.28994e-06
0.0309		-0.0115		5.88599e-06
0.03095		-0.0115		5.89716e-06
0.031		-0.0115		4.61194e-06
0.03105		-0.0115		7.60707e-06
0.0311		-0.0115		7.27552e-06
0.03115		-0.0115		6.22499e-06
0.0312		-0.0115		8.44157e-06
0.03125		-0.0115		8.37079e-06
0.0313		-0.0115		4.21333e-06
0.03135		-0.0115		5.85246e-06
0.0314		-0.0115		5.19681e-06
0.03145		-0.0115		5.84873e-06
0.0315		-0.0115		6.76888e-06
0.0315		-0.012		5.14838e-06
0.03145		-0.012		4.8131e-06
0.0314		-0.012		6.28459e-06
0.03135		-0.012		5.84128e-06
0.0313		-0.012		6.84711e-06
0.03125		-0.012		6.21754e-06
0.0312		-0.012		7.14141e-06
0.03115		-0.012		5.19308e-06
0.0311		-0.012		5.90834e-06
0.03105		-0.012		6.70928e-06
0.031		-0.012		5.07015e-06
0.03095		-0.012		6.45968e-06
0.0309		-0.012		6.49694e-06
0.03085		-0.012		5.94932e-06
0.0308		-0.012		6.97005e-06
0.03075		-0.012		6.96632e-06
0.0307		-0.012		4.7833e-06
0.03065		-0.012		4.71997e-06
0.0306		-0.012		6.4038e-06
0.03055		-0.012		5.75188e-06
0.0305		-0.012		7.13396e-06
0.03045		-0.012		6.73163e-06
0.0304		-0.012		8.34098e-06
0.03035		-0.012		1.01776e-05
0.0303		-0.012		8.87742e-06
0.03025		-0.012		1.38768e-05
0.0302		-0.012		1.39587e-05
0.03015		-0.012		1.25766e-05
0.0301		-0.012		1.22786e-05
0.03005		-0.012		1.06283e-05
0.03		-0.012		9.36916e-06
0.02995		-0.012		6.63105e-06
0.0299		-0.012		6.11696e-06
0.02985		-0.012		5.88971e-06
0.0298		-0.012		5.69227e-06
0.02975		-0.012		7.11906e-06
0.0297		-0.012		7.17121e-06
0.02965		-0.012		5.09995e-06
0.0296		-0.012		5.80776e-06
0.02955		-0.012		6.27342e-06
0.0295		-0.012		6.33302e-06
0.02945		-0.012		5.67737e-06
0.0294		-0.012		6.99612e-06
0.02935		-0.012		6.54536e-06
0.0293		-0.012		6.54164e-06
0.02925		-0.012		5.43523e-06
0.0292		-0.012		5.51346e-06
0.02915		-0.012		7.16004e-06
0.0291		-0.012		5.47993e-06
0.02905		-0.012		6.3889e-06
0.029		-0.012		6.23617e-06
0.02895		-0.012		5.51346e-06
0.0289		-0.012		5.68855e-06
0.02885		-0.012		5.92324e-06
0.0288		-0.012		5.58424e-06
0.02875		-0.012		5.36817e-06
0.0287		-0.012		5.7705e-06
0.02865		-0.012		6.44106e-06
0.0286		-0.012		4.49645e-06
0.02855		-0.012		6.38145e-06
0.0285		-0.012		6.33302e-06
0.0285		-0.0125		4.92114e-06
0.02855		-0.0125		7.24944e-06
0.0286		-0.0125		5.96422e-06
0.02865		-0.0125		5.26759e-06
0.0287		-0.0125		6.17284e-06
0.02875		-0.0125		6.9477e-06
0.0288		-0.0125		7.95355e-06
0.02885		-0.0125		4.44803e-06
0.0289		-0.0125		2.84614e-06
0.02895		-0.0125		4.68644e-06
0.029		-0.0125		5.47621e-06
0.02905		-0.0125		5.54326e-06
0.0291		-0.0125		7.43943e-06
0.02915		-0.0125		4.74605e-06
0.0292		-0.0125		4.69762e-06
0.02925		-0.0125		6.08343e-06
0.0293		-0.0125		5.89344e-06
0.02935		-0.0125		5.90461e-06
0.0294		-0.0125		5.27504e-06
0.02945		-0.0125		5.84873e-06
0.0295		-0.0125		5.30484e-06
0.02955		-0.0125		5.59914e-06
0.0296		-0.0125		4.94349e-06
0.02965		-0.0125		5.51718e-06
0.0297		-0.0125		5.30484e-06
0.02975		-0.0125		4.20216e-06
0.0298		-0.0125		5.0329e-06
0.02985		-0.0125		3.37885e-06
0.0299		-0.0125		7.6108e-06
0.02995		-0.0125		6.70928e-06
0.03		-0.0125		9.26858e-06
0.03005		-0.0125		1.01887e-05
0.0301		-0.0125		9.11584e-06
0.03015		-0.0125		1.12095e-05
0.0302		-0.0125		9.62621e-06
0.03025		-0.0125		1.01328e-05
0.0303		-0.0125		1.05687e-05
0.03035		-0.0125		9.68209e-06
0.0304		-0.0125		8.2255e-06
0.03045		-0.0125		5.28622e-06
0.0305		-0.0125		6.24362e-06
0.03055		-0.0125		7.58099e-06
0.0306		-0.0125		5.95677e-06
0.03065		-0.0125		4.86526e-06
0.0307		-0.0125		4.12765e-06
0.03075		-0.0125		5.60659e-06
0.0308		-0.0125		7.33885e-06
0.03085		-0.0125		5.06642e-06
0.0309		-0.0125		7.33885e-06
0.03095		-0.0125		5.88971e-06
0.031		-0.0125		4.40705e-06
0.03105		-0.0125		6.45968e-06
0.0311		-0.0125		8.13237e-06
0.03115		-0.0125		4.69017e-06
0.0312		-0.0125		5.23034e-06
0.03125		-0.0125		8.38196e-06
0.0313		-0.0125		5.88226e-06
0.03135		-0.0125		5.6662e-06
0.0314		-0.0125		4.85408e-06
0.03145		-0.0125		7.90512e-06
0.0315		-0.0125		6.21381e-06
0.0315		-0.013		7.6518e-06
0.03145		-0.013		5.98657e-06
0.0314		-0.013		4.39215e-06
0.03135		-0.013		3.91531e-06
0.0313		-0.013		5.61032e-06
0.03125		-0.013		6.07225e-06
0.0312		-0.013		6.86201e-06
0.03115		-0.013		4.7982e-06
0.0311		-0.013		5.21544e-06
0.03105		-0.013		5.84501e-06
0.031		-0.013		5.33464e-06
0.03095		-0.013		6.28087e-06
0.0309		-0.013		4.7237e-06
0.03085		-0.013		6.57517e-06
0.0308		-0.013		5.52463e-06
0.03075		-0.013		5.80776e-06
0.0307		-0.013		5.93069e-06
0.03065		-0.013		5.88599e-06
0.0306		-0.013		3.41611e-06
0.03055		-0.013		4.80193e-06
0.0305		-0.013		4.98819e-06
0.03045		-0.013		5.79658e-06
0.0304		-0.013		9.75287e-06
0.03035		-0.013		1.00956e-05
0.0303		-0.013		9.70816e-06
0.03025		-0.013		1.05613e-05
0.0302		-0.013		1.2327e-05
0.03015		-0.013		1.10046e-05
0.0301		-0.013		1.28262e-05
0.03005		-0.013		1.07177e-05
0.03		-0.013		8.88115e-06
0.02995		-0.013		7.44316e-06
0.0299		-0.013		8.38569e-06
0.02985		-0.013		6.06108e-06
0.0298		-0.013		5.81521e-06
0.02975		-0.013		6.49321e-06
0.0297		-0.013		6.54536e-06
0.02965		-0.013		3.70295e-06
0.0296		-0.013		4.90624e-06
0.02955		-0.013		5.56934e-06
0.0295		-0.013		3.96746e-06
0.02945		-0.013		4.53371e-06
0.0294		-0.013		4.93231e-06
0.02935		-0.013		4.35862e-06
0.0293		-0.013		5.81148e-06
0.02925		-0.013		4.35117e-06
0.0292		-0.013		5.0329e-06
0.02915		-0.013		5.25641e-06
0.0291		-0.013		4.49645e-06
0.02905		-0.013		6.17284e-06
0.029		-0.013		6.14303e-06
0.02895		-0.013		5.17073e-06
0.0289		-0.013		3.58002e-06
0.02885		-0.013		6.67947e-06
0.0288		-0.013		5.39797e-06
0.02875		-0.013		4.62311e-06
0.0287		-0.013		5.07015e-06
0.02865		-0.013		5.357e-06
0.0286		-0.013		4.19471e-06
0.02855		-0.013		3.59864e-06
0.0285		-0.013		7.05945e-06
0.0285		-0.0135001		5.22289e-06
0.02855		-0.0135001		4.72742e-06
0.0286		-0.0135001		6.99985e-06
0.02865		-0.0135001		2.77163e-06
0.0287		-0.0135001		6.05363e-06
0.02875		-0.0135001		5.23779e-06
0.0288		-0.0135001		3.39003e-06
0.02885		-0.0135001		7.6257e-06
0.0289		-0.0135001		4.1053e-06
0.02895		-0.0135001		5.86364e-06
0.029		-0.0135001		6.33302e-06
0.02905		-0.0135001		4.97702e-06
0.0291		-0.0135001		3.11436e-06
0.02915		-0.0135001		5.17073e-06
0.0292		-0.0135001		6.07598e-06
0.02925		-0.0135001		4.30646e-06
0.0293		-0.0135001		3.81473e-06
0.02935		-0.0135001		5.33092e-06
0.0294		-0.0135001		4.73115e-06
0.02945		-0.0135001		4.92486e-06
0.0295		-0.0135001		5.74443e-06
0.02955		-0.0135001		4.58959e-06
0.0296		-0.0135001		5.9903e-06
0.02965		-0.0135001		6.26969e-06
0.0297		-0.0135001		3.19631e-06
0.02975		-0.0135001		4.93231e-06
0.0298		-0.0135001		5.47248e-06
0.02985		-0.0135001		4.95094e-06
0.0299		-0.0135001		4.98819e-06
0.02995		-0.0135001		4.4294e-06
0.03		-0.0135001		7.32768e-06
0.03005		-0.0135001		8.35216e-06
0.0301		-0.0135001		8.77684e-06
0.03015		-0.0135001		1.00993e-05
0.0302		-0.0135001		9.1382e-06
0.03025		-0.0135001		1.00509e-05
0.0303		-0.0135001		9.02271e-06
0.03035		-0.0135001		8.56823e-06
0.0304		-0.0135001		6.36282e-06
0.03045		-0.0135001		6.98122e-06
0.0305		-0.0135001		5.83383e-06
0.03055		-0.0135001		3.90041e-06
0.0306		-0.0135001		4.23941e-06
0.03065		-0.0135001		6.72418e-06
0.0307		-0.0135001		5.69227e-06
0.03075		-0.0135001		4.45548e-06
0.0308		-0.0135001		5.53954e-06
0.03085		-0.0135001		3.6955e-06
0.0309		-0.0135001		5.32347e-06
0.03095		-0.0135001		4.96957e-06
0.031		-0.0135001		3.47571e-06
0.03105		-0.0135001		6.09833e-06
0.0311		-0.0135001		3.36023e-06
0.03115		-0.0135001		2.74928e-06
0.0312		-0.0135001		4.35862e-06
0.03125		-0.0135001		5.52463e-06
0.0313		-0.0135001		5.24151e-06
0.03135		-0.0135001		6.63105e-06
0.0314		-0.0135001		4.21706e-06
0.03145		-0.0135001		5.018e-06
0.0315		-0.0135001		5.30484e-06
0.0315		-0.014		5.19681e-06
0.03145		-0.014		5.52836e-06
0.0314		-0.014		4.61566e-06
0.03135		-0.014		6.54909e-06
0.0313		-0.014		3.06965e-06
0.03125		-0.014		4.19098e-06
0.0312		-0.014		5.23779e-06
0.03115		-0.014		3.92276e-06
0.0311		-0.014		4.55606e-06
0.03105		-0.014		4.22451e-06
0.031		-0.014		5.83756e-06
0.03095		-0.014		6.38145e-06
0.0309		-0.014		4.26921e-06
0.03085		-0.014		4.85781e-06
0.0308		-0.014		4.46665e-06
0.03075		-0.014		5.62522e-06
0.0307		-0.014		5.71835e-06
0.03065		-0.014		4.96584e-06
0.0306		-0.014		4.70507e-06
0.03055		-0.014		4.57096e-06
0.0305		-0.014		6.47458e-06
0.03045		-0.014		4.32509e-06
0.0304		-0.014		7.26807e-06
0.03035		-0.014		7.73749e-06
0.0303		-0.014		7.13023e-06
0.03025		-0.014		8.08394e-06
0.0302		-0.014		1.10232e-05
0.03015		-0.014		8.97056e-06
0.0301		-0.014		8.73959e-06
0.03005		-0.014		7.052e-06
0.03		-0.014		6.30322e-06
0.02995		-0.014		4.49645e-06
0.0299		-0.014		3.30807e-06
0.02985		-0.014		3.53159e-06
0.0298		-0.014		6.50439e-06
0.02975		-0.014		2.84986e-06
0.0297		-0.014		4.92859e-06
0.02965		-0.014		3.78491e-06
0.0296		-0.014		4.44058e-06
0.02955		-0.014		5.45758e-06
0.0295		-0.014		4.99937e-06
0.02945		-0.014		6.00147e-06
0.0294		-0.014		4.61566e-06
0.02935		-0.014		4.45175e-06
0.0293		-0.014		3.10318e-06
0.02925		-0.014		4.01217e-06
0.0292		-0.014		4.26176e-06
0.02915		-0.014		1.78442e-06
0.0291		-0.014		3.05848e-06
0.02905		-0.014		4.36607e-06
0.029		-0.014		4.18353e-06
0.02895		-0.014		5.36072e-06
0.0289		-0.014		4.19471e-06
0.02885		-0.014		5.17446e-06
0.0288		-0.014		3.07338e-06
0.02875		-0.014		5.14093e-06
0.0287		-0.014		4.63802e-06
0.02865		-0.014		4.4592e-06
0.0286		-0.014		4.54861e-06
0.02855		-0.014		6.37028e-06
0.0285		-0.014		3.97491e-06
0.0285		-0.0145001		3.41983e-06
0.02855		-0.0145001		4.73487e-06
0.0286		-0.0145001		3.24847e-06
0.02865		-0.0145001		3.98236e-06
0.0287		-0.0145001		3.81845e-06
0.02875		-0.0145001		4.99937e-06
0.0288		-0.0145001		4.24313e-06
0.02885		-0.0145001		4.80565e-06
0.0289		-0.0145001		3.94884e-06
0.02895		-0.0145001		4.66037e-06
0.029		-0.0145001		4.96212e-06
0.02905		-0.0145001		3.76256e-06
0.0291		-0.0145001		4.52998e-06
0.02915		-0.0145001		4.20961e-06
0.0292		-0.0145001		4.52626e-06
0.02925		-0.0145001		3.17769e-06
0.0293		-0.0145001		3.34905e-06
0.02935		-0.0145001		5.82266e-06
0.0294		-0.0145001		3.16279e-06
0.02945		-0.0145001		4.1798e-06
0.0295		-0.0145001		3.3863e-06
0.02955		-0.0145001		4.7535e-06
0.0296		-0.0145001		4.19098e-06
0.02965		-0.0145001		4.27666e-06
0.0297		-0.0145001		4.45548e-06
0.02975		-0.0145001		2.30224e-06
0.0298		-0.0145001		5.33837e-06
0.02985		-0.0145001		5.90089e-06
0.0299		-0.0145001		3.65452e-06
0.02995		-0.0145001		5.59542e-06
0.03		-0.0145001		4.49645e-06
0.03005		-0.0145001		6.50811e-06
0.0301		-0.0145001		7.13023e-06
0.03015		-0.0145001		9.82365e-06
0.0302		-0.0145001		7.45061e-06
0.03025		-0.0145001		6.14303e-06
0.0303		-0.0145001		8.92958e-06
0.03035		-0.0145001		8.19197e-06
0.0304		-0.0145001		5.38307e-06
0.03045		-0.0145001		6.00892e-06
0.0305		-0.0145001		4.65664e-06
0.03055		-0.0145001		4.10902e-06
0.0306		-0.0145001		3.3416e-06
0.03065		-0.0145001		4.56351e-06
0.0307		-0.0145001		4.13138e-06
0.03075		-0.0145001		4.54116e-06
0.0308		-0.0145001		4.54861e-06
0.03085		-0.0145001		5.28249e-06
0.0309		-0.0145001		2.93927e-06
0.03095		-0.0145001		5.12603e-06
0.031		-0.0145001		3.94511e-06
0.03105		-0.0145001		5.45385e-06
0.0311		-0.0145001		3.33787e-06
0.03115		-0.0145001		5.73698e-06
0.0312		-0.0145001		4.71997e-06
0.03125		-0.0145001		6.88064e-06
0.0313		-0.0145001		2.77536e-06
0.03135		-0.0145001		5.73325e-06
0.0314		-0.0145001		7.64435e-06
0.03145		-0.0145001		6.02755e-06
0.0315		-0.0145001		4.93976e-06
0.0315		-0.015		4.06432e-06
0.03145		-0.015		5.02545e-06
0.0314		-0.015		4.04942e-06
0.03135		-0.015		4.63056e-06
0.0313		-0.015		4.64174e-06
0.03125		-0.015		3.16651e-06
0.0312		-0.015		5.20426e-06
0.03115		-0.015		4.4145e-06
0.0311		-0.015		3.88923e-06
0.03105		-0.015		4.18353e-06
0.031		-0.015		4.29901e-06
0.03095		-0.015		3.24474e-06
0.0309		-0.015		3.17769e-06
0.03085		-0.015		5.4166e-06
0.0308		-0.015		2.61889e-06
0.03075		-0.015		3.85943e-06
0.0307		-0.015		5.20053e-06
0.03065		-0.015		4.45548e-06
0.0306		-0.015		3.30435e-06
0.03055		-0.015		5.09623e-06
0.0305		-0.015		3.13298e-06
0.03045		-0.015		4.16863e-06
0.0304		-0.015		7.02965e-06
0.03035		-0.015		8.04669e-06
0.0303		-0.015		7.02965e-06
0.03025		-0.015		8.55332e-06
0.0302		-0.015		6.59007e-06
0.03015		-0.015		4.42567e-06
0.0301		-0.015		7.46551e-06
0.03005		-0.015		4.73487e-06
0.03		-0.015		3.98982e-06
0.02995		-0.015		4.99937e-06
0.0299		-0.015		5.018e-06
0.02985		-0.015		5.13348e-06
0.0298		-0.015		4.45175e-06
0.02975		-0.015		5.08133e-06
0.0297		-0.015		5.3719e-06
0.02965		-0.015		5.4613e-06
0.0296		-0.015		4.49273e-06
0.02955		-0.015		3.3863e-06
0.0295		-0.015		4.43312e-06
0.02945		-0.015		3.20376e-06
0.0294		-0.015		4.27666e-06
0.02935		-0.015		2.34322e-06
0.0293		-0.015		4.56351e-06
0.02925		-0.015		3.82218e-06
0.0292		-0.015		2.68595e-06
0.02915		-0.015		4.57096e-06
0.0291		-0.015		6.42615e-06
0.02905		-0.015		5.0329e-06
0.029		-0.015		3.32297e-06
0.02895		-0.015		5.80776e-06
0.0289		-0.015		2.83496e-06
0.02885		-0.015		4.33999e-06
0.0288		-0.015		4.01589e-06
0.02875		-0.015		5.24896e-06
0.0287		-0.015		4.89134e-06
0.02865		-0.015		5.33092e-06
0.0286		-0.015		3.20749e-06
0.02855		-0.015		2.16068e-06
0.0285		-0.015		5.7407e-06
0.0285		-0.0155		5.06642e-06
0.02855		-0.0155		3.28945e-06
0.0286		-0.0155		1.35974e-06
0.02865		-0.0155		3.97864e-06
0.0287		-0.0155		2.64497e-06
0.02875		-0.0155		3.24847e-06
0.0288		-0.0155		5.55816e-06
0.02885		-0.0155		3.97864e-06
0.0289		-0.0155		1.30386e-06
0.02895		-0.0155		3.99727e-06
0.029		-0.0155		4.35117e-06
0.02905		-0.0155		3.83708e-06
0.0291		-0.0155		5.71835e-06
0.02915		-0.0155		3.52786e-06
0.0292		-0.0155		3.00632e-06
0.02925		-0.0155		3.282e-06
0.0293		-0.0155		3.27454e-06
0.02935		-0.0155		1.59816e-06
0.0294		-0.0155		3.65825e-06
0.02945		-0.0155		2.48851e-06
0.0295		-0.0155		1.26288e-06
0.02955		-0.0155		4.15373e-06
0.0296		-0.0155		4.27666e-06
0.02965		-0.0155		3.26337e-06
0.0297		-0.0155		2.3693e-06
0.02975		-0.0155		2.20166e-06
0.0298		-0.0155		5.36817e-06
0.02985		-0.0155		6.3293e-06
0.0299		-0.0155		5.83383e-06
0.02995		-0.0155		4.65292e-06
0.03		-0.0155		6.12441e-06
0.03005		-0.0155		8.64646e-06
0.0301		-0.0155		8.04669e-06
0.03015		-0.0155		8.67626e-06
0.0302		-0.0155		9.62621e-06
0.03025		-0.0155		7.69278e-06
0.0303		-0.0155		9.40642e-06
0.03035		-0.0155		8.17707e-06
0.0304		-0.0155		9.92796e-06
0.03045		-0.0155		6.83966e-06
0.0305		-0.0155		6.21754e-06
0.03055		-0.0155		5.93814e-06
0.0306		-0.0155		7.64435e-06
0.03065		-0.0155		6.93279e-06
0.0307		-0.0155		5.1074e-06
0.03075		-0.0155		3.94511e-06
0.0308		-0.0155		4.29901e-06
0.03085		-0.0155		5.0478e-06
0.0309		-0.0155		3.76628e-06
0.03095		-0.0155		4.34372e-06
0.031		-0.0155		4.48528e-06
0.03105		-0.0155		4.25431e-06
0.0311		-0.0155		4.02334e-06
0.03115		-0.0155		4.66782e-06
0.0312		-0.0155		6.80613e-06
0.03125		-0.0155		4.89879e-06
0.0313		-0.0155		4.1202e-06
0.03135		-0.0155		3.91903e-06
0.0314		-0.0155		3.0771e-06
0.03145		-0.0155		4.56351e-06
0.0315		-0.0155		3.71413e-06
0.0315		-0.016		2.90947e-06
0.03145		-0.016		3.83708e-06
0.0314		-0.016		4.88388e-06
0.03135		-0.016		3.71785e-06
0.0313		-0.016		2.63752e-06
0.03125		-0.016		3.52041e-06
0.0312		-0.016		3.51296e-06
0.03115		-0.016		4.89134e-06
0.0311		-0.016		4.17235e-06
0.03105		-0.016		3.44963e-06
0.031		-0.016		4.8131e-06
0.03095		-0.016		3.45336e-06
0.0309		-0.016		3.64707e-06
0.03085		-0.016		2.08618e-06
0.0308		-0.016		4.23941e-06
0.03075		-0.016		4.40705e-06
0.0307		-0.016		3.15534e-06
0.03065		-0.016		5.1074e-06
0.0306		-0.016		6.93652e-06
0.03055		-0.016		4.20961e-06
0.0305		-0.016		7.45806e-06
0.03045		-0.016		8.00198e-06
0.0304		-0.016		8.00943e-06
0.03035		-0.016		9.14937e-06
0.0303		-0.016		9.61876e-06
0.03025		-0.016		9.5517e-06
0.0302		-0.016		7.9461e-06
0.03015		-0.016		8.62038e-06
0.0301		-0.016		5.75188e-06
0.03005		-0.016		6.54164e-06
0.03		-0.016		6.26969e-06
0.02995		-0.016		4.44803e-06
0.0299		-0.016		3.65452e-06
0.02985		-0.016		4.87271e-06
0.0298		-0.016		4.52626e-06
0.02975		-0.016		4.57841e-06
0.0297		-0.016		3.08083e-06
0.02965		-0.016		4.25059e-06
0.0296		-0.016		2.49223e-06
0.02955		-0.016		1.85148e-06
0.0295		-0.016		3.89296e-06
0.02945		-0.016		5.22289e-06
0.0294		-0.016		4.65664e-06
0.02935		-0.016		2.62634e-06
0.0293		-0.016		4.04942e-06
0.02925		-0.016		6.08715e-06
0.0292		-0.016		3.33042e-06
0.02915		-0.016		5.0627e-06
0.0291		-0.016		2.9579e-06
0.02905		-0.016		2.06755e-06
0.029		-0.016		2.58537e-06
0.02895		-0.016		3.70295e-06
0.0289		-0.016		2.54811e-06
0.02885		-0.016		3.64335e-06
0.0288		-0.016		3.12926e-06
0.02875		-0.016		1.38954e-06
0.0287		-0.016		4.33627e-06
0.02865		-0.016		3.20004e-06
0.0286		-0.016		1.38582e-06
0.02855		-0.016		4.76095e-06
0.0285		-0.016		4.12765e-06
0.0285		-0.0165		2.33577e-06
0.02855		-0.0165		3.03985e-06
0.0286		-0.0165		5.18563e-06
0.02865		-0.0165		4.49645e-06
0.0287		-0.0165		2.68967e-06
0.02875		-0.0165		1.63168e-06
0.0288		-0.0165		2.51086e-06
0.02885		-0.0165		3.38258e-06
0.0289		-0.0165		3.0175e-06
0.02895		-0.0165		1.72109e-06
0.029		-0.0165		3.22984e-06
0.02905		-0.0165		2.62634e-06
0.0291		-0.0165		2.94299e-06
0.02915		-0.0165		3.35278e-06
0.0292		-0.0165		3.17396e-06
0.02925		-0.0165		2.57419e-06
0.0293		-0.0165		4.28411e-06
0.02935		-0.0165		3.57629e-06
0.0294		-0.0165		3.46081e-06
0.02945		-0.0165		3.20004e-06
0.0295		-0.0165		4.24313e-06
0.02955		-0.0165		4.24313e-06
0.0296		-0.0165		1.72482e-06
0.02965		-0.0165		3.282e-06
0.0297		-0.0165		4.98074e-06
0.02975		-0.0165		3.21494e-06
0.0298		-0.0165		3.03985e-06
0.02985		-0.0165		3.47944e-06
0.0299		-0.0165		5.3719e-06
0.02995		-0.0165		4.97329e-06
0.03		-0.0165		4.41822e-06
0.03005		-0.0165		2.87966e-06
0.0301		-0.0165		6.67947e-06
0.03015		-0.0165		7.3314e-06
0.0302		-0.0165		6.60497e-06
0.03025		-0.0165		6.25852e-06
0.0303		-0.0165		8.05041e-06
0.03035		-0.0165		8.63901e-06
0.0304		-0.0165		9.32446e-06
0.03045		-0.0165		8.5198e-06
0.0305		-0.0165		8.72469e-06
0.03055		-0.0165		6.38145e-06
0.0306		-0.0165		4.12393e-06
0.03065		-0.0165		3.90041e-06
0.0307		-0.0165		4.52626e-06
0.03075		-0.0165		5.01427e-06
0.0308		-0.0165		4.61566e-06
0.03085		-0.0165		2.03775e-06
0.0309		-0.0165		4.31392e-06
0.03095		-0.0165		3.25964e-06
0.031		-0.0165		4.16118e-06
0.03105		-0.0165		4.12393e-06
0.0311		-0.0165		5.00309e-06
0.03115		-0.0165		4.7833e-06
0.0312		-0.0165		3.67315e-06
0.03125		-0.0165		4.05314e-06
0.0313		-0.0165		4.98447e-06
0.03135		-0.0165		4.58214e-06
0.0314		-0.0165		4.03824e-06
0.03145		-0.0165		4.4592e-06
0.0315		-0.0165		3.52414e-06
0.0315		-0.017		4.17235e-06
0.03145		-0.017		3.89296e-06
0.0314		-0.017		3.45336e-06
0.03135		-0.017		3.65452e-06
0.0313		-0.017		3.65452e-06
0.03125		-0.017		2.65242e-06
0.0312		-0.017		3.0771e-06
0.03115		-0.017		8.15842e-07
0.0311		-0.017		1.56463e-06
0.03105		-0.017		3.59864e-06
0.031		-0.017		3.13298e-06
0.03095		-0.017		2.76791e-06
0.0309		-0.017		1.56463e-06
0.03085		-0.017		3.13298e-06
0.0308		-0.017		5.31602e-06
0.03075		-0.017		4.15e-06
0.0307		-0.017		5.0329e-06
0.03065		-0.017		4.65292e-06
0.0306		-0.017		6.44851e-06
0.03055		-0.017		6.24734e-06
0.0305		-0.017		4.89879e-06
0.03045		-0.017		5.70717e-06
0.0304		-0.017		7.40963e-06
0.03035		-0.017		5.69227e-06
0.0303		-0.017		9.168e-06
0.03025		-0.017		6.48948e-06
0.0302		-0.017		7.21592e-06
0.03015		-0.017		6.26224e-06
0.0301		-0.017		5.43523e-06
0.03005		-0.017		3.44591e-06
0.03		-0.017		5.0329e-06
0.02995		-0.017		3.58747e-06
0.0299		-0.017		3.12553e-06
0.02985		-0.017		3.03985e-06
0.0298		-0.017		2.85359e-06
0.02975		-0.017		3.92276e-06
0.0297		-0.017		4.73487e-06
0.02965		-0.017		5.1372e-06
0.0296		-0.017		3.07338e-06
0.02955		-0.017		4.12765e-06
0.0295		-0.017		4.45548e-06
0.02945		-0.017		3.17769e-06
0.0294		-0.017		2.57792e-06
0.02935		-0.017		4.62311e-06
0.0293		-0.017		2.09735e-06
0.02925		-0.017		4.87271e-06
0.0292		-0.017		2.3544e-06
0.02915		-0.017		2.91319e-06
0.0291		-0.017		3.89296e-06
0.02905		-0.017		3.91531e-06
0.029		-0.017		2.13461e-06
0.02895		-0.017		3.97491e-06
0.0289		-0.017		2.52576e-06
0.02885		-0.017		3.65452e-06
0.0288		-0.017		1.69501e-06
0.02875		-0.017		2.35067e-06
0.0287		-0.017		3.02122e-06
0.02865		-0.017		3.43101e-06
0.0286		-0.017		1.8254e-06
0.02855		-0.017		2.45871e-06
0.0285		-0.017		3.93766e-06
0.0285		-0.0175		2.96162e-06
0.02855		-0.0175		2.45126e-06
0.0286		-0.0175		1.5013e-06
0.02865		-0.0175		3.50179e-07
0.0287		-0.0175		3.56512e-06
0.02875		-0.0175		3.03985e-06
0.0288		-0.0175		3.98982e-06
0.02885		-0.0175		5.4464e-06
0.0289		-0.0175		2.72693e-06
0.02895		-0.0175		3.78118e-06
0.029		-0.0175		5.60659e-06
0.02905		-0.0175		1.83285e-06
0.0291		-0.0175		1.17347e-06
0.02915		-0.0175		2.83869e-06
0.0292		-0.0175		3.03985e-06
0.02925		-0.0175		1.65776e-06
0.0293		-0.0175		3.79981e-06
0.02935		-0.0175		2.55184e-06
0.0294		-0.0175		2.26872e-06
0.02945		-0.0175		4.01962e-06
0.0295		-0.0175		2.28362e-06
0.02955		-0.0175		3.23357e-06
0.0296		-0.0175		3.93766e-06
0.02965		-0.0175		2.38048e-06
0.0297		-0.0175		3.74393e-06
0.02975		-0.0175		4.89879e-06
0.0298		-0.0175		3.83335e-06
0.02985		-0.0175		3.93394e-06
0.0299		-0.0175		3.79981e-06
0.02995		-0.0175		5.02545e-06
0.03		-0.0175		4.95094e-06
0.03005		-0.0175		6.12441e-06
0.0301		-0.0175		6.80241e-06
0.03015		-0.0175		6.29204e-06
0.0302		-0.0175		7.52139e-06
0.03025		-0.0175		7.69278e-06
0.0303		-0.0175		6.34047e-06
0.03035		-0.0175		8.66136e-06
0.0304		-0.0175		7.56237e-06
0.03045		-0.0175		6.01637e-06
0.0305		-0.0175		7.42453e-06
0.03055		-0.0175		6.24734e-06
0.0306		-0.0175		6.57144e-06
0.03065		-0.0175		6.67575e-06
0.0307		-0.0175		4.05314e-06
0.03075		-0.0175		2.7381e-06
0.0308		-0.0175		3.43846e-06
0.03085		-0.0175		2.76791e-06
0.0309		-0.0175		5.07015e-06
0.03095		-0.0175		3.29317e-06
0.031		-0.0175		3.98236e-06
0.03105		-0.0175		3.00632e-06
0.0311		-0.0175		2.76791e-06
0.03115		-0.0175		3.41238e-06
0.0312		-0.0175		2.18303e-06
0.03125		-0.0175		3.18886e-06
0.0313		-0.0175		2.09735e-06
0.03135		-0.0175		3.30435e-06
0.0314		-0.0175		2.0154e-06
0.03145		-0.0175		2.59282e-06
0.0315		-0.0175		4.19098e-06
0.0315		-0.0180001		2.17186e-06
0.03145		-0.0180001		1.34111e-06
0.0314		-0.0180001		2.57046e-06
0.03135		-0.0180001		1.76952e-06
0.0313		-0.0180001		4.7535e-06
0.03125		-0.0180001		4.27666e-06
0.0312		-0.0180001		3.21121e-06
0.03115		-0.0180001		3.75883e-06
0.0311		-0.0180001		4.16863e-06
0.03105		-0.0180001		3.06965e-06
0.031		-0.0180001		4.58959e-06
0.03095		-0.0180001		4.99937e-06
0.0309		-0.0180001		3.09573e-06
0.03085		-0.0180001		4.51136e-06
0.0308		-0.0180001		3.26709e-06
0.03075		-0.0180001		3.16651e-06
0.0307		-0.0180001		5.28622e-06
0.03065		-0.0180001		6.23617e-06
0.0306		-0.0180001		5.24896e-06
0.03055		-0.0180001		5.67737e-06
0.0305		-0.0180001		5.97912e-06
0.03045		-0.0180001		5.04035e-06
0.0304		-0.0180001		6.33675e-06
0.03035		-0.0180001		5.71462e-06
0.0303		-0.0180001		7.71141e-06
0.03025		-0.0180001		7.23827e-06
0.0302		-0.0180001		5.90461e-06
0.03015		-0.0180001		6.83594e-06
0.0301		-0.0180001		5.73325e-06
0.03005		-0.0180001		5.3868e-06
0.03		-0.0180001		3.62845e-06
0.02995		-0.0180001		6.00147e-06
0.0299		-0.0180001		4.35489e-06
0.02985		-0.0180001		3.46453e-06
0.0298		-0.0180001		1.25916e-06
0.02975		-0.0180001		4.13883e-06
0.0297		-0.0180001		3.40493e-06
0.02965		-0.0180001		1.73972e-06
0.0296		-0.0180001		3.53159e-06
0.02955		-0.0180001		5.0478e-06
0.0295		-0.0180001		3.81845e-06
0.02945		-0.0180001		2.31715e-06
0.0294		-0.0180001		3.11436e-06
0.02935		-0.0180001		2.88339e-06
0.0293		-0.0180001		3.3863e-06
0.02925		-0.0180001		4.68644e-06
0.0292		-0.0180001		3.09946e-06
0.02915		-0.0180001		5.91952e-06
0.0291		-0.0180001		3.14416e-06
0.02905		-0.0180001		1.20328e-06
0.029		-0.0180001		2.74555e-06
0.02895		-0.0180001		4.01962e-06
0.0289		-0.0180001		1.97442e-06
0.02885		-0.0180001		2.99887e-06
0.0288		-0.0180001		2.4438e-06
0.02875		-0.0180001		2.80516e-06
0.0287		-0.0180001		8.15842e-07
0.02865		-0.0180001		1.49757e-06
0.0286		-0.0180001		3.11063e-06
0.02855		-0.0180001		3.45708e-06
0.0285		-0.0180001		1.93344e-06
0.0285		-0.0185		4.60076e-06
0.02855		-0.0185		3.98982e-06
0.0286		-0.0185		5.54699e-06
0.02865		-0.0185		1.60933e-06
0.0287		-0.0185		3.12181e-06
0.02875		-0.0185		2.32087e-06
0.0288		-0.0185		-2.19793e-07
0.02885		-0.0185		1.86638e-06
0.0289		-0.0185		4.11647e-06
0.02895		-0.0185		3.11808e-06
0.029		-0.0185		3.93394e-06
0.02905		-0.0185		2.40655e-06
0.0291		-0.0185		2.9728e-06
0.02915		-0.0185		3.36395e-06
0.0292		-0.0185		2.40283e-06
0.02925		-0.0185		2.00422e-06
0.0293		-0.0185		3.41983e-06
0.02935		-0.0185		1.10642e-06
0.0294		-0.0185		3.56139e-06
0.02945		-0.0185		3.54649e-06
0.0295		-0.0185		2.54066e-06
0.02955		-0.0185		4.49645e-06
0.0296		-0.0185		2.96535e-06
0.02965		-0.0185		3.36768e-06
0.0297		-0.0185		2.13088e-06
0.02975		-0.0185		1.21073e-06
0.0298		-0.0185		2.44753e-06
0.02985		-0.0185		3.80726e-06
0.0299		-0.0185		4.03079e-06
0.02995		-0.0185		3.6657e-06
0.03		-0.0185		2.05637e-06
0.03005		-0.0185		6.94024e-06
0.0301		-0.0185		5.79286e-06
0.03015		-0.0185		7.07436e-06
0.0302		-0.0185		5.91952e-06
0.03025		-0.0185		5.04407e-06
0.0303		-0.0185		7.78964e-06
0.03035		-0.0185		8.12119e-06
0.0304		-0.0185		7.9312e-06
0.03045		-0.0185		5.23779e-06
0.0305		-0.0185		4.79448e-06
0.03055		-0.0185		6.35165e-06
0.0306		-0.0185		4.35117e-06
0.03065		-0.0185		3.96374e-06
0.0307		-0.0185		4.73487e-06
0.03075		-0.0185		5.4166e-06
0.0308		-0.0185		4.19471e-06
0.03085		-0.0185		3.24474e-06
0.0309		-0.0185		2.90947e-06
0.03095		-0.0185		2.3395e-06
0.031		-0.0185		4.01217e-06
0.03105		-0.0185		2.25009e-06
0.0311		-0.0185		3.8408e-06
0.03115		-0.0185		1.54973e-06
0.0312		-0.0185		3.65825e-06
0.03125		-0.0185		5.61032e-06
0.0313		-0.0185		3.68805e-06
0.03135		-0.0185		3.61727e-06
0.0314		-0.0185		3.55022e-06
0.03145		-0.0185		2.10108e-06
0.0315		-0.0185		1.19583e-06
0.0315		-0.019		3.6955e-06
0.03145		-0.019		2.15696e-06
0.0314		-0.019		4.64547e-06
0.03135		-0.019		1.89991e-06
0.0313		-0.019		3.30062e-06
0.03125		-0.019		2.55929e-06
0.0312		-0.019		3.91531e-06
0.03115		-0.019		1.79932e-06
0.0311		-0.019		3.45336e-06
0.03105		-0.019		3.58002e-06
0.031		-0.019		3.67315e-06
0.03095		-0.019		2.71203e-06
0.0309		-0.019		3.05848e-06
0.03085		-0.019		4.62311e-06
0.0308		-0.019		2.84986e-06
0.03075		-0.019		5.38307e-06
0.0307		-0.019		6.36655e-06
0.03065		-0.019		7.23082e-06
0.0306		-0.019		4.96957e-06
0.03055		-0.019		7.52512e-06
0.0305		-0.019		7.71141e-06
0.03045		-0.019		6.92907e-06
0.0304		-0.019		7.97218e-06
0.03035		-0.019		7.69278e-06
0.0303		-0.019		8.62411e-06
0.03025		-0.019		8.70979e-06
0.0302		-0.019		8.33353e-06
0.03015		-0.019		4.69762e-06
0.0301		-0.019		3.89296e-06
0.03005		-0.019		5.96794e-06
0.03		-0.019		6.29204e-06
0.02995		-0.019		6.32185e-06
0.0299		-0.019		2.65615e-06
0.02985		-0.019		3.6657e-06
0.0298		-0.019		3.26709e-06
0.02975		-0.019		3.4012e-06
0.0297		-0.019		3.34905e-06
0.02965		-0.019		4.33999e-06
0.0296		-0.019		1.1474e-06
0.02955		-0.019		1.4715e-06
0.0295		-0.019		3.8408e-06
0.02945		-0.019		2.59654e-06
0.0294		-0.019		1.50502e-06
0.02935		-0.019		4.59331e-06
0.0293		-0.019		2.56301e-06
0.02925		-0.019		2.67105e-06
0.0292		-0.019		3.74766e-06
0.02915		-0.019		5.82638e-06
0.0291		-0.019		2.81261e-06
0.02905		-0.019		4.2841e-07
0.029		-0.019		2.08618e-06
0.02895		-0.019		2.30969e-06
0.0289		-0.019		3.24102e-06
0.02885		-0.019		7.07809e-07
0.0288		-0.019		2.71575e-06
0.02875		-0.019		3.51669e-06
0.0287		-0.019		2.6785e-06
0.02865		-0.019		1.89991e-06
0.0286		-0.019		2.09735e-06
0.02855		-0.019		4.11647e-06
0.0285		-0.019		1.64659e-06
0.0285		-0.0195		1.33739e-06
0.02855		-0.0195		3.12926e-06
0.0286		-0.0195		5.4017e-06
0.02865		-0.0195		1.62051e-06
0.0287		-0.0195		1.57581e-06
0.02875		-0.0195		2.20911e-06
0.0288		-0.0195		2.67477e-06
0.02885		-0.0195		8.41919e-07
0.0289		-0.0195		1.78815e-06
0.02895		-0.0195		2.87594e-06
0.029		-0.0195		1.76579e-06
0.02905		-0.0195		3.30435e-06
0.0291		-0.0195		2.68967e-06
0.02915		-0.0195		3.20004e-06
0.0292		-0.0195		2.82006e-06
0.02925		-0.0195		2.17558e-06
0.0293		-0.0195		5.02172e-06
0.02935		-0.0195		3.02868e-06
0.0294		-0.0195		9.127e-07
0.02945		-0.0195		2.49596e-06
0.0295		-0.0195		4.86526e-06
0.02955		-0.0195		4.97702e-06
0.0296		-0.0195		2.54811e-06
0.02965		-0.0195		1.37836e-06
0.0297		-0.0195		2.86476e-06
0.02975		-0.0195		3.63962e-06
0.0298		-0.0195		2.49223e-06
0.02985		-0.0195		3.43101e-06
0.0299		-0.0195		4.42195e-06
0.02995		-0.0195		3.42728e-06
0.03		-0.0195		5.20053e-06
0.03005		-0.0195		5.72208e-06
0.0301		-0.0195		3.0175e-06
0.03015		-0.0195		5.17446e-06
0.0302		-0.0195		4.66782e-06
0.03025		-0.0195		6.29949e-06
0.0303		-0.0195		8.2106e-06
0.03035		-0.0195		7.71141e-06
0.0304		-0.0195		6.48948e-06
0.03045		-0.0195		7.01103e-06
0.0305		-0.0195		7.07808e-06
0.03055		-0.0195		7.02965e-06
0.0306		-0.0195		5.80403e-06
0.03065		-0.0195		5.16701e-06
0.0307		-0.0195		5.60287e-06
0.03075		-0.0195		6.53419e-06
0.0308		-0.0195		3.08083e-06
0.03085		-0.0195		7.10043e-06
0.0309		-0.0195		2.33577e-06
0.03095		-0.0195		3.95256e-06
0.031		-0.0195		4.19843e-06
0.03105		-0.0195		3.06965e-06
0.0311		-0.0195		2.60399e-06
0.03115		-0.0195		3.60237e-06
0.0312		-0.0195		3.15906e-06
0.03125		-0.0195		3.86316e-06
0.0313		-0.0195		3.15161e-06
0.03135		-0.0195		3.86688e-06
0.0314		-0.0195		2.80888e-06
0.03145		-0.0195		3.78863e-06
0.0315		-0.0195		1.86265e-06
0.0315		-0.02		2.34695e-06
0.03145		-0.02		3.19259e-06
0.0314		-0.02		3.76628e-06
0.03135		-0.02		2.59282e-06
0.0313		-0.02		2.15323e-06
0.03125		-0.02		4.20216e-06
0.0312		-0.02		3.93394e-06
0.03115		-0.02		4.10902e-06
0.0311		-0.02		2.19049e-06
0.03105		-0.02		2.52949e-06
0.031		-0.02		2.22774e-06
0.03095		-0.02		3.38258e-06
0.0309		-0.02		3.69178e-06
0.03085		-0.02		3.80726e-06
0.0308		-0.02		5.50228e-06
0.03075		-0.02		5.45013e-06
0.0307		-0.02		5.45758e-06
0.03065		-0.02		6.36655e-06
0.0306		-0.02		8.06159e-06
0.03055		-0.02		8.47509e-06
0.0305		-0.02		6.00892e-06
0.03045		-0.02		7.88277e-06
0.0304		-0.02		6.45223e-06
0.03035		-0.02		5.14466e-06
0.0303		-0.02		7.80827e-06
0.03025		-0.02		9.42504e-06
0.0302		-0.02		7.70023e-06
0.03015		-0.02		6.49321e-06
0.0301		-0.02		6.82849e-06
0.03005		-0.02		4.63429e-06
0.03		-0.02		7.53629e-06
0.02995		-0.02		4.08667e-06
0.0299		-0.02		5.3868e-06
0.02985		-0.02		3.17769e-06
0.0298		-0.02		3.13298e-06
0.02975		-0.02		3.62472e-06
0.0297		-0.02		3.02122e-06
0.02965		-0.02		3.0324e-06
0.0296		-0.02		3.37513e-06
0.02955		-0.02		3.44963e-06
0.0295		-0.02		2.84986e-06
0.02945		-0.02		3.29317e-06
0.0294		-0.02		5.30484e-06
0.02935		-0.02		2.94299e-06
0.0293		-0.02		2.60027e-06
0.02925		-0.02		2.3246e-06
0.0292		-0.02		7.18985e-07
0.02915		-0.02		1.79932e-06
0.0291		-0.02		2.65615e-06
0.02905		-0.02		4.18353e-06
0.029		-0.02		2.95417e-06
0.02895		-0.02		2.07128e-06
0.0289		-0.02		2.46988e-06
0.02885		-0.02		3.0026e-06
0.0288		-0.02		2.34695e-06
0.02875		-0.02		4.18353e-06
0.0287		-0.02		3.18514e-06
0.02865		-0.02		4.1798e-06
0.0286		-0.02		2.3842e-06
0.02855		-0.02		3.12926e-06
0.0285		-0.02		1.01329e-06
0.0285		-0.0205		4.26176e-06
0.02855		-0.0205		3.02868e-06
0.0286		-0.0205		3.83335e-06
0.02865		-0.0205		1.61678e-06
0.0287		-0.0205		2.20911e-06
0.02875		-0.0205		2.83869e-06
0.0288		-0.0205		7.63688e-07
0.02885		-0.0205		1.4864e-06
0.0289		-0.0205		3.37513e-06
0.02895		-0.0205		1.93717e-06
0.029		-0.0205		1.78815e-06
0.02905		-0.0205		2.24636e-06
0.0291		-0.0205		2.10108e-06
0.02915		-0.0205		3.70668e-06
0.0292		-0.0205		2.83124e-06
0.02925		-0.0205		2.26872e-06
0.0293		-0.0205		3.03985e-06
0.02935		-0.0205		1.5162e-06
0.0294		-0.0205		8.34469e-07
0.02945		-0.0205		2.25382e-06
0.0295		-0.0205		3.24474e-06
0.02955		-0.0205		2.15323e-06
0.0296		-0.0205		4.01962e-06
0.02965		-0.0205		1.70992e-06
0.0297		-0.0205		4.7982e-06
0.02975		-0.0205		2.61144e-06
0.0298		-0.0205		4.54488e-06
0.02985		-0.0205		2.56301e-06
0.0299		-0.0205		1.94089e-06
0.02995		-0.0205		5.05897e-06
0.03		-0.0205		5.39797e-06
0.03005		-0.0205		4.99192e-06
0.0301		-0.0205		5.88226e-06
0.03015		-0.0205		5.51718e-06
0.0302		-0.0205		6.14303e-06
0.03025		-0.0205		6.72045e-06
0.0303		-0.0205		7.80454e-06
0.03035		-0.0205		8.67253e-06
0.0304		-0.0205		7.94238e-06
0.03045		-0.0205		7.56237e-06
0.0305		-0.0205		7.05945e-06
0.03055		-0.0205		8.74331e-06
0.0306		-0.0205		5.77423e-06
0.03065		-0.0205		6.70183e-06
0.0307		-0.0205		6.85456e-06
0.03075		-0.0205		5.25641e-06
0.0308		-0.0205		2.87221e-06
0.03085		-0.0205		3.79981e-06
0.0309		-0.0205		4.31019e-06
0.03095		-0.0205		1.15485e-06
0.031		-0.0205		2.85731e-06
0.03105		-0.0205		2.84986e-06
0.0311		-0.0205		2.88339e-06
0.03115		-0.0205		2.33205e-06
0.0312		-0.0205		3.94511e-06
0.03125		-0.0205		1.35229e-06
0.0313		-0.0205		3.25964e-06
0.03135		-0.0205		1.83285e-06
0.0314		-0.0205		1.8254e-06
0.03145		-0.0205		2.67105e-06
0.0315		-0.0205		3.55394e-06
0.0315		-0.021		1.63541e-06
0.03145		-0.021		2.37675e-06
0.0314		-0.021		2.34695e-06
0.03135		-0.021		2.82006e-06
0.0313		-0.021		2.14578e-06
0.03125		-0.021		2.6636e-06
0.0312		-0.021		2.78281e-06
0.03115		-0.021		2.80516e-06
0.0311		-0.021		1.63541e-06
0.03105		-0.021		1.91854e-06
0.031		-0.021		2.02657e-06
0.03095		-0.021		3.39375e-06
0.0309		-0.021		2.51086e-06
0.03085		-0.021		3.44591e-06
0.0308		-0.021		4.56724e-06
0.03075		-0.021		3.83708e-06
0.0307		-0.021		4.61939e-06
0.03065		-0.021		5.98657e-06
0.0306		-0.021		4.66409e-06
0.03055		-0.021		6.33302e-06
0.0305		-0.021		6.58262e-06
0.03045		-0.021		5.97912e-06
0.0304		-0.021		7.62197e-06
0.03035		-0.021		7.0669e-06
0.0303		-0.021		6.82104e-06
0.03025		-0.021		7.18239e-06
0.0302		-0.021		7.53257e-06
0.03015		-0.021		5.57306e-06
0.0301		-0.021		6.66085e-06
0.03005		-0.021		4.57096e-06
0.03		-0.021		4.39215e-06
0.02995		-0.021		4.15e-06
0.0299		-0.021		2.99887e-06
0.02985		-0.021		2.90574e-06
0.0298		-0.021		2.75673e-06
0.02975		-0.021		2.3842e-06
0.0297		-0.021		2.22774e-06
0.02965		-0.021		1.35229e-06
0.0296		-0.021		1.60561e-06
0.02955		-0.021		2.87966e-06
0.0295		-0.021		2.24636e-06
0.02945		-0.021		1.2517e-06
0.0294		-0.021		2.3842e-06
0.02935		-0.021		2.33205e-06
0.0293		-0.021		2.00795e-06
0.02925		-0.021		9.53682e-07
0.0292		-0.021		2.28362e-06
0.02915		-0.021		3.18141e-06
0.0291		-0.021		3.57629e-06
0.02905		-0.021		3.6657e-06
0.029		-0.021		3.0324e-06
0.02895		-0.021		2.49968e-06
0.0289		-0.021		2.86849e-06
0.02885		-0.021		2.42145e-06
0.0288		-0.021		2.30224e-06
0.02875		-0.021		2.63007e-06
0.0287		-0.021		2.03775e-06
0.02865		-0.021		4.80566e-07
0.0286		-0.021		2.3246e-06
0.02855		-0.021		1.85893e-06
0.0285		-0.021		1.8403e-06
0.0285		-0.0215		3.19259e-06
0.02855		-0.0215		1.5162e-06
0.0286		-0.0215		4.54861e-06
0.02865		-0.0215		2.00795e-06
0.0287		-0.0215		1.29641e-06
0.02875		-0.0215		1.80305e-06
0.0288		-0.0215		8.94073e-07
0.02885		-0.0215		3.51669e-06
0.0289		-0.0215		4.97329e-06
0.02895		-0.0215		2.26872e-06
0.029		-0.0215		3.14416e-06
0.02905		-0.0215		3.98609e-06
0.0291		-0.0215		3.27082e-06
0.02915		-0.0215		2.80143e-06
0.0292		-0.0215		8.41919e-07
0.02925		-0.0215		2.46616e-06
0.0293		-0.0215		3.3565e-06
0.02935		-0.0215		4.20961e-06
0.0294		-0.0215		2.55929e-06
0.02945		-0.0215		1.44169e-06
0.0295		-0.0215		3.96374e-06
0.02955		-0.0215		2.82006e-06
0.0296		-0.0215		1.20328e-06
0.02965		-0.0215		1.5162e-06
0.0297		-0.0215		2.29479e-06
0.02975		-0.0215		3.80726e-06
0.0298		-0.0215		2.26127e-06
0.02985		-0.0215		1.51993e-06
0.0299		-0.0215		3.11063e-06
0.02995		-0.0215		3.63962e-06
0.03		-0.0215		5.57306e-06
0.03005		-0.0215		3.79609e-06
0.0301		-0.0215		4.39587e-06
0.03015		-0.0215		3.86688e-06
0.0302		-0.0215		4.44058e-06
0.03025		-0.0215		5.95304e-06
0.0303		-0.0215		5.72953e-06
0.03035		-0.0215		4.37352e-06
0.0304		-0.0215		6.42615e-06
0.03045		-0.0215		5.71835e-06
0.0305		-0.0215		5.76678e-06
0.03055		-0.0215		5.4464e-06
0.0306		-0.0215		6.44851e-06
0.03065		-0.0215		5.51718e-06
0.0307		-0.0215		6.86201e-06
0.03075		-0.0215		4.60449e-06
0.0308		-0.0215		5.84873e-06
0.03085		-0.0215		4.66037e-06
0.0309		-0.0215		4.27294e-06
0.03095		-0.0215		5.20053e-06
0.031		-0.0215		3.45336e-06
0.03105		-0.0215		1.12877e-06
0.0311		-0.0215		2.6487e-06
0.03115		-0.0215		4.25431e-06
0.0312		-0.0215		3.24474e-06
0.03125		-0.0215		2.17558e-06
0.0313		-0.0215		2.67105e-06
0.03135		-0.0215		2.92064e-06
0.0314		-0.0215		1.60561e-06
0.03145		-0.0215		3.03985e-06
0.0315		-0.0215		3.89296e-06
0.0315		-0.022		2.62262e-06
0.03145		-0.022		4.19098e-06
0.0314		-0.022		1.83658e-06
0.03135		-0.022		2.0452e-06
0.0313		-0.022		1.34111e-06
0.03125		-0.022		2.97652e-06
0.0312		-0.022		1.42307e-06
0.03115		-0.022		3.72531e-07
0.0311		-0.022		2.57046e-06
0.03105		-0.022		3.29317e-06
0.031		-0.022		2.29107e-06
0.03095		-0.022		3.56512e-06
0.0309		-0.022		3.19631e-06
0.03085		-0.022		3.28945e-06
0.0308		-0.022		5.04035e-06
0.03075		-0.022		4.31019e-06
0.0307		-0.022		4.62684e-06
0.03065		-0.022		5.16328e-06
0.0306		-0.022		6.21381e-06
0.03055		-0.022		6.74653e-06
0.0305		-0.022		8.08394e-06
0.03045		-0.022		6.9775e-06
0.0304		-0.022		7.23454e-06
0.03035		-0.022		6.26597e-06
0.0303		-0.022		6.99612e-06
0.03025		-0.022		4.77958e-06
0.0302		-0.022		3.85943e-06
0.03015		-0.022		3.3416e-06
0.0301		-0.022		4.77213e-06
0.03005		-0.022		2.1197e-06
0.03		-0.022		5.29367e-06
0.02995		-0.022		3.46826e-06
0.0299		-0.022		4.32137e-06
0.02985		-0.022		3.09201e-06
0.0298		-0.022		5.21544e-07
0.02975		-0.022		1.72854e-06
0.0297		-0.022		1.92971e-06
0.02965		-0.022		3.26337e-06
0.0296		-0.022		4.52998e-06
0.02955		-0.022		3.37513e-06
0.0295		-0.022		4.13138e-06
0.02945		-0.022		3.28572e-06
0.0294		-0.022		3.55767e-06
0.02935		-0.022		3.79609e-06
0.0293		-0.022		2.32087e-06
0.02925		-0.022		2.84614e-06
0.0292		-0.022		3.89296e-06
0.02915		-0.022		2.14578e-06
0.0291		-0.022		2.0005e-06
0.02905		-0.022		4.14255e-06
0.029		-0.022		4.14628e-06
0.02895		-0.022		3.16651e-06
0.0289		-0.022		2.95417e-06
0.02885		-0.022		3.09573e-06
0.0288		-0.022		1.99304e-06
0.02875		-0.022		3.46081e-06
0.0287		-0.022		2.17931e-06
0.02865		-0.022		7.26435e-07
0.0286		-0.022		1.35974e-06
0.02855		-0.022		3.41611e-06
0.0285		-0.022		1.8105e-06
0.0285		-0.0225		1.91481e-06
0.02855		-0.0225		1.46777e-06
0.0286		-0.0225		2.11225e-06
0.02865		-0.0225		2.58909e-06
0.0287		-0.0225		1.92226e-06
0.02875		-0.0225		9.83484e-07
0.0288		-0.0225		2.23891e-06
0.02885		-0.0225		3.39748e-06
0.0289		-0.0225		1.81795e-06
0.02895		-0.0225		3.48689e-06
0.029		-0.0225		3.05475e-06
0.02905		-0.0225		5.01427e-06
0.0291		-0.0225		3.12553e-06
0.02915		-0.0225		3.34905e-06
0.0292		-0.0225		1.93717e-06
0.02925		-0.0225		3.19631e-06
0.0293		-0.0225		3.57257e-06
0.02935		-0.0225		2.81633e-06
0.0294		-0.0225		2.0303e-06
0.02945		-0.0225		2.94299e-06
0.0295		-0.0225		2.1048e-06
0.02955		-0.0225		1.4864e-06
0.0296		-0.0225		1.94834e-06
0.02965		-0.0225		1.25543e-06
0.0297		-0.0225		2.43635e-06
0.02975		-0.0225		2.52949e-06
0.0298		-0.0225		1.04309e-06
0.02985		-0.0225		3.89668e-06
0.0299		-0.0225		3.12553e-06
0.02995		-0.0225		2.46988e-06
0.03		-0.0225		1.94089e-06
0.03005		-0.0225		3.71413e-06
0.0301		-0.0225		3.48689e-06
0.03015		-0.0225		3.26337e-06
0.0302		-0.0225		3.4012e-06
0.03025		-0.0225		2.55929e-06
0.0303		-0.0225		4.93976e-06
0.03035		-0.0225		2.89829e-06
0.0304		-0.0225		5.57306e-06
0.03045		-0.0225		6.20264e-06
0.0305		-0.0225		5.88226e-06
0.03055		-0.0225		7.62945e-06
0.0306		-0.0225		5.56561e-06
0.03065		-0.0225		3.70295e-06
0.0307		-0.0225		4.59331e-06
0.03075		-0.0225		4.48155e-06
0.0308		-0.0225		1.94462e-06
0.03085		-0.0225		3.56139e-06
0.0309		-0.0225		5.01427e-06
0.03095		-0.0225		1.51993e-06
0.031		-0.0225		6.89182e-07
0.03105		-0.0225		2.38793e-06
0.0311		-0.0225		3.78491e-06
0.03115		-0.0225		3.26709e-06
0.0312		-0.0225		2.74555e-06
0.03125		-0.0225		2.1197e-06
0.0313		-0.0225		3.67315e-06
0.03135		-0.0225		1.92599e-06
0.0314		-0.0225		2.68595e-06
0.03145		-0.0225		2.15323e-06
0.0315		-0.0225		2.60399e-06
0.0315		-0.0230001		1.80305e-06
0.03145		-0.0230001		2.96162e-06
0.0314		-0.0230001		2.21656e-06
0.03135		-0.0230001		2.82751e-06
0.0313		-0.0230001		1.85893e-06
0.03125		-0.0230001		2.71575e-06
0.0312		-0.0230001		3.31553e-07
0.03115		-0.0230001		1.51993e-06
0.0311		-0.0230001		3.44963e-06
0.03105		-0.0230001		5.38307e-06
0.031		-0.0230001		2.7083e-06
0.03095		-0.0230001		1.81795e-06
0.0309		-0.0230001		4.4741e-06
0.03085		-0.0230001		4.38097e-06
0.0308		-0.0230001		4.80565e-06
0.03075		-0.0230001		3.48316e-06
0.0307		-0.0230001		4.84663e-06
0.03065		-0.0230001		5.27131e-06
0.0306		-0.0230001		3.70295e-06
0.03055		-0.0230001		4.77213e-06
0.0305		-0.0230001		5.88971e-06
0.03045		-0.0230001		4.20961e-06
0.0304		-0.0230001		6.33302e-06
0.03035		-0.0230001		6.24734e-06
0.0303		-0.0230001		5.4464e-06
0.03025		-0.0230001		5.45385e-06
0.0302		-0.0230001		2.36185e-06
0.03015		-0.0230001		3.282e-06
0.0301		-0.0230001		2.3246e-06
0.03005		-0.0230001		2.96535e-06
0.03		-0.0230001		3.37885e-06
0.02995		-0.0230001		3.02868e-06
0.0299		-0.0230001		2.62634e-06
0.02985		-0.0230001		6.32185e-06
0.0298		-0.0230001		3.8557e-06
0.02975		-0.0230001		1.58326e-06
0.0297		-0.0230001		1.54973e-06
0.02965		-0.0230001		1.95207e-06
0.0296		-0.0230001		2.03775e-06
0.02955		-0.0230001		3.37885e-06
0.0295		-0.0230001		2.44008e-06
0.02945		-0.0230001		6.96633e-07
0.0294		-0.0230001		1.86638e-06
0.02935		-0.0230001		3.05848e-06
0.0293		-0.0230001		1.546e-06
0.02925		-0.0230001		1.68756e-06
0.0292		-0.0230001		2.05637e-06
0.02915		-0.0230001		4.76095e-06
0.0291		-0.0230001		2.67477e-06
0.02905		-0.0230001		2.78653e-06
0.029		-0.0230001		1.70619e-06
0.02895		-0.0230001		3.11063e-06
0.0289		-0.0230001		2.09363e-06
0.02885		-0.0230001		2.44008e-06
0.0288		-0.0230001		3.20749e-06
0.02875		-0.0230001		6.51929e-07
0.0287		-0.0230001		1.8254e-07
0.02865		-0.0230001		2.09363e-06
0.0286		-0.0230001		1.546e-06
0.02855		-0.0230001		2.53321e-06
0.0285		-0.0230001		1.61678e-06
0.0285		-0.0235001		1.43052e-06
0.02855		-0.0235001		2.81633e-06
0.0286		-0.0235001		2.31715e-06
0.02865		-0.0235001		2.68967e-06
0.0287		-0.0235001		1.05054e-06
0.02875		-0.0235001		2.52204e-06
0.0288		-0.0235001		1.72109e-06
0.02885		-0.0235001		1.89991e-06
0.0289		-0.0235001		1.78815e-06
0.02895		-0.0235001		2.9579e-06
0.029		-0.0235001		6.96633e-07
0.02905		-0.0235001		3.29317e-06
0.0291		-0.0235001		3.21121e-06
0.02915		-0.0235001		2.87594e-06
0.0292		-0.0235001		3.53159e-06
0.02925		-0.0235001		3.34905e-06
0.0293		-0.0235001		2.7232e-06
0.02935		-0.0235001		1.11014e-06
0.0294		-0.0235001		3.44963e-06
0.02945		-0.0235001		3.14416e-06
0.0295		-0.0235001		3.78491e-06
0.02955		-0.0235001		3.6508e-07
0.0296		-0.0235001		2.13461e-06
0.02965		-0.0235001		2.86476e-06
0.0297		-0.0235001		2.68222e-06
0.02975		-0.0235001		4.73114e-07
0.0298		-0.0235001		1.37091e-06
0.02985		-0.0235001		3.22984e-06
0.0299		-0.0235001		2.21656e-06
0.02995		-0.0235001		1.35974e-06
0.03		-0.0235001		4.60449e-06
0.03005		-0.0235001		4.67527e-06
0.0301		-0.0235001		3.75883e-06
0.03015		-0.0235001		2.13461e-06
0.0302		-0.0235001		2.48478e-06
0.03025		-0.0235001		5.37935e-06
0.0303		-0.0235001		5.6662e-06
0.03035		-0.0235001		6.23989e-06
0.0304		-0.0235001		4.98074e-06
0.03045		-0.0235001		5.58051e-06
0.0305		-0.0235001		3.67688e-06
0.03055		-0.0235001		5.77795e-06
0.0306		-0.0235001		4.63429e-06
0.03065		-0.0235001		5.39425e-06
0.0307		-0.0235001		1.50502e-06
0.03075		-0.0235001		3.25964e-06
0.0308		-0.0235001		2.77908e-06
0.03085		-0.0235001		3.24102e-06
0.0309		-0.0235001		3.0771e-06
0.03095		-0.0235001		1.09152e-06
0.031		-0.0235001		2.0452e-06
0.03105		-0.0235001		2.60027e-06
0.0311		-0.0235001		-5.66248e-07
0.03115		-0.0235001		3.97119e-06
0.0312		-0.0235001		1.93717e-06
0.03125		-0.0235001		2.31715e-06
0.0313		-0.0235001		2.25382e-06
0.03135		-0.0235001		2.22774e-06
0.0314		-0.0235001		8.19568e-07
0.03145		-0.0235001		1.97069e-06
0.0315		-0.0235001		1.77697e-06
0.0315		-0.024		4.41077e-06
0.03145		-0.024		2.20166e-06
0.0314		-0.024		3.37885e-06
0.03135		-0.024		1.84775e-06
0.0313		-0.024		2.75673e-06
0.03125		-0.024		1.64659e-06
0.0312		-0.024		2.23891e-06
0.03115		-0.024		2.78281e-06
0.0311		-0.024		1.34111e-06
0.03105		-0.024		1.40072e-06
0.031		-0.024		3.0026e-06
0.03095		-0.024		2.12342e-07
0.0309		-0.024		3.52786e-06
0.03085		-0.024		6.03127e-06
0.0308		-0.024		4.42567e-06
0.03075		-0.024		3.16651e-06
0.0307		-0.024		3.27454e-06
0.03065		-0.024		3.14043e-06
0.0306		-0.024		3.52414e-06
0.03055		-0.024		4.23196e-06
0.0305		-0.024		6.73908e-06
0.03045		-0.024		3.91903e-06
0.0304		-0.024		4.34372e-06
0.03035		-0.024		3.96001e-06
0.0303		-0.024		1.75089e-06
0.03025		-0.024		2.82006e-06
0.0302		-0.024		4.1798e-06
0.03015		-0.024		1.28151e-06
0.0301		-0.024		7.97216e-07
0.03005		-0.024		2.15323e-06
0.03		-0.024		1.79187e-06
0.02995		-0.024		3.08828e-06
0.0299		-0.024		2.02657e-06
0.02985		-0.024		2.80516e-06
0.0298		-0.024		2.80516e-06
0.02975		-0.024		1.07289e-06
0.0297		-0.024		1.19583e-06
0.02965		-0.024		1.39327e-06
0.0296		-0.024		2.13461e-06
0.02955		-0.024		3.29317e-06
0.0295		-0.024		2.69712e-06
0.02945		-0.024		2.04892e-07
0.0294		-0.024		1.27778e-06
0.02935		-0.024		7.52512e-07
0.0293		-0.024		2.08618e-06
0.02925		-0.024		2.99142e-06
0.0292		-0.024		3.15161e-06
0.02915		-0.024		2.25382e-06
0.0291		-0.024		2.21656e-06
0.02905		-0.024		2.60027e-06
0.029		-0.024		2.60772e-06
0.02895		-0.024		3.73276e-06
0.0289		-0.024		1.84403e-06
0.02885		-0.024		1.43424e-06
0.0288		-0.024		3.05476e-07
0.02875		-0.024		2.76418e-06
0.0287		-0.024		2.0005e-06
0.02865		-0.024		4.0606e-06
0.0286		-0.024		1.21445e-06
0.02855		-0.024		2.20911e-06
0.0285		-0.024		1.15857e-06
0.0285		-0.0245		1.08407e-06
0.02855		-0.0245		4.65663e-07
0.0286		-0.0245		2.64125e-06
0.02865		-0.0245		-9.83484e-07
0.0287		-0.0245		1.92226e-06
0.02875		-0.0245		2.74928e-06
0.0288		-0.0245		2.86104e-06
0.02885		-0.0245		1.52365e-06
0.0289		-0.0245		2.86104e-06
0.02895		-0.0245		2.80143e-06
0.029		-0.0245		2.04147e-06
0.02905		-0.0245		1.70619e-06
0.0291		-0.0245		1.76952e-06
0.02915		-0.0245		1.65776e-06
0.0292		-0.0245		1.29641e-06
0.02925		-0.0245		2.99515e-06
0.0293		-0.0245		3.25219e-06
0.02935		-0.0245		3.08455e-06
0.0294		-0.0245		2.93554e-06
0.02945		-0.0245		2.0154e-06
0.0295		-0.0245		1.52738e-06
0.02955		-0.0245		2.18303e-06
0.0296		-0.0245		1.39327e-06
0.02965		-0.0245		1.59071e-06
0.0297		-0.0245		2.55184e-06
0.02975		-0.0245		1.63541e-06
0.0298		-0.0245		2.47361e-06
0.02985		-0.0245		2.70085e-06
0.0299		-0.0245		3.69178e-06
0.02995		-0.0245		2.90574e-06
0.03		-0.0245		5.24896e-06
0.03005		-0.0245		4.1202e-06
0.0301		-0.0245		3.6359e-06
0.03015		-0.0245		8.30743e-07
0.0302		-0.0245		3.3267e-06
0.03025		-0.0245		2.74928e-06
0.0303		-0.0245		5.65129e-06
0.03035		-0.0245		3.88178e-06
0.0304		-0.0245		4.93976e-06
0.03045		-0.0245		4.1798e-06
0.0305		-0.0245		5.22289e-06
0.03055		-0.0245		4.96212e-06
0.0306		-0.0245		5.65875e-06
0.03065		-0.0245		3.7253e-06
0.0307		-0.0245		3.98236e-06
0.03075		-0.0245		4.1798e-06
0.0308		-0.0245		4.22823e-06
0.03085		-0.0245		2.81633e-06
0.0309		-0.0245		2.0899e-06
0.03095		-0.0245		2.55929e-06
0.031		-0.0245		3.27082e-06
0.03105		-0.0245		2.27989e-06
0.0311		-0.0245		1.90363e-06
0.03115		-0.0245		7.59963e-07
0.0312		-0.0245		0.0
0.03125		-0.0245		2.69712e-06
0.0313		-0.0245		1.67639e-06
0.03135		-0.0245		2.32087e-06
0.0314		-0.0245		1.65404e-06
0.03145		-0.0245		3.97491e-06
0.0315		-0.0245		3.18886e-06
0.0315		-0.0250001		2.78653e-06
0.03145		-0.0250001		4.69017e-06
0.0314		-0.0250001		1.50502e-06
0.03135		-0.0250001		1.207e-06
0.0313		-0.0250001		3.78118e-06
0.03125		-0.0250001		-3.50179e-07
0.0312		-0.0250001		1.31503e-06
0.03115		-0.0250001		3.48316e-06
0.0311		-0.0250001		2.28362e-06
0.03105		-0.0250001		8.00941e-07
0.031		-0.0250001		1.75834e-06
0.03095		-0.0250001		2.71948e-07
0.0309		-0.0250001		2.92809e-06
0.03085		-0.0250001		1.39327e-06
0.0308		-0.0250001		3.98982e-06
0.03075		-0.0250001		2.07128e-06
0.0307		-0.0250001		3.3565e-06
0.03065		-0.0250001		5.9903e-06
0.0306		-0.0250001		6.88064e-06
0.03055		-0.0250001		5.67737e-06
0.0305		-0.0250001		5.29739e-06
0.03045		-0.0250001		5.05152e-06
0.0304		-0.0250001		2.81633e-06
0.03035		-0.0250001		6.0797e-06
0.0303		-0.0250001		4.73115e-06
0.03025		-0.0250001		2.32087e-06
0.0302		-0.0250001		2.71575e-06
0.03015		-0.0250001		3.76628e-06
0.0301		-0.0250001		2.73065e-06
0.03005		-0.0250001		3.20749e-06
0.03		-0.0250001		2.52949e-06
0.02995		-0.0250001		1.96697e-06
0.0299		-0.0250001		3.51296e-06
0.02985		-0.0250001		1.46405e-06
0.0298		-0.0250001		3.51296e-06
0.02975		-0.0250001		1.57208e-06
0.0297		-0.0250001		3.14416e-06
0.02965		-0.0250001		2.83496e-06
0.0296		-0.0250001		-6.81732e-07
0.02955		-0.0250001		1.96324e-06
0.0295		-0.0250001		1.2368e-06
0.02945		-0.0250001		1.02446e-06
0.0294		-0.0250001		1.64659e-06
0.02935		-0.0250001		6.55655e-07
0.0293		-0.0250001		2.32832e-06
0.02925		-0.0250001		2.7232e-06
0.0292		-0.0250001		1.66521e-06
0.02915		-0.0250001		2.07873e-06
0.0291		-0.0250001		1.56835e-06
0.02905		-0.0250001		2.34695e-06
0.029		-0.0250001		1.27406e-06
0.02895		-0.0250001		1.78815e-06
0.0289		-0.0250001		7.78589e-07
0.02885		-0.0250001		1.47895e-06
0.0288		-0.0250001		1.18092e-06
0.02875		-0.0250001		2.0601e-06
0.0287		-0.0250001		4.09784e-07
0.02865		-0.0250001		2.02657e-06
0.0286		-0.0250001		2.414e-06
0.02855		-0.0250001		1.93716e-07
0.0285		-0.0250001		1.94089e-06
