Your comment line - do NOT delete this line
Col 0: X-pos [m]
Col 1: Y-pos [m]
Col 2: Voltage [V]

Col 0		Col 1		Col 2
0.0		0.0		5.50601e-06
5e-05		0.0		5.11299e-06
0.0001		0.0		4.07177e-06
0.00015		0.0		5.68296e-06
0.0002		0.0		7.66112e-06
0.00025		0.0		5.18005e-06
0.0003		0.0		4.48528e-06
0.00035		0.0		6.66644e-06
0.0004		0.0		5.4613e-06
0.00045		0.0		4.32137e-06
0.0005		0.0		9.09908e-06
0.00055		0.0		1.3575e-05
0.0006		0.0		1.64584e-05
0.00065		0.0		2.04613e-05
0.0007		0.0		2.10648e-05
0.00075		0.0		2.12808e-05
0.0008		0.0		1.84403e-05
0.00085		0.0		1.75537e-05
0.0009		0.0		1.50037e-05
0.00095		0.0		8.81782e-06
0.001		0.0		7.70582e-06
0.00105		0.0		3.26151e-06
0.0011		0.0		4.12579e-06
0.00115		0.0		5.63453e-06
0.0012		0.0		4.1053e-06
0.00125		0.0		4.58027e-06
0.0013		0.0		5.39425e-06
0.00135		0.0		3.24102e-06
0.0014		0.0		3.62658e-06
0.00145		-0.0004999		1.50316e-06
0.0014		-0.0004999		3.621e-06
0.00135		-0.0004999		3.49992e-06
0.0013		-0.0004999		5.04221e-06
0.00125		-0.0004999		3.44218e-06
0.0012		-0.0004999		3.66756e-06
0.00115		-0.0004999		1.60933e-06
0.0011		-0.0004999		4.65478e-06
0.00105		-0.0004999		5.99402e-06
0.001		-0.0004999		7.29415e-06
0.00095		-0.0004999		1.23773e-05
0.0009		-0.0004999		1.30777e-05
0.00085		-0.0004999		1.52906e-05
0.0008		-0.0004999		1.82131e-05
0.00075		-0.0004999		1.8634e-05
0.0007		-0.0004999		1.90047e-05
0.00065		-0.0004999		1.66987e-05
0.0006		-0.0004999		1.85688e-05
0.00055		-0.0004999		1.13175e-05
0.0005		-0.0004999		7.93306e-06
0.00045		-0.0004999		6.53233e-06
0.0004		-0.0004999		8.88115e-06
0.00035		-0.0004999		6.64595e-06
0.0003		-0.0004999		5.80962e-06
0.00025		-0.0004999		5.34023e-06
0.0002		-0.0004999		5.83011e-06
0.00015		-0.0004999		5.45385e-06
0.0001		-0.0004999		5.2322e-06
5e-05		-0.0004999		3.16465e-06
0.0		-0.0009999		4.21147e-06
5e-05		-0.0009999		5.11858e-06
0.0001		-0.0009999		3.19631e-06
0.00015		-0.0009999		4.35862e-06
0.0002		-0.0009999		2.99701e-06
0.00025		-0.0009999		3.15534e-06
0.0003		-0.0009999		6.18401e-06
0.00035		-0.0009999		3.92835e-06
0.0004		-0.0009999		5.65502e-06
0.00045		-0.0009999		4.73674e-06
0.0005		-0.0009999		8.74704e-06
0.00055		-0.0009999		1.29212e-05
0.0006		-0.0009999		1.64566e-05
0.00065		-0.0009999		1.82894e-05
0.0007		-0.0009999		1.9461e-05
0.00075		-0.0009999		2.0126e-05
0.0008		-0.0009999		1.72855e-05
0.00085		-0.0009999		1.41897e-05
0.0009		-0.0009999		1.46777e-05
0.00095		-0.0009999		9.70071e-06
0.001		-0.0009999		4.27294e-06
0.00105		-0.0009999		2.36744e-06
0.0011		-0.0009999		3.36395e-06
0.00115		-0.0009999		1.56463e-06
0.0012		-0.0009999		1.35229e-06
0.00125		-0.0009999		1.57208e-06
0.0013		-0.0009999		3.94884e-06
0.00135		-0.0009999		2.87594e-06
0.0014		-0.0009999		3.95815e-06
0.00145		-0.0014999		2.88153e-06
0.0014		-0.0014999		1.97256e-06
0.00135		-0.0014999		2.26127e-06
0.0013		-0.0014999		1.37836e-06
0.00125		-0.0014999		3.71227e-06
0.0012		-0.0014999		3.36395e-06
0.00115		-0.0014999		5.04966e-06
0.0011		-0.0014999		2.6785e-06
0.00105		-0.0014999		3.43287e-06
0.001		-0.0014999		5.48738e-06
0.00095		-0.0014999		9.26486e-06
0.0009		-0.0014999		1.03564e-05
0.00085		-0.0014999		1.32435e-05
0.0008		-0.0014999		1.36607e-05
0.00075		-0.0014999		1.32677e-05
0.0007		-0.0014999		1.60282e-05
0.00065		-0.0014999		1.55774e-05
0.0006		-0.0014999		1.21911e-05
0.00055		-0.0014999		7.32954e-06
0.0005		-0.0014999		7.02779e-06
0.00045		-0.0014999		5.82452e-06
0.0004		-0.0014999		4.67527e-06
0.00035		-0.0014999		4.19098e-06
0.0003		-0.0014999		4.32509e-06
0.00025		-0.0014999		4.08481e-06
0.0002		-0.0014999		3.14416e-06
0.00015		-0.0014999		3.19073e-06
0.0001		-0.0014999		3.04358e-06
5e-05		-0.0014999		3.17582e-06
0.0		-0.0019999		3.25964e-06
5e-05		-0.0019999		2.30224e-06
0.0001		-0.0019999		3.20563e-06
0.00015		-0.0019999		3.00819e-06
0.0002		-0.0019999		2.74369e-06
0.00025		-0.0019999		3.19818e-06
0.0003		-0.0019999		1.68198e-06
0.00035		-0.0019999		6.14676e-06
0.0004		-0.0019999		4.3344e-06
0.00045		-0.0019999		5.56189e-06
0.0005		-0.0019999		6.63291e-06
0.00055		-0.0019999		9.76777e-06
0.0006		-0.0019999		1.27964e-05
0.00065		-0.0019999		1.56873e-05
0.0007		-0.0019999		1.74457e-05
0.00075		-0.0019999		1.59425e-05
0.0008		-0.0019999		1.3331e-05
0.00085		-0.0019999		1.58028e-05
0.0009		-0.0019999		9.9708e-06
0.00095		-0.0019999		9.6318e-06
0.001		-0.0019999		4.96025e-06
0.00105		-0.0019999		4.14814e-06
0.0011		-0.0019999		1.11387e-06
0.00115		-0.0019999		3.31925e-06
0.0012		-0.0019999		4.19843e-06
0.00125		-0.0019999		3.6657e-06
0.0013		-0.0019999		4.1798e-06
0.00135		-0.0019999		6.29578e-07
0.0014		-0.0019999		2.27989e-06
0.0014		-0.0024999		1.67266e-06
0.00135		-0.0024999		1.58698e-06
0.0013		-0.0024999		2.45126e-06
0.00125		-0.0024999		3.19073e-06
0.0012		-0.0024999		2.52204e-06
0.00115		-0.0024999		2.14019e-06
0.0011		-0.0024999		1.45846e-06
0.00105		-0.0024999		2.74928e-06
0.001		-0.0024999		6.03314e-06
0.00095		-0.0024999		7.95728e-06
0.0009		-0.0024999		8.40804e-06
0.00085		-0.0024999		1.33683e-05
0.0008		-0.0024999		1.15261e-05
0.00075		-0.0024999		1.06861e-05
0.0007		-0.0024999		1.42344e-05
0.00065		-0.0024999		1.24444e-05
0.0006		-0.0024999		1.12374e-05
0.00055		-0.0024999		8.39873e-06
0.0005		-0.0024999		5.7854e-06
0.00045		-0.0024999		5.38307e-06
0.0004		-0.0024999		3.78863e-06
0.00035		-0.0024999		3.00632e-06
0.0003		-0.0024999		2.40096e-06
0.00025		-0.0024999		4.10344e-06
0.0002		-0.0024999		4.47038e-06
0.00015		-0.0024999		2.0601e-06
0.0001		-0.0024999		1.4566e-06
5e-05		-0.0024999		1.70433e-06
0.0		-0.0024999		4.09412e-06
0.0		-0.0029999		2.20539e-06
5e-05		-0.0029999		3.3714e-06
0.0001		-0.0029999		4.3195e-06
0.00015		-0.0029999		3.04171e-06
0.0002		-0.0029999		6.96633e-07
0.00025		-0.0029999		3.1274e-06
0.0003		-0.0029999		3.83522e-06
0.00035		-0.0029999		6.01265e-06
0.0004		-0.0029999		2.35254e-06
0.00045		-0.0029999		5.05897e-06
0.0005		-0.0029999		4.48528e-06
0.00055		-0.0029999		1.01012e-05
0.0006		-0.0029999		1.12244e-05
0.00065		-0.0029999		1.22972e-05
0.0007		-0.0029999		1.51341e-05
0.00075		-0.0029999		1.52477e-05
0.0008		-0.0029999		1.71085e-05
0.00085		-0.0029999		1.26884e-05
0.0009		-0.0029999		1.22507e-05
0.00095		-0.0029999		7.8064e-06
0.001		-0.0029999		8.68371e-06
0.00105		-0.0029999		5.55444e-06
0.0011		-0.0029999		4.98074e-06
0.00115		-0.0029999		2.51831e-06
0.0012		-0.0029999		4.31205e-06
0.00125		-0.0029999		7.581e-07
0.0013		-0.0029999		5.79286e-07
0.00135		-0.0029999		1.15857e-06
0.0014		-0.0029999		1.83285e-06
0.0015		-0.0034999		2.46057e-06
0.00145		-0.0034999		1.15298e-06
0.0014		-0.0034999		1.29082e-06
0.00135		-0.0034999		1.98187e-06
0.0013		-0.0034999		2.93741e-06
0.00125		-0.0034999		3.20376e-06
0.0012		-0.0034999		2.85731e-06
0.00115		-0.0034999		3.33974e-06
0.0011		-0.0034999		2.57978e-06
0.00105		-0.0034999		4.21147e-06
0.001		-0.0034999		6.0946e-06
0.00095		-0.0034999		9.34309e-06
0.0009		-0.0034999		1.15056e-05
0.00085		-0.0034999		1.49087e-05
0.0008		-0.0034999		1.42865e-05
0.00075		-0.0034999		1.34986e-05
0.0007		-0.0034999		1.4795e-05
0.00065		-0.0034999		1.39289e-05
0.0006		-0.0034999		1.13138e-05
0.00055		-0.0034999		8.52166e-06
0.0005		-0.0034999		7.43012e-06
0.00045		-0.0034999		3.20376e-06
0.0004		-0.0034999		5.33278e-06
0.00035		-0.0034999		3.77187e-06
0.0003		-0.0034999		2.82006e-06
0.00025		-0.0034999		2.82565e-06
0.0002		-0.0034999		1.66335e-06
0.00015		-0.0034999		1.80491e-06
0.0001		-0.0034999		1.36533e-06
0.00015		-0.0039999		1.85706e-06
0.0002		-0.0039999		4.04196e-07
0.00025		-0.0039999		4.64174e-06
0.0003		-0.0039999		1.73972e-06
0.00035		-0.0039999		5.63267e-06
0.0004		-0.0039999		4.2152e-06
0.00045		-0.0039999		5.94932e-06
0.0005		-0.0039999		4.87271e-06
0.00055		-0.0039999		8.18452e-06
0.0006		-0.0039999		1.09748e-05
0.00065		-0.0039999		1.11331e-05
0.0007		-0.0039999		1.54154e-05
0.00075		-0.0039999		1.32081e-05
0.0008		-0.0039999		1.21762e-05
0.00085		-0.0039999		1.40761e-05
0.0009		-0.0039999		1.23233e-05
0.00095		-0.0039999		1.07661e-05
0.001		-0.0039999		8.04669e-06
0.00105		-0.0039999		4.56351e-06
0.0011		-0.0039999		3.73462e-06
0.00115		-0.0039999		1.12691e-06
0.0012		-0.0039999		4.01217e-06
0.00125		-0.0039999		3.14416e-06
0.0013		-0.0039999		2.00795e-06
0.00135		-0.0039999		1.10269e-06
0.0014		-0.0039999		6.14677e-07
0.00145		-0.0039999		3.13298e-06
0.0015		-0.0039999		1.14367e-06
0.00155		-0.0039999		1.78628e-06
0.0014		-0.0044999		1.42307e-06
0.00135		-0.0044999		1.02819e-06
0.0013		-0.0044999		2.85731e-06
0.00125		-0.0044999		3.08828e-06
0.0012		-0.0044999		4.02148e-06
0.00115		-0.0044999		5.03103e-06
0.0011		-0.0044999		8.11747e-06
0.00105		-0.0044999		6.09833e-06
0.001		-0.0044999		6.97564e-06
0.00095		-0.0044999		9.70444e-06
0.0009		-0.0044999		1.35061e-05
0.00085		-0.0044999		1.16435e-05
0.0008		-0.0044999		1.32509e-05
0.00075		-0.0044999		1.52906e-05
0.0007		-0.0044999		1.50577e-05
0.00065		-0.0044999		1.11312e-05
0.0006		-0.0044999		9.13261e-06
0.00055		-0.0044999		9.71562e-06
0.0005		-0.0044999		6.00333e-06
0.00045		-0.0044999		6.23617e-06
0.0004		-0.0044999		5.25083e-06
0.00035		-0.0044999		5.04221e-06
0.0003		-0.0044999		2.36185e-06
0.00025		-0.0044999		3.54277e-06
0.0002		-0.0044999		1.42493e-06
0.00015		-0.0044999		1.68198e-06
0.0001		-0.0044999		2.14578e-06
5e-05		-0.0044999		1.04123e-06
0.0		-0.0044999		2.01726e-06
5e-05		-0.0049999		1.84961e-06
0.0001		-0.0049999		2.31156e-06
0.00015		-0.0049999		2.16255e-06
0.0002		-0.0049999		2.84055e-06
0.00025		-0.0049999		2.91133e-06
0.0003		-0.0049999		2.67291e-06
0.00035		-0.0049999		4.67527e-06
0.0004		-0.0049999		4.58959e-06
0.00045		-0.0049999		7.78219e-06
0.0005		-0.0049999		6.5286e-06
0.00055		-0.0049999		8.16962e-06
0.0006		-0.0049999		9.71748e-06
0.00065		-0.0049999		9.34122e-06
0.0007		-0.0049999		9.39152e-06
0.00075		-0.0049999		1.22153e-05
0.0008		-0.0049999		1.22544e-05
0.00085		-0.0049999		9.55729e-06
0.0009		-0.0049999		8.97615e-06
0.00095		-0.0049999		1.10195e-05
0.001		-0.0049999		9.89443e-06
0.00105		-0.0049999		7.04269e-06
0.0011		-0.0049999		2.88339e-06
0.00115		-0.0049999		3.10132e-06
0.0012		-0.0049999		3.6061e-06
0.00125		-0.0049999		2.27989e-06
0.0013		-0.0049999		1.02632e-06
0.00135		-0.0049999		3.28013e-06
0.0014		-0.0049999		1.50316e-06
0.00145		-0.0049999		2.88898e-06
0.0015		-0.0054999		1.73227e-06
0.00145		-0.0054999		2.59654e-06
0.0014		-0.0054999		4.61753e-06
0.00135		-0.0054999		2.68036e-06
0.0013		-0.0054999		1.67825e-06
0.00125		-0.0054999		7.45062e-07
0.0012		-0.0054999		2.32273e-06
0.00115		-0.0054999		3.18328e-06
0.0011		-0.0054999		3.82404e-06
0.00105		-0.0054999		6.45223e-06
0.001		-0.0054999		7.7915e-06
0.00095		-0.0054999		7.44688e-06
0.0009		-0.0054999		1.2111e-05
0.00085		-0.0054999		1.19918e-05
0.0008		-0.0054999		1.14181e-05
0.00075		-0.0054999		1.09245e-05
0.0007		-0.0054999		1.13492e-05
0.00065		-0.0054999		9.61503e-06
0.0006		-0.0054999		9.42877e-06
0.00055		-0.0054999		9.14192e-06
0.0005		-0.0054999		6.74653e-06
0.00045		-0.0054999		5.88971e-06
0.0004		-0.0054999		7.16004e-06
0.00035		-0.0054999		4.49832e-06
0.0003		-0.0054999		2.82192e-06
0.00025		-0.0054999		3.27641e-06
0.0002		-0.0054999		1.94089e-06
0.00015		-0.0054999		3.50738e-06
0.0001		-0.0054999		2.57046e-06
0.0002		-0.0059999		3.08642e-06
0.00025		-0.0059999		2.15882e-06
0.0003		-0.0059999		3.56139e-06
0.00035		-0.0059999		5.67365e-06
0.0004		-0.0059999		4.62498e-06
0.00045		-0.0059999		6.00892e-06
0.0005		-0.0059999		7.31464e-06
0.00055		-0.0059999		9.7864e-06
0.0006		-0.0059999		1.02819e-05
0.00065		-0.0059999		1.07755e-05
0.0007		-0.0059999		1.3046e-05
0.00075		-0.0059999		1.1554e-05
0.0008		-0.0059999		9.85159e-06
0.00085		-0.0059999		1.0755e-05
0.0009		-0.0059999		8.10815e-06
0.00095		-0.0059999		1.01291e-05
0.001		-0.0059999		6.53233e-06
0.00105		-0.0059999		7.12837e-06
0.0011		-0.0059999		6.71859e-06
0.00115		-0.0059999		3.87619e-06
0.0012		-0.0059999		1.23867e-06
0.00125		-0.0059999		1.53483e-06
0.0013		-0.0059999		1.32249e-06
0.00135		-0.0059999		1.67266e-06
0.0014		-0.0059999		5.69973e-07
0.00145		-0.0059999		8.58683e-07
0.0015		-0.0059999		3.27454e-06
0.00155		-0.0059999		1.27033e-06
0.0016		-0.0059999		2.41773e-06
0.0014		-0.0064999		2.95603e-06
0.00135		-0.0064999		1.03378e-06
0.0013		-0.0064999		2.41773e-06
0.00125		-0.0064999		1.78442e-06
0.0012		-0.0064999		2.15509e-06
0.00115		-0.0064999		2.64311e-06
0.0011		-0.0064999		3.25778e-06
0.00105		-0.0064999		4.77026e-06
0.001		-0.0064999		7.19543e-06
0.00095		-0.0064999		7.24572e-06
0.0009		-0.0064999		9.69326e-06
0.00085		-0.0064999		1.10139e-05
0.0008		-0.0064999		1.20588e-05
0.00075		-0.0064999		1.19415e-05
0.0007		-0.0064999		1.1053e-05
0.00065		-0.0064999		1.1012e-05
0.0006		-0.0064999		8.50117e-06
0.00055		-0.0064999		6.14117e-06
0.0005		-0.0064999		7.24386e-06
0.00045		-0.0064999		5.18936e-06
0.0004		-0.0064999		5.91952e-06
0.00035		-0.0064999		5.02917e-06
0.0003		-0.0064999		4.23196e-06
0.00025		-0.0064999		8.38194e-07
0.0002		-0.0064999		8.04666e-07
0.00015		-0.0064999		1.58139e-06
0.0001		-0.0064999		1.94275e-06
5e-05		-0.0064999		3.66197e-06
0.0		-0.0064999		1.47708e-06
0.0001		-0.0069999		2.3246e-06
0.00015		-0.0069999		1.58139e-06
0.0002		-0.0069999		2.03216e-06
0.00025		-0.0069999		3.53718e-06
0.0003		-0.0069999		3.04358e-06
0.00035		-0.0069999		3.70482e-06
0.0004		-0.0069999		5.46503e-06
0.00045		-0.0069999		5.67178e-06
0.0005		-0.0069999		6.2492e-06
0.00055		-0.0069999		6.30881e-06
0.0006		-0.0069999		6.8229e-06
0.00065		-0.0069999		1.20216e-05
0.0007		-0.0069999		1.21557e-05
0.00075		-0.0069999		1.01962e-05
0.0008		-0.0069999		1.3372e-05
0.00085		-0.0069999		1.0267e-05
0.0009		-0.0069999		9.42877e-06
0.00095		-0.0069999		9.55543e-06
0.001		-0.0069999		4.97329e-06
0.00105		-0.0069999		5.81521e-06
0.0011		-0.0069999		2.23891e-06
0.00115		-0.0069999		4.99378e-06
0.0012		-0.0069999		3.5558e-06
0.00125		-0.0069999		6.35166e-07
0.0013		-0.0069999		1.3914e-06
0.00135		-0.0069999		6.63105e-07
0.0014		-0.0069999		2.64125e-06
0.00145		-0.0069999		7.04084e-07
0.0015		-0.0069999		1.02819e-06
0.0015		-0.0074999		1.54228e-06
0.00145		-0.0074999		1.93903e-06
0.0014		-0.0074999		-1.28523e-07
0.00135		-0.0074999		1.18651e-06
0.0013		-0.0074999		1.1474e-06
0.00125		-0.0074999		1.97069e-06
0.0012		-0.0074999		3.04916e-06
0.00115		-0.0074999		2.49782e-06
0.0011		-0.0074999		3.12926e-06
0.00105		-0.0074999		5.46503e-06
0.001		-0.0074999		6.95142e-06
0.00095		-0.0074999		8.24226e-06
0.0009		-0.0074999		1.04458e-05
0.00085		-0.0074999		1.25673e-05
0.0008		-0.0074999		1.16975e-05
0.00075		-0.0074999		9.01154e-06
0.0007		-0.0074999		1.24518e-05
0.00065		-0.0074999		1.19955e-05
0.0006		-0.0074999		1.01645e-05
0.00055		-0.0074999		9.23133e-06
0.0005		-0.0074999		7.31464e-06
0.00045		-0.0074999		5.07946e-06
0.0004		-0.0074999		6.61056e-06
0.00035		-0.0074999		4.95094e-06
0.0003		-0.0074999		2.93741e-06
0.00025		-0.0074999		3.31552e-06
0.0002		-0.0074999		1.91481e-06
0.00015		-0.0074999		5.40171e-07
0.0001		-0.0074999		8.73584e-07
0.00015		-0.0079999		1.90177e-06
0.0002		-0.0079999		9.96522e-07
0.00025		-0.0079999		1.37836e-06
0.0003		-0.0079999		1.74344e-06
0.00035		-0.0079999		2.55743e-06
0.0004		-0.0079999		4.3195e-06
0.00045		-0.0079999		5.32906e-06
0.0005		-0.0079999		8.42666e-06
0.00055		-0.0079999		7.30346e-06
0.0006		-0.0079999		8.15286e-06
0.00065		-0.0079999		1.05259e-05
0.0007		-0.0079999		1.2951e-05
0.00075		-0.0079999		8.04669e-06
0.0008		-0.0079999		1.14814e-05
0.00085		-0.0079999		1.05948e-05
0.0009		-0.0079999		9.40455e-06
0.00095		-0.0079999		8.77125e-06
0.001		-0.0079999		4.85967e-06
0.00105		-0.0079999		4.74605e-06
0.0011		-0.0079999		3.03613e-06
0.00115		-0.0079999		2.51645e-06
0.0012		-0.0079999		2.04334e-06
0.00125		-0.0079999		3.2317e-06
0.0013		-0.0079999		2.54998e-06
0.00135		-0.0079999		1.96324e-06
0.0014		-0.0079999		1.76579e-06
0.00145		-0.0079999		3.16652e-08
0.0015		-0.0079999		1.15485e-06
0.00155		-0.0079999		2.12157e-06
0.0014		-0.0084999		6.96633e-07
0.00135		-0.0084999		3.0622e-06
0.0013		-0.0084999		3.61355e-07
0.00125		-0.0084999		3.41424e-06
0.0012		-0.0084999		2.0005e-06
0.00115		-0.0084999		3.04916e-06
0.0011		-0.0084999		2.94299e-06
0.00105		-0.0084999		2.69154e-06
0.001		-0.0084999		6.57889e-06
0.00095		-0.0084999		6.29577e-06
0.0009		-0.0084999		7.66671e-06
0.00085		-0.0084999		8.18825e-06
0.0008		-0.0084999		6.42243e-06
0.00075		-0.0084999		9.37289e-06
0.0007		-0.0084999		8.3354e-06
0.00065		-0.0084999		8.57195e-06
0.0006		-0.0084999		8.47696e-06
0.00055		-0.0084999		7.26807e-06
0.0005		-0.0084999		3.24474e-06
0.00045		-0.0084999		6.50439e-06
0.0004		-0.0084999		5.262e-06
0.00035		-0.0084999		2.74183e-06
0.0003		-0.0084999		1.43238e-06
0.00025		-0.0084999		1.83285e-06
0.0002		-0.0084999		3.27641e-06
0.00015		-0.0084999		1.26288e-06
0.0001		-0.0084999		3.03426e-06
5e-05		-0.0084999		2.33577e-06
0.0		-0.0084999		9.01524e-07
5e-05		-0.0089999		6.03501e-07
0.0001		-0.0089999		9.44365e-07
0.00015		-0.0089999		4.45174e-07
0.0002		-0.0089999		2.59282e-06
0.00025		-0.0089999		1.33552e-06
0.0003		-0.0089999		1.39327e-06
0.00035		-0.0089999		1.71923e-06
0.0004		-0.0089999		9.22013e-07
0.00045		-0.0089999		2.10853e-06
0.0005		-0.0089999		1.96324e-06
0.00055		-0.0089999		3.64521e-06
0.0006		-0.0089999		8.32794e-06
0.00065		-0.0089999		7.40963e-06
0.0007		-0.0089999		9.35426e-06
0.00075		-0.0089999		8.38382e-06
0.0008		-0.0089999		6.58634e-06
0.00085		-0.0089999		7.77846e-06
0.0009		-0.0089999		9.53866e-06
0.00095		-0.0089999		5.42219e-06
0.001		-0.0089999		6.96818e-06
0.00105		-0.0089999		3.44591e-06
0.0011		-0.0089999		1.28523e-06
0.00115		-0.0089999		1.96697e-06
0.0012		-0.0089999		1.0673e-06
0.00125		-0.0089999		5.86737e-07
0.0013		-0.0089999		1.6559e-06
0.00135		-0.0089999		1.01887e-06
0.0014		-0.0089999		1.06171e-07
0.00145		-0.0089999		1.29268e-06
0.0016		-0.0094999		2.05637e-06
0.00155		-0.0094999		1.86452e-06
0.0015		-0.0094999		1.94462e-06
0.00145		-0.0094999		1.95765e-06
0.0014		-0.0094999		1.54414e-06
0.00135		-0.0094999		1.76393e-06
0.0013		-0.0094999		-3.52042e-07
0.00125		-0.0094999		2.01912e-06
0.0012		-0.0094999		2.27617e-06
0.00115		-0.0094999		4.18167e-06
0.0011		-0.0094999		2.22588e-06
0.00105		-0.0094999		3.58188e-06
0.001		-0.0094999		5.81334e-06
0.00095		-0.0094999		7.18798e-06
0.0009		-0.0094999		8.96683e-06
0.00085		-0.0094999		7.78964e-06
0.0008		-0.0094999		8.60362e-06
0.00075		-0.0094999		9.60199e-06
0.0007		-0.0094999		8.05227e-06
0.00065		-0.0094999		9.94286e-06
0.0006		-0.0094999		6.56027e-06
0.00055		-0.0094999		3.68991e-06
0.0005		-0.0094999		4.45548e-06
0.00045		-0.0094999		4.81497e-06
0.0004		-0.0094999		2.22401e-06
0.00035		-0.0094999		4.28598e-06
0.0003		-0.0094999		8.38194e-07
0.00025		-0.0094999		1.51061e-06
0.0002		-0.0094999		2.38979e-06
-5e-05		-0.0099999		-4.06058e-07
0.0		-0.0099999		2.45312e-06
5e-05		-0.0099999		6.40754e-07
0.0001		-0.0099999		7.581e-07
0.00015		-0.0099999		1.37464e-06
0.0002		-0.0099999		2.943e-07
0.00025		-0.0099999		7.11534e-07
0.0003		-0.0099999		1.25916e-06
0.00035		-0.0099999		1.68943e-06
0.0004		-0.0099999		6.44106e-06
0.00045		-0.0099999		3.11808e-06
0.0005		-0.0099999		4.88575e-06
0.00055		-0.0099999		5.12044e-06
0.0006		-0.0099999		5.62149e-06
0.00065		-0.0099999		7.12837e-06
0.0007		-0.0099999		6.78751e-06
0.00075		-0.0099999		6.05921e-06
0.0008		-0.0099999		7.78964e-06
0.00085		-0.0099999		8.89791e-06
0.0009		-0.0099999		6.13744e-06
0.00095		-0.0099999		5.22661e-06
0.001		-0.0099999		2.79026e-06
0.00105		-0.0099999		4.63056e-06
0.0011		-0.0099999		3.08828e-06
0.00115		-0.0099999		1.88687e-06
0.0012		-0.0099999		7.26436e-08
0.00125		-0.0099999		-4.09784e-07
0.0013		-0.0099999		2.98025e-06
0.00135		-0.0099999		1.76207e-06
0.00155		-0.0104999		1.45473e-06
0.0015		-0.0104999		2.32646e-06
0.00145		-0.0104999		1.25357e-06
0.0014		-0.0104999		5.38308e-07
0.00135		-0.0104999		5.77422e-08
0.0013		-0.0104999		1.96324e-06
0.00125		-0.0104999		7.73001e-07
0.0012		-0.0104999		2.45684e-06
0.00115		-0.0104999		1.10456e-06
0.0011		-0.0104999		-2.6636e-07
0.00105		-0.0104999		5.18936e-06
0.001		-0.0104999		5.97353e-06
0.00095		-0.0104999		6.65712e-06
0.0009		-0.0104999		5.50973e-06
0.00085		-0.0104999		5.33464e-06
0.0008		-0.0104999		6.73722e-06
0.00075		-0.0104999		7.43757e-06
0.0007		-0.0104999		5.50787e-06
0.00065		-0.0104999		5.32719e-06
0.0006		-0.0104999		4.81124e-06
0.00055		-0.0104999		5.35141e-06
0.0005		-0.0104999		3.36023e-06
0.00045		-0.0104999		4.77958e-06
0.0004		-0.0104999		2.29293e-06
0.00035		-0.0104999		8.95936e-07
0.0003		-0.0104999		9.64857e-07
0.00025		-0.0104999		1.50502e-06
0.0002		-0.0104999		2.88525e-06
0.00015		-0.0104999		1.82167e-06
5e-05		-0.0109999		1.86824e-06
0.0001		-0.0109999		1.54041e-06
0.00015		-0.0109999		2.09735e-06
0.0002		-0.0109999		3.72531e-07
0.00025		-0.0109999		2.94486e-06
0.0003		-0.0109999		7.43199e-07
0.00035		-0.0109999		1.13063e-06
0.0004		-0.0109999		2.27617e-06
0.00045		-0.0109999		4.20402e-06
0.0005		-0.0109999		3.00446e-06
0.00055		-0.0109999		3.87806e-06
0.0006		-0.0109999		4.60263e-06
0.00065		-0.0109999		6.84339e-06
0.0007		-0.0109999		6.74094e-06
0.00075		-0.0109999		7.16376e-06
0.0008		-0.0109999		5.96608e-06
0.00085		-0.0109999		4.85781e-06
0.0009		-0.0109999		5.62149e-06
0.00095		-0.0109999		8.2851e-06
0.001		-0.0109999		5.75747e-06
0.00105		-0.0109999		1.83844e-06
0.0011		-0.0109999		2.1048e-06
0.00115		-0.0109999		2.94486e-06
0.0012		-0.0109999		6.96633e-07
0.00125		-0.0109999		2.34136e-06
0.0013		-0.0109999		2.37861e-06
0.00135		-0.0109999		-9.87206e-08
0.0014		-0.0109999		9.16425e-07
0.00145		-0.0109999		1.46218e-06
0.00165		-0.0114999		2.25381e-07
0.0016		-0.0114999		4.39586e-07
0.00155		-0.0114999		-1.95952e-06
0.0015		-0.0114999		-2.98025e-08
0.00145		-0.0114999		2.35999e-06
0.0014		-0.0114999		2.98025e-08
0.00135		-0.0114999		3.5409e-06
0.0013		-0.0114999		9.46227e-07
0.00125		-0.0114999		1.8552e-06
0.0012		-0.0114999		1.02632e-06
0.00115		-0.0114999		1.3616e-06
0.0011		-0.0114999		1.546e-06
0.00105		-0.0114999		2.93554e-06
0.001		-0.0114999		4.16677e-06
0.00095		-0.0114999		5.79472e-06
0.0009		-0.0114999		4.43312e-06
0.00085		-0.0114999		5.08878e-06
0.0008		-0.0114999		5.33092e-06
0.00075		-0.0114999		6.6385e-06
0.0007		-0.0114999		6.41312e-06
0.00065		-0.0114999		4.9379e-06
0.0006		-0.0114999		5.44454e-06
0.00055		-0.0114999		4.36979e-06
0.0005		-0.0114999		1.22377e-06
0.00045		-0.0114999		9.64857e-07
0.0004		-0.0114999		2.60213e-06
0.00035		-0.0114999		1.94275e-06
0.0003		-0.0114999		7.45063e-08
0.00025		-0.0114999		-4.15372e-07
5e-05		-0.0119999		2.13647e-06
0.0001		-0.0119999		-2.62635e-07
0.00015		-0.0119999		-5.56935e-07
0.0002		-0.0119999		2.20352e-06
0.00025		-0.0119999		3.187e-06
0.0003		-0.0119999		2.80516e-06
0.00035		-0.0119999		1.46405e-06
0.0004		-0.0119999		1.39699e-06
0.00045		-0.0119999		3.26709e-06
0.0005		-0.0119999		3.45522e-06
0.00055		-0.0119999		4.6436e-06
0.0006		-0.0119999		2.13461e-06
0.00065		-0.0119999		6.31253e-06
0.0007		-0.0119999		5.9251e-06
0.00075		-0.0119999		6.50997e-06
0.0008		-0.0119999		5.31229e-06
0.00085		-0.0119999		5.95863e-06
0.0009		-0.0119999		5.76678e-06
0.00095		-0.0119999		4.94535e-06
0.001		-0.0119999		5.05897e-06
0.00105		-0.0119999		3.27641e-06
0.0011		-0.0119999		2.58723e-06
0.00115		-0.0119999		1.21259e-06
0.0012		-0.0119999		1.0673e-06
0.00125		-0.0119999		1.16975e-06
0.0013		-0.0119999		1.48454e-06
0.00135		-0.0119999		-9.16425e-07
0.0014		-0.0119999		2.01912e-06
0.00145		-0.0119999		1.02446e-07
0.00145		-0.0124999		2.29479e-06
0.0014		-0.0124999		2.30224e-06
0.00135		-0.0124999		1.31876e-06
0.0013		-0.0124999		1.13436e-06
0.00125		-0.0124999		1.23494e-06
0.0012		-0.0124999		2.57047e-07
0.00115		-0.0124999		2.18676e-06
0.0011		-0.0124999		9.96522e-07
0.00105		-0.0124999		2.09177e-06
0.001		-0.0124999		5.93628e-06
0.00095		-0.0124999		5.2173e-06
0.0009		-0.0124999		4.8783e-06
0.00085		-0.0124999		4.33813e-06
0.0008		-0.0124999		5.06829e-06
0.00075		-0.0124999		5.50601e-06
0.0007		-0.0124999		7.14141e-06
0.00065		-0.0124999		4.87085e-06
0.0006		-0.0124999		4.51694e-06
0.00055		-0.0124999		3.89482e-06
0.0005		-0.0124999		3.69178e-06
0.00045		-0.0124999		3.32111e-06
0.0004		-0.0124999		5.22475e-06
0.00035		-0.0124999		3.20935e-06
0.0003		-0.0124999		8.62408e-07
0.00025		-0.0124999		-4.65664e-08
0.0002		-0.0124999		1.21259e-06
0.00015		-0.0124999		7.30161e-07
0.0001		-0.0124999		1.35974e-06
5e-05		-0.0124999		6.55655e-07
0.0		-0.013		6.38891e-07
5e-05		-0.013		6.64968e-07
0.0001		-0.013		-7.39474e-07
0.00015		-0.013		1.62051e-07
0.0002		-0.013		2.83124e-07
0.00025		-0.013		-7.11534e-07
0.0003		-0.013		2.43822e-06
0.00035		-0.013		4.04196e-07
0.0004		-0.013		1.77883e-06
0.00045		-0.013		2.40283e-06
0.0005		-0.013		-1.34111e-07
0.00055		-0.013		3.25592e-06
0.0006		-0.013		3.78118e-06
0.00065		-0.013		5.01241e-06
0.0007		-0.013		4.00658e-06
0.00075		-0.013		4.9081e-06
0.0008		-0.013		4.80938e-06
0.00085		-0.013		5.00868e-06
0.0009		-0.013		4.57469e-06
0.00095		-0.013		3.6508e-06
0.001		-0.013		4.76468e-06
0.00105		-0.013		2.48665e-06
0.0011		-0.013		1.25543e-06
0.00115		-0.013		2.48478e-06
0.0012		-0.013		7.87903e-07
0.00125		-0.013		2.14206e-06
0.0013		-0.013		2.1048e-06
0.00135		-0.013		3.20377e-07
0.0014		-0.013		2.74555e-06
0.00135		-0.0134999		-4.91742e-07
0.0013		-0.0134999		1.12318e-06
0.00125		-0.0134999		1.43052e-06
0.0012		-0.0134999		1.47522e-06
0.00115		-0.0134999		1.98373e-06
0.0011		-0.0134999		1.13622e-07
0.00105		-0.0134999		4.86153e-06
0.001		-0.0134999		2.79212e-06
0.00095		-0.0134999		4.27666e-06
0.0009		-0.0134999		5.72021e-06
0.00085		-0.0134999		6.61987e-06
0.0008		-0.0134999		4.82428e-06
0.00075		-0.0134999		2.7083e-06
0.0007		-0.0134999		5.85432e-06
0.00065		-0.0134999		4.23941e-06
0.0006		-0.0134999		4.96025e-06
0.00055		-0.0134999		1.25729e-06
0.0005		-0.0134999		3.49061e-06
0.00045		-0.0134999		2.45684e-06
0.0004		-0.0134999		1.79187e-06
0.00035		-0.0134999		2.51645e-06
0.0003		-0.0134999		1.8403e-06
0.00025		-0.0134999		2.14205e-07
0.0002		-0.0134999		-5.99775e-07
0.00015		-0.0134999		2.8778e-06
0.0001		-0.0134999		-9.6858e-08
5e-05		-0.0134999		1.80119e-06
0.0		-0.0134999		2.74555e-06
-5e-05		-0.0134999		1.81795e-06
0.00015		-0.0139999		1.546e-06
0.0002		-0.0139999		9.77896e-07
0.00025		-0.0139999		-7.39474e-07
0.0003		-0.0139999		2.34694e-07
0.00035		-0.0139999		4.29529e-06
0.0004		-0.0139999		2.60027e-06
0.00045		-0.0139999		3.60796e-06
0.0005		-0.0139999		1.73786e-06
0.00055		-0.0139999		2.86849e-06
0.0006		-0.0139999		3.27268e-06
0.00065		-0.0139999		4.04011e-06
0.0007		-0.0139999		5.61032e-06
0.00075		-0.0139999		6.13372e-06
0.0008		-0.0139999		5.60473e-06
0.00085		-0.0139999		4.5691e-06
0.0009		-0.0139999		3.82218e-06
0.00095		-0.0139999		3.72344e-06
0.001		-0.0139999		2.29479e-06
0.00105		-0.0139999		2.92064e-06
0.0011		-0.0139999		2.24823e-06
0.00115		-0.0139999		1.38395e-06
0.0012		-0.0139999		1.31317e-06
0.00125		-0.0139999		2.54253e-06
0.0013		-0.0139999		-4.06058e-07
0.00135		-0.0139999		-4.30273e-07
0.0014		-0.0139999		7.82316e-08
0.00145		-0.0139999		1.08034e-06
0.0015		-0.0139999		-4.15372e-07
0.00155		-0.0139999		2.45498e-06
0.00145		-0.0144999		1.62796e-06
0.0014		-0.0144999		1.38023e-06
0.00135		-0.0144999		1.18837e-06
0.0013		-0.0144999		3.40866e-07
0.00125		-0.0144999		1.32062e-06
0.0012		-0.0144999		-1.21073e-07
0.00115		-0.0144999		4.09784e-07
0.0011		-0.0144999		2.27058e-06
0.00105		-0.0144999		-4.8429e-08
0.001		-0.0144999		2.83869e-06
0.00095		-0.0144999		3.95815e-06
0.0009		-0.0144999		4.35117e-06
0.00085		-0.0144999		4.39587e-06
0.0008		-0.0144999		4.41077e-06
0.00075		-0.0144999		4.52998e-06
0.0007		-0.0144999		4.50204e-06
0.00065		-0.0144999		1.75648e-06
0.0006		-0.0144999		3.11808e-06
0.00055		-0.0144999		2.28362e-06
0.0005		-0.0144999		2.1197e-06
0.00045		-0.0144999		6.78006e-07
0.0004		-0.0144999		1.29082e-06
0.00035		-0.0144999		9.87209e-07
0.0003		-0.0144999		-1.1474e-06
0.00025		-0.0144999		2.98025e-08
0.0002		-0.0144999		1.25729e-06
0.00015		-0.0144999		1.06544e-06
0.0001		-0.0144999		3.40866e-07
5e-05		-0.0144999		2.52949e-06
5e-05		-0.0149999		1.15485e-06
0.0001		-0.0149999		6.01638e-07
0.00015		-0.0149999		-2.55184e-07
0.0002		-0.0149999		-1.41562e-07
0.00025		-0.0149999		3.13485e-06
0.0003		-0.0149999		1.99863e-06
0.00035		-0.0149999		1.17906e-06
0.0004		-0.0149999		3.30435e-06
0.00045		-0.0149999		2.35999e-06
0.0005		-0.0149999		3.09387e-06
0.00055		-0.0149999		1.68198e-06
0.0006		-0.0149999		4.21892e-06
0.00065		-0.0149999		2.11784e-06
0.0007		-0.0149999		3.62845e-06
0.00075		-0.0149999		3.26709e-06
0.0008		-0.0149999		1.63541e-06
0.00085		-0.0149999		3.31552e-06
0.0009		-0.0149999		2.27058e-06
0.00095		-0.0149999		2.92809e-06
0.001		-0.0149999		3.73089e-06
0.00105		-0.0149999		2.03961e-06
0.0011		-0.0149999		2.09549e-06
0.00115		-0.0149999		3.47385e-06
0.0012		-0.0149999		1.93903e-06
0.00125		-0.0149999		1.81981e-06
0.0013		-0.0149999		-5.40171e-07
0.00135		-0.0149999		-8.94074e-08
0.0014		-0.0149999		3.2969e-07
0.00145		-0.0149999		1.84403e-07
0.0013		-0.0154999		8.54958e-07
0.00125		-0.0154999		-9.31327e-08
0.0012		-0.0154999		5.77424e-07
0.00115		-0.0154999		9.08974e-07
0.0011		-0.0154999		1.74531e-06
0.00105		-0.0154999		1.55159e-06
0.001		-0.0154999		2.03775e-06
0.00095		-0.0154999		3.36954e-06
0.0009		-0.0154999		2.41773e-06
0.00085		-0.0154999		3.10691e-06
0.0008		-0.0154999		2.70458e-06
0.00075		-0.0154999		2.9076e-06
0.0007		-0.0154999		1.86824e-06
0.00065		-0.0154999		3.77001e-06
0.0006		-0.0154999		3.58747e-06
0.00055		-0.0154999		1.81236e-06
0.0005		-0.0154999		2.61703e-06
0.00045		-0.0154999		8.23293e-07
0.0004		-0.0154999		9.4809e-07
0.00035		-0.0154999		3.14975e-06
0.0003		-0.0154999		5.73698e-07
0.00025		-0.0154999		2.06941e-06
0.0002		-0.0154999		1.80119e-06
0.00015		-0.0154999		1.66149e-06
0.0001		-0.0154999		8.88485e-07
5e-05		-0.0154999		1.15485e-06
0.0		-0.0154999		-1.39513e-06
-5e-05		-0.0154999		1.34111e-06
-0.0001		-0.0154999		1.88873e-06
-5e-05		-0.0159999		-1.44728e-06
0.0		-0.0159999		3.00819e-06
5e-05		-0.0159999		1.09338e-06
0.0001		-0.0159999		1.07662e-06
0.00015		-0.0159999		1.59443e-06
0.0002		-0.0159999		4.43311e-07
0.00025		-0.0159999		1.65404e-06
0.0003		-0.0159999		4.89879e-07
0.00035		-0.0159999		-1.76952e-07
0.0004		-0.0159999		1.70619e-06
0.00045		-0.0159999		3.98982e-06
0.0005		-0.0159999		3.69364e-06
0.00055		-0.0159999		2.47547e-06
0.0006		-0.0159999		3.85012e-06
0.00065		-0.0159999		3.64894e-06
0.0007		-0.0159999		4.59331e-06
0.00075		-0.0159999		3.86688e-06
0.0008		-0.0159999		5.30112e-06
0.00085		-0.0159999		3.10132e-06
0.0009		-0.0159999		4.3046e-06
0.00095		-0.0159999		1.7155e-06
0.001		-0.0159999		1.02819e-06
0.00105		-0.0159999		2.60958e-06
0.0011		-0.0159999		1.46591e-06
0.00115		-0.0159999		7.56238e-07
0.0012		-0.0159999		1.42866e-06
0.00125		-0.0159999		2.06569e-06
0.0013		-0.0159999		1.30013e-06
0.00135		-0.0159999		1.23867e-06
0.0015		-0.0164999		4.89879e-07
0.00145		-0.0164999		1.74903e-06
0.0014		-0.0164999		1.90736e-06
0.00135		-0.0164999		1.95765e-06
0.0013		-0.0164999		1.21073e-07
0.00125		-0.0164999		2.65056e-06
0.0012		-0.0164999		2.59468e-06
0.00115		-0.0164999		1.13995e-06
0.0011		-0.0164999		1.31317e-06
0.00105		-0.0164999		3.06779e-06
0.001		-0.0164999		4.15372e-07
0.00095		-0.0164999		2.7083e-06
0.0009		-0.0164999		4.22078e-06
0.00085		-0.0164999		2.25382e-06
0.0008		-0.0164999		1.2517e-06
0.00075		-0.0164999		4.29343e-06
0.0007		-0.0164999		3.73276e-06
0.00065		-0.0164999		2.78094e-06
0.0006		-0.0164999		3.47385e-06
0.00055		-0.0164999		1.7807e-06
0.0005		-0.0164999		2.98956e-06
0.00045		-0.0164999		2.97466e-06
0.0004		-0.0164999		1.25357e-06
0.00035		-0.0164999		2.52204e-06
0.0003		-0.0164999		2.19235e-06
0.00025		-0.0164999		2.88153e-06
0.0002		-0.0164999		1.70992e-06
0.00015		-0.0164999		9.14562e-07
0.0001		-0.0164999		1.08407e-06
5e-05		-0.0169999		7.28298e-07
0.0001		-0.0169999		6.29578e-07
0.00015		-0.0169999		1.69688e-06
0.0002		-0.0169999		2.29293e-06
0.00025		-0.0169999		-5.79286e-07
0.0003		-0.0169999		2.5984e-06
0.00035		-0.0169999		1.44915e-06
0.0004		-0.0169999		1.0673e-06
0.00045		-0.0169999		3.06593e-06
0.0005		-0.0169999		1.68756e-06
0.00055		-0.0169999		1.30013e-06
0.0006		-0.0169999		4.05687e-06
0.00065		-0.0169999		1.80119e-06
0.0007		-0.0169999		2.17558e-06
0.00075		-0.0169999		4.74046e-06
0.0008		-0.0169999		1.76207e-06
0.00085		-0.0169999		5.02917e-06
0.0009		-0.0169999		1.95579e-06
0.00095		-0.0169999		1.86079e-06
0.001		-0.0169999		3.02868e-06
0.00105		-0.0169999		1.60933e-06
0.0011		-0.0169999		1.86452e-06
0.00115		-0.0169999		3.03613e-07
0.0012		-0.0169999		1.21818e-06
0.00125		-0.0169999		3.55208e-06
0.0013		-0.0169999		1.87755e-06
0.00135		-0.0169999		9.29464e-07
0.0014		-0.0169999		2.0005e-06
0.00145		-0.0169999		2.30783e-06
0.00155		-0.0174999		-4.43311e-07
0.0015		-0.0174999		1.4715e-06
0.00145		-0.0174999		2.93927e-06
0.0014		-0.0174999		1.34484e-06
0.00135		-0.0174999		1.49012e-06
0.0013		-0.0174999		2.07686e-06
0.00125		-0.0174999		1.36905e-06
0.0012		-0.0174999		-1.35601e-06
0.00115		-0.0174999		2.42145e-06
0.0011		-0.0174999		3.13112e-06
0.00105		-0.0174999		1.39699e-06
0.001		-0.0174999		1.59257e-06
0.00095		-0.0174999		2.48851e-06
0.0009		-0.0174999		2.17372e-06
0.00085		-0.0174999		2.16255e-06
0.0008		-0.0174999		4.71438e-06
0.00075		-0.0174999		4.34372e-06
0.0007		-0.0174999		3.8557e-06
0.00065		-0.0174999		5.26945e-06
0.0006		-0.0174999		1.11759e-06
0.00055		-0.0174999		4.78703e-06
0.0005		-0.0174999		4.34185e-06
0.00045		-0.0174999		3.01191e-06
0.0004		-0.0174999		1.46963e-06
0.00035		-0.0174999		1.96324e-06
0.0003		-0.0174999		1.07662e-06
0.00025		-0.0174999		1.22004e-06
0.0002		-0.0174999		3.18514e-07
0.00015		-0.0174999		1.03005e-06
-5e-05		-0.018		1.74158e-06
0.0		-0.018		1.06172e-06
5e-05		-0.018		1.02446e-07
0.0001		-0.018		-2.19793e-07
0.00015		-0.018		-1.02446e-07
0.0002		-0.018		-4.73114e-07
0.00025		-0.018		1.50316e-06
0.0003		-0.018		-8.10254e-07
0.00035		-0.018		1.31503e-06
0.0004		-0.018		2.17745e-06
0.00045		-0.018		2.28734e-06
0.0005		-0.018		2.96162e-06
0.00055		-0.018		1.89991e-06
0.0006		-0.018		1.23494e-06
0.00065		-0.018		9.81621e-07
0.0007		-0.018		2.73065e-06
0.00075		-0.018		2.753e-06
0.0008		-0.018		2.30969e-06
0.00085		-0.018		4.77958e-06
0.0009		-0.018		4.60821e-06
0.00095		-0.018		3.15161e-06
0.001		-0.018		2.71203e-06
0.00105		-0.018		3.34533e-06
0.0011		-0.018		2.30411e-06
0.00115		-0.018		2.81075e-06
0.0012		-0.018		1.52365e-06
0.00125		-0.018		1.07848e-06
0.0013		-0.018		-8.23293e-07
0.00135		-0.018		6.37028e-07
0.00155		-0.0184999		-3.22239e-07
0.0015		-0.0184999		-1.4715e-07
0.00145		-0.0184999		2.35067e-06
0.0014		-0.0184999		2.57605e-06
0.00135		-0.0184999		9.31326e-07
0.0013		-0.0184999		1.76393e-06
0.00125		-0.0184999		7.28298e-07
0.0012		-0.0184999		3.0622e-06
0.00115		-0.0184999		1.41748e-06
0.0011		-0.0184999		2.7232e-06
0.00105		-0.0184999		-4.95467e-07
0.001		-0.0184999		9.08974e-07
0.00095		-0.0184999		2.55929e-06
0.0009		-0.0184999		2.42704e-06
0.00085		-0.0184999		3.48875e-06
0.0008		-0.0184999		3.35836e-06
0.00075		-0.0184999		3.94139e-06
0.0007		-0.0184999		9.77896e-07
0.00065		-0.0184999		2.29293e-06
0.0006		-0.0184999		4.19097e-07
0.00055		-0.0184999		-1.17347e-07
0.0005		-0.0184999		3.49992e-06
0.00045		-0.0184999		1.56277e-06
0.0004		-0.0184999		-4.80566e-07
0.00035		-0.0184999		7.95353e-07
0.0003		-0.0184999		2.20166e-06
0.00025		-0.0184999		-5.90462e-07
0.0002		-0.0184999		2.16441e-06
0.00015		-0.0184999		1.29082e-06
5e-05		-0.0189999		-6.46342e-07
0.0001		-0.0189999		1.27778e-06
0.00015		-0.0189999		1.3765e-06
0.0002		-0.0189999		2.84055e-06
0.00025		-0.0189999		1.72109e-06
0.0003		-0.0189999		-8.19568e-08
0.00035		-0.0189999		2.1048e-07
0.0004		-0.0189999		1.207e-06
0.00045		-0.0189999		-2.70085e-07
0.0005		-0.0189999		2.84427e-06
0.00055		-0.0189999		1.23494e-06
0.0006		-0.0189999		5.84874e-07
0.00065		-0.0189999		1.70433e-06
0.0007		-0.0189999		9.76033e-07
0.00075		-0.0189999		2.74369e-06
0.0008		-0.0189999		2.90202e-06
0.00085		-0.0189999		1.22377e-06
0.0009		-0.0189999		3.19073e-06
0.00095		-0.0189999		1.99863e-06
0.001		-0.0189999		3.05848e-06
0.00105		-0.0189999		5.40171e-07
0.0011		-0.0189999		1.04123e-06
0.00115		-0.0189999		3.46454e-07
0.0012		-0.0189999		1.87942e-06
0.00125		-0.0189999		-5.19682e-07
0.0013		-0.0189999		-1.15298e-06
0.00135		-0.0189999		-8.56821e-08
0.0014		-0.0189999		-7.76727e-07
0.00145		-0.0189999		2.01912e-06
0.0016		-0.0194999		1.45287e-07
0.00155		-0.0194999		1.38768e-06
0.0015		-0.0194999		9.22013e-07
0.00145		-0.0194999		7.95353e-07
0.0014		-0.0194999		1.81236e-06
0.00135		-0.0194999		1.48267e-06
0.0013		-0.0194999		2.70085e-07
0.00125		-0.0194999		2.64311e-06
0.0012		-0.0194999		1.31317e-06
0.00115		-0.0194999		1.21259e-06
0.0011		-0.0194999		9.46227e-07
0.00105		-0.0194999		2.80516e-06
0.001		-0.0194999		2.08431e-06
0.00095		-0.0194999		1.89618e-06
0.0009		-0.0194999		3.41424e-06
0.00085		-0.0194999		2.9579e-06
0.0008		-0.0194999		4.56165e-06
0.00075		-0.0194999		5.78168e-06
0.0007		-0.0194999		4.56724e-06
0.00065		-0.0194999		4.62125e-06
0.0006		-0.0194999		3.57629e-06
0.00055		-0.0194999		5.55444e-06
0.0005		-0.0194999		4.51322e-06
0.00045		-0.0194999		3.17582e-06
0.0004		-0.0194999		1.36533e-06
0.00035		-0.0194999		1.10269e-06
0.0003		-0.0194999		-2.1048e-07
0.00025		-0.0194999		9.05249e-07
0.0002		-0.0194999		2.20166e-06
5e-05		-0.0199999		-7.45062e-07
0.0001		-0.0199999		9.89072e-07
0.00015		-0.0199999		9.46227e-07
0.0002		-0.0199999		-4.54487e-07
0.00025		-0.0199999		-6.29578e-07
0.0003		-0.0199999		8.92211e-07
0.00035		-0.0199999		8.5682e-07
0.0004		-0.0199999		5.56934e-06
0.00045		-0.0199999		4.52626e-06
0.0005		-0.0199999		1.94275e-06
0.00055		-0.0199999		3.28758e-06
0.0006		-0.0199999		3.68619e-06
0.00065		-0.0199999		3.50738e-06
0.0007		-0.0199999		5.56561e-06
0.00075		-0.0199999		3.70482e-06
0.0008		-0.0199999		3.42728e-06
0.00085		-0.0199999		3.19259e-06
0.0009		-0.0199999		2.62821e-06
0.00095		-0.0199999		2.40096e-06
0.001		-0.0199999		1.63168e-06
0.00105		-0.0199999		2.03961e-06
0.0011		-0.0199999		2.29666e-06
0.00115		-0.0199999		1.49571e-06
0.0012		-0.0199999		2.03589e-06
0.00125		-0.0199999		-3.52042e-07
0.0013		-0.0199999		1.99863e-06
0.00135		-0.0199999		-6.38891e-07
0.0014		-0.0199999		-8.19568e-08
0.00145		-0.0199999		-6.70556e-07
0.0011		-0.0204999		-7.0781e-08
0.00105		-0.0204999		2.13833e-06
0.001		-0.0204999		2.48478e-06
0.00095		-0.0204999		8.95936e-07
0.0009		-0.0204999		4.49087e-06
0.00085		-0.0204999		1.89432e-06
0.0008		-0.0204999		7.30161e-07
0.00075		-0.0204999		2.42332e-06
0.0007		-0.0204999		1.07475e-06
0.00065		-0.0204999		7.04084e-07
0.0006		-0.0204999		1.77325e-06
0.00055		-0.0204999		1.7807e-06
0.0005		-0.0204999		2.2147e-06
0.00045		-0.0204999		2.40283e-06
0.0004		-0.0204999		-8.81035e-07
0.00035		-0.0204999		1.2368e-06
0.0003		-0.0204999		2.1849e-06
0.00025		-0.0204999		8.54958e-07
0.0002		-0.0204999		2.58723e-06
0.00015		-0.0204999		2.15323e-06
0.0001		-0.0204999		2.7232e-06
5e-05		-0.0204999		2.23891e-06
0.0		-0.0204999		9.62995e-07
-5e-05		-0.0204999		1.38395e-06
-0.0001		-0.0204999		7.82315e-07
-0.00015		-0.0204999		1.55159e-06
-0.0002		-0.0204999		1.85148e-06
-0.00025		-0.0204999		2.63193e-06
-0.0003		-0.0204999		2.55184e-07
0.0002		-0.0209999		-1.4715e-07
0.00025		-0.0209999		7.45063e-08
0.0003		-0.0209999		7.82316e-08
0.00035		-0.0209999		1.44356e-06
0.0004		-0.0209999		-4.76841e-07
0.00045		-0.0209999		2.36557e-07
0.0005		-0.0209999		1.54041e-06
0.00055		-0.0209999		8.99661e-07
0.0006		-0.0209999		1.63168e-06
0.00065		-0.0209999		7.45064e-09
0.0007		-0.0209999		1.67266e-06
0.00075		-0.0209999		1.19955e-06
0.0008		-0.0209999		3.47199e-06
0.00085		-0.0209999		3.01564e-06
0.0009		-0.0209999		1.34856e-06
0.00095		-0.0209999		5.58797e-07
0.001		-0.0209999		2.05824e-06
0.00105		-0.0209999		-4.00471e-07
0.0011		-0.0209999		2.42146e-07
0.00115		-0.0209999		-8.5682e-07
0.0012		-0.0209999		-5.27132e-07
0.00125		-0.0209999		-1.23494e-06
0.0013		-0.0209999		-3.0175e-07
0.00135		-0.0209999		2.13088e-06
0.0014		-0.0209999		-5.90462e-07
0.00145		-0.0209999		8.86623e-07
0.0015		-0.0209999		1.60933e-06
0.00155		-0.0209999		-1.18837e-06
0.0016		-0.0209999		-7.45064e-09
0.0015		-0.0214999		2.0154e-06
0.00145		-0.0214999		1.1772e-06
0.0014		-0.0214999		1.61678e-06
0.00135		-0.0214999		1.03564e-06
0.0013		-0.0214999		-1.68198e-06
0.00125		-0.0214999		-1.49013e-08
0.0012		-0.0214999		5.0478e-07
0.00115		-0.0214999		2.08804e-06
0.0011		-0.0214999		9.127e-07
0.00105		-0.0214999		4.71251e-07
0.001		-0.0214999		1.85334e-06
0.00095		-0.0214999		3.15534e-06
0.0009		-0.0214999		5.08133e-06
0.00085		-0.0214999		1.31503e-06
0.0008		-0.0214999		1.69129e-06
0.00075		-0.0214999		2.14951e-06
0.0007		-0.0214999		3.47757e-06
0.00065		-0.0214999		2.37675e-06
0.0006		-0.0214999		6.10951e-07
0.00055		-0.0214999		2.59095e-06
0.0005		-0.0214999		2.32087e-06
0.00045		-0.0214999		5.84874e-07
0.0004		-0.0214999		-1.15298e-06
0.00035		-0.0214999		1.79746e-06
0.0003		-0.0214999		1.62982e-06
0.00025		-0.0214999		1.67266e-06
0.0002		-0.0214999		-5.69973e-07
0.00015		-0.0214999		-1.32435e-06
0.0001		-0.0214999		3.39934e-06
0.0002		-0.0219999		2.39165e-06
0.00025		-0.0219999		1.39699e-07
0.0003		-0.0219999		-5.40171e-07
0.00035		-0.0219999		-1.64845e-06
0.0004		-0.0219999		1.06171e-07
0.00045		-0.0219999		2.02657e-06
0.0005		-0.0219999		3.67688e-06
0.00055		-0.0219999		3.30435e-06
0.0006		-0.0219999		2.8182e-06
0.00065		-0.0219999		3.83335e-06
0.0007		-0.0219999		4.00472e-06
0.00075		-0.0219999		2.91878e-06
0.0008		-0.0219999		5.09436e-06
0.00085		-0.0219999		3.94511e-06
0.0009		-0.0219999		2.66919e-06
0.00095		-0.0219999		8.82897e-07
0.001		-0.0219999		4.55233e-06
0.00105		-0.0219999		4.58213e-07
0.0011		-0.0219999		1.91295e-06
0.00115		-0.0219999		1.57953e-06
0.0012		-0.0219999		3.40866e-07
0.00125		-0.0219999		3.21308e-06
0.0013		-0.0219999		5.40169e-08
0.00135		-0.0219999		1.89804e-06
0.0014		-0.0219999		-7.18985e-07
0.00145		-0.0219999		1.07848e-06
0.0015		-0.0219999		4.89879e-07
0.00155		-0.0219999		3.85569e-07
0.0016		-0.0219999		2.94486e-06
0.0015		-0.0224999		1.21818e-06
0.00145		-0.0224999		-3.48316e-07
0.0014		-0.0224999		1.55532e-06
0.00135		-0.0224999		-2.57047e-07
0.0013		-0.0224999		7.95353e-07
0.00125		-0.0224999		1.30386e-08
0.0012		-0.0224999		-2.47734e-07
0.00115		-0.0224999		-8.94074e-08
0.0011		-0.0224999		2.91133e-06
0.00105		-0.0224999		1.21818e-06
0.001		-0.0224999		2.54625e-06
0.00095		-0.0224999		1.91854e-06
0.0009		-0.0224999		1.14367e-06
0.00085		-0.0224999		2.97838e-06
0.0008		-0.0224999		3.14043e-06
0.00075		-0.0224999		2.64497e-06
0.0007		-0.0224999		2.38979e-06
0.00065		-0.0224999		3.72717e-06
0.0006		-0.0224999		1.9204e-06
0.00055		-0.0224999		2.3395e-06
0.0005		-0.0224999		2.02471e-06
0.00045		-0.0224999		1.885e-06
0.0004		-0.0224999		2.04147e-06
0.00035		-0.0224999		2.79212e-06
0.0003		-0.0224999		9.61132e-07
0.00025		-0.0224999		1.28151e-06
0.0002		-0.0224999		-8.28881e-07
0.00015		-0.0224999		-1.12504e-06
0.0001		-0.0224999		-2.29106e-07
-5e-05		-0.0229999		5.58796e-08
0.0		-0.0229999		-1.46591e-06
5e-05		-0.0229999		7.59963e-07
0.0001		-0.0229999		-1.58884e-06
0.00015		-0.0229999		-3.16651e-07
0.0002		-0.0229999		1.99863e-06
0.00025		-0.0229999		1.49571e-06
0.0003		-0.0229999		1.71364e-07
0.00035		-0.0229999		2.68223e-07
0.0004		-0.0229999		3.14602e-06
0.00045		-0.0229999		2.84614e-06
0.0005		-0.0229999		4.47224e-06
0.00055		-0.0229999		6.035e-06
0.0006		-0.0229999		5.98285e-06
0.00065		-0.0229999		6.73349e-06
0.0007		-0.0229999		4.68644e-06
0.00075		-0.0229999		4.90437e-06
0.0008		-0.0229999		3.81285e-06
0.00085		-0.0229999		2.95603e-06
0.0009		-0.0229999		2.13461e-06
0.00095		-0.0229999		3.78677e-06
0.001		-0.0229999		2.60958e-06
0.00105		-0.0229999		3.22612e-06
0.0011		-0.0229999		2.60772e-06
0.00115		-0.0229999		1.35788e-06
0.0012		-0.0229999		1.28151e-06
0.00125		-0.0229999		1.19769e-06
0.0013		-0.0229999		-2.70085e-07
0.00135		-0.0229999		1.18279e-06
0.00135		-0.0234999		1.43238e-06
0.0013		-0.0234999		1.98559e-06
0.00125		-0.0234999		3.03613e-06
0.0012		-0.0234999		4.30646e-06
0.00115		-0.0234999		1.49013e-08
0.0011		-0.0234999		2.28921e-06
0.00105		-0.0234999		1.44915e-06
0.001		-0.0234999		1.76952e-07
0.00095		-0.0234999		2.28175e-06
0.0009		-0.0234999		2.74369e-06
0.00085		-0.0234999		2.34322e-06
0.0008		-0.0234999		3.71785e-06
0.00075		-0.0234999		2.77163e-06
0.0007		-0.0234999		6.25665e-06
0.00065		-0.0234999		6.45968e-06
0.0006		-0.0234999		4.07177e-06
0.00055		-0.0234999		4.27294e-06
0.0005		-0.0234999		5.61032e-06
0.00045		-0.0234999		3.28758e-06
0.0004		-0.0234999		2.31901e-06
0.00035		-0.0234999		-1.15298e-06
0.0003		-0.0234999		-2.3842e-07
0.00025		-0.0234999		1.80119e-06
0.0002		-0.0234999		9.31328e-09
0.00015		-0.0234999		-1.00397e-06
0.0001		-0.0234999		1.10642e-06
5e-05		-0.0234999		3.6508e-07
0.0		-0.0234999		-5.12231e-07
-5e-05		-0.0234999		-2.42145e-08
-5e-05		-0.0239999		3.9302e-07
0.0		-0.0239999		6.2399e-07
5e-05		-0.0239999		-2.04892e-08
0.0001		-0.0239999		-1.52551e-06
0.00015		-0.0239999		6.76144e-07
0.0002		-0.0239999		-3.50179e-07
0.00025		-0.0239999		-1.39885e-06
0.0003		-0.0239999		2.27244e-07
0.00035		-0.0239999		2.95976e-06
0.0004		-0.0239999		4.45175e-06
0.00045		-0.0239999		5.58424e-06
0.0005		-0.0239999		5.25641e-06
0.00055		-0.0239999		5.85991e-06
0.0006		-0.0239999		6.04804e-06
0.00065		-0.0239999		6.49507e-06
0.0007		-0.0239999		3.69737e-06
0.00075		-0.0239999		7.08181e-06
0.0008		-0.0239999		3.33974e-06
0.00085		-0.0239999		3.50924e-06
0.0009		-0.0239999		4.78703e-06
0.00095		-0.0239999		5.21544e-07
0.001		-0.0239999		3.85198e-06
0.00105		-0.0239999		9.89072e-07
0.0011		-0.0239999		1.11014e-06
0.00115		-0.0239999		2.76977e-06
0.0012		-0.0239999		1.82167e-06
0.00125		-0.0239999		2.29107e-06
0.0013		-0.0239999		-3.98608e-07
0.00135		-0.0239999		2.78094e-06
0.00145		-0.0244999		-2.23518e-07
0.0014		-0.0244999		-7.99078e-07
0.00135		-0.0244999		-3.85569e-07
0.0013		-0.0244999		8.51232e-07
0.00125		-0.0244999		1.37464e-06
0.0012		-0.0244999		1.7155e-06
0.00115		-0.0244999		1.38395e-06
0.0011		-0.0244999		3.85569e-07
0.00105		-0.0244999		2.11784e-06
0.001		-0.0244999		2.44753e-06
0.00095		-0.0244999		4.37352e-06
0.0009		-0.0244999		9.5927e-07
0.00085		-0.0244999		4.07177e-06
0.0008		-0.0244999		3.39003e-06
0.00075		-0.0244999		4.07922e-06
0.0007		-0.0244999		5.62522e-06
0.00065		-0.0244999		4.64919e-06
0.0006		-0.0244999		5.62149e-06
0.00055		-0.0244999		5.23034e-06
0.0005		-0.0244999		5.96981e-06
0.00045		-0.0244999		3.90227e-06
0.0004		-0.0244999		3.25778e-06
0.00035		-0.0244999		1.64845e-06
0.0003		-0.0244999		-6.64968e-07
0.00025		-0.0244999		3.96745e-07
0.0002		-0.0244999		-5.45759e-07
0.00015		-0.0244999		7.2271e-07
0.0001		-0.0244999		-6.14677e-08
5e-05		-0.0244999		-1.42307e-06
-0.0002		-0.0249999		6.33304e-08
-0.00015		-0.0249999		-1.17347e-07
-0.0001		-0.0249999		1.52738e-07
-5e-05		-0.0249999		6.89182e-07
0.0		-0.0249999		-1.21818e-06
5e-05		-0.0249999		7.71139e-07
0.0001		-0.0249999		-1.72109e-06
0.00015		-0.0249999		1.98746e-06
0.0002		-0.0249999		-6.61243e-07
0.00025		-0.0249999		2.34695e-06
0.0003		-0.0249999		2.88153e-06
0.00035		-0.0249999		2.12157e-06
0.0004		-0.0249999		4.80752e-06
0.00045		-0.0249999		5.73139e-06
0.0005		-0.0249999		5.30857e-06
0.00055		-0.0249999		5.52463e-06
0.0006		-0.0249999		7.40591e-06
0.00065		-0.0249999		5.19681e-06
0.0007		-0.0249999		5.10554e-06
0.00075		-0.0249999		7.43012e-06
0.0008		-0.0249999		3.24474e-06
0.00085		-0.0249999		2.46616e-06
0.0009		-0.0249999		4.32323e-06
0.00095		-0.0249999		5.64385e-07
0.001		-0.0249999		2.18117e-06
0.00105		-0.0249999		1.41189e-06
0.0011		-0.0249999		1.39327e-06
0.00115		-0.0249999		1.99118e-06
0.0012		-0.0249999		4.66782e-06
0.00145		-0.0254999		-3.83707e-07
0.0014		-0.0254999		1.18279e-06
0.00135		-0.0254999		7.43199e-07
0.0013		-0.0254999		6.2399e-07
0.00125		-0.0254999		6.89182e-07
0.0012		-0.0254999		9.35052e-07
0.00115		-0.0254999		1.3169e-06
0.0011		-0.0254999		-3.89295e-07
0.00105		-0.0254999		1.98001e-06
0.001		-0.0254999		3.5111e-06
0.00095		-0.0254999		4.73674e-06
0.0009		-0.0254999		7.02221e-07
0.00085		-0.0254999		4.44803e-06
0.0008		-0.0254999		4.56537e-06
0.00075		-0.0254999		1.92599e-06
0.0007		-0.0254999		1.54228e-06
0.00065		-0.0254999		3.3863e-06
0.0006		-0.0254999		1.37278e-06
0.00055		-0.0254999		3.89855e-06
0.0005		-0.0254999		3.82404e-06
0.00045		-0.0254999		2.27989e-06
0.0004		-0.0254999		3.41983e-06
0.00035		-0.0254999		2.02098e-06
0.0003		-0.0254999		2.5537e-06
0.00025		-0.0254999		8.34469e-07
0.0002		-0.0254999		-6.18402e-07
0.00015		-0.0254999		-4.2096e-07
0.0001		-0.0254999		9.27601e-07
5e-05		-0.0254999		-9.6858e-08
0.00025		-0.0259999		1.23122e-06
0.0003		-0.0259999		1.8105e-06
0.00035		-0.0259999		7.59963e-07
0.0004		-0.0259999		9.57407e-07
0.00045		-0.0259999		3.11808e-06
0.0005		-0.0259999		1.03936e-06
0.00055		-0.0259999		2.55556e-06
0.0006		-0.0259999		3.41983e-06
0.00065		-0.0259999		5.54326e-06
0.0007		-0.0259999		3.5111e-06
0.00075		-0.0259999		4.67527e-06
0.0008		-0.0259999		3.19818e-06
0.00085		-0.0259999		2.70085e-07
0.0009		-0.0259999		2.71948e-06
0.00095		-0.0259999		2.09177e-06
0.001		-0.0259999		2.24823e-06
0.00105		-0.0259999		4.89879e-07
0.0011		-0.0259999		9.4809e-07
0.00115		-0.0259999		1.47708e-06
0.0012		-0.0259999		1.74344e-06
0.00125		-0.0259999		3.31366e-06
0.0013		-0.0259999		1.66521e-06
0.00135		-0.0259999		-9.4809e-07
0.0014		-0.0259999		3.96745e-07
0.00145		-0.0259999		6.68693e-07
0.0015		-0.0259999		1.05985e-06
0.00155		-0.0259999		-8.25155e-07
0.0016		-0.0259999		2.04892e-08
0.00165		-0.0259999		-2.70085e-07
0.00135		-0.0264999		2.48478e-06
0.0013		-0.0264999		1.60933e-06
0.00125		-0.0264999		1.35415e-06
0.0012		-0.0264999		1.04495e-06
0.00115		-0.0264999		1.72482e-06
0.0011		-0.0264999		4.88017e-07
0.00105		-0.0264999		-4.78703e-07
0.001		-0.0264999		1.09152e-06
0.00095		-0.0264999		1.81981e-06
0.0009		-0.0264999		2.48292e-06
0.00085		-0.0264999		1.12691e-06
0.0008		-0.0264999		1.15112e-06
0.00075		-0.0264999		3.88364e-06
0.0007		-0.0264999		2.6785e-06
0.00065		-0.0264999		2.27617e-06
0.0006		-0.0264999		1.37464e-06
0.00055		-0.0264999		4.25617e-06
0.0005		-0.0264999		1.52365e-06
0.00045		-0.0264999		2.85731e-06
0.0004		-0.0264999		5.42033e-07
0.00035		-0.0264999		1.82167e-06
0.0003		-0.0264999		1.23308e-06
0.00025		-0.0264999		3.23543e-06
0.0002		-0.0264999		2.84987e-07
0.00015		-0.0264999		9.31328e-09
0.0001		-0.0264999		-1.28523e-07
5e-05		-0.0264999		2.06569e-06
0.0		-0.0264999		1.4715e-06
-5e-05		-0.0264999		7.05946e-07
-0.00015		-0.0269999		1.00211e-06
-0.0001		-0.0269999		-1.67639e-07
-5e-05		-0.0269999		5.77424e-07
0.0		-0.0269999		-5.6066e-07
5e-05		-0.0269999		5.94187e-07
0.0001		-0.0269999		1.29827e-06
0.00015		-0.0269999		3.48316e-07
0.0002		-0.0269999		-4.86154e-07
0.00025		-0.0269999		3.79981e-07
0.0003		-0.0269999		2.70085e-07
0.00035		-0.0269999		8.1398e-07
0.0004		-0.0269999		1.37464e-06
0.00045		-0.0269999		2.38979e-06
0.0005		-0.0269999		3.75324e-06
0.00055		-0.0269999		3.27641e-06
0.0006		-0.0269999		1.81236e-06
0.00065		-0.0269999		3.24847e-06
0.0007		-0.0269999		4.95839e-06
0.00075		-0.0269999		3.57443e-06
0.0008		-0.0269999		2.58723e-06
0.00085		-0.0269999		4.74976e-07
0.0009		-0.0269999		4.26548e-07
0.00095		-0.0269999		9.10837e-07
0.001		-0.0269999		9.74171e-07
0.00105		-0.0269999		2.28175e-06
0.0011		-0.0269999		1.08034e-07
0.00115		-0.0269999		2.34694e-07
0.0012		-0.0269999		1.50875e-07
0.00125		-0.0269999		1.56649e-06
0.0014		-0.0275		1.69315e-06
0.00135		-0.0275		4.5635e-07
0.0013		-0.0275		-9.31328e-09
0.00125		-0.0275		2.04147e-06
0.0012		-0.0275		4.74976e-07
0.00115		-0.0275		1.97628e-06
0.0011		-0.0275		8.73584e-07
0.00105		-0.0275		2.26127e-06
0.001		-0.0275		2.77163e-06
0.00095		-0.0275		2.04334e-06
0.0009		-0.0275		3.15161e-06
0.00085		-0.0275		1.98932e-06
0.0008		-0.0275		1.0226e-06
0.00075		-0.0275		4.6436e-06
0.0007		-0.0275		4.2748e-06
0.00065		-0.0275		2.44753e-06
0.0006		-0.0275		1.76393e-06
0.00055		-0.0275		4.95467e-07
0.0005		-0.0275		1.39327e-06
0.00045		-0.0275		-3.40866e-07
0.0004		-0.0275		6.89183e-08
0.00035		-0.0275		2.46057e-06
0.0003		-0.0275		2.85172e-06
0.00025		-0.0275		1.93344e-06
0.0002		-0.0275		-2.19235e-06
0.00015		-0.0275		-1.15857e-06
0.0001		-0.0275		-1.68198e-06
5e-05		-0.0275		-7.76727e-07
0.0		-0.0275		-3.03613e-07
5e-05		-0.0279999		5.36445e-07
0.0001		-0.0279999		6.81732e-07
0.00015		-0.0279999		-5.0478e-07
0.0002		-0.0279999		1.33552e-06
0.00025		-0.0279999		-2.1048e-07
0.0003		-0.0279999		1.87197e-06
0.00035		-0.0279999		-6.8732e-07
0.0004		-0.0279999		6.85457e-07
0.00045		-0.0279999		6.64968e-07
0.0005		-0.0279999		5.21544e-07
0.00055		-0.0279999		2.12716e-06
0.0006		-0.0279999		8.90348e-07
0.00065		-0.0279999		1.6112e-06
0.0007		-0.0279999		2.81075e-06
0.00075		-0.0279999		2.28734e-06
0.0008		-0.0279999		-3.72531e-07
0.00085		-0.0279999		7.35748e-07
0.0009		-0.0279999		2.65615e-06
0.00095		-0.0279999		2.19049e-06
0.001		-0.0279999		2.32832e-07
0.00105		-0.0279999		1.80677e-06
0.0011		-0.0279999		1.81795e-06
0.00115		-0.0279999		-1.11014e-06
0.0012		-0.0279999		2.95231e-06
0.00125		-0.0279999		7.04084e-07
0.0013		-0.0279999		-1.10456e-06
0.00135		-0.0279999		7.02221e-07
0.0014		-0.0279999		1.01142e-06
0.00145		-0.0279999		2.01726e-06
0.0019		-0.0284999		0.0
0.00185		-0.0284999		-4.13509e-07
0.0018		-0.0284999		1.41189e-06
0.00175		-0.0284999		-1.72109e-06
0.0017		-0.0284999		-1.10456e-06
0.00165		-0.0284999		1.885e-06
0.0016		-0.0284999		3.79981e-07
0.00155		-0.0284999		1.73227e-07
0.0015		-0.0284999		1.33739e-06
0.00145		-0.0284999		-2.88712e-07
0.0014		-0.0284999		1.97441e-07
0.00135		-0.0284999		4.61938e-07
0.0013		-0.0284999		1.16044e-06
0.00125		-0.0284999		1.302e-06
0.0012		-0.0284999		1.62982e-06
0.00115		-0.0284999		6.98496e-07
0.0011		-0.0284999		5.30858e-07
0.00105		-0.0284999		1.77325e-06
0.001		-0.0284999		1.85706e-06
0.00095		-0.0284999		2.14951e-06
0.0009		-0.0284999		3.29503e-06
0.00085		-0.0284999		6.83594e-07
0.0008		-0.0284999		1.42121e-06
0.00075		-0.0284999		-7.61826e-07
0.0007		-0.0284999		-4.48899e-07
0.00065		-0.0284999		1.24425e-06
0.0006		-0.0284999		4.9733e-07
0.00055		-0.0284999		2.68781e-06
0.0005		-0.0284999		4.02333e-07
0.0002		-0.0289999		5.27132e-07
0.00025		-0.0289999		-8.66134e-07
0.0003		-0.0289999		-8.02804e-07
0.00035		-0.0289999		-1.34111e-07
0.0004		-0.0289999		1.02074e-06
0.00045		-0.0289999		1.06171e-07
0.0005		-0.0289999		-5.47621e-07
0.00055		-0.0289999		4.78703e-07
0.0006		-0.0289999		3.1274e-06
0.00065		-0.0289999		1.94089e-06
0.0007		-0.0289999		2.11039e-06
0.00075		-0.0289999		9.46227e-07
0.0008		-0.0289999		2.28175e-06
0.00085		-0.0289999		1.09897e-07
0.0009		-0.0289999		1.80491e-06
0.00095		-0.0289999		-1.02446e-07
0.001		-0.0289999		-4.22822e-07
0.00105		-0.0289999		1.94462e-06
0.0011		-0.0289999		-1.22004e-06
0.00115		-0.0289999		7.87903e-07
0.0012		-0.0289999		1.49013e-08
0.00125		-0.0289999		-9.6672e-07
0.0013		-0.0289999		2.20539e-06
0.00135		-0.0289999		1.01701e-06
0.0014		-0.0289999		8.00942e-08
0.00145		-0.0289999		1.3914e-06
0.0015		-0.0289999		9.27601e-07
0.00155		-0.0289999		-2.6636e-07
0.0016		-0.0289999		-5.92325e-07
0.0013		-0.0294999		1.89991e-06
0.00125		-0.0294999		-1.97441e-07
0.0012		-0.0294999		-1.17534e-06
0.00115		-0.0294999		8.41919e-07
0.0011		-0.0294999		-1.32249e-07
0.00105		-0.0294999		2.10853e-06
0.001		-0.0294999		2.65242e-06
0.00095		-0.0294999		-1.51806e-06
0.0009		-0.0294999		1.67825e-06
0.00085		-0.0294999		2.075e-06
0.0008		-0.0294999		1.8105e-06
0.00075		-0.0294999		1.16416e-06
0.0007		-0.0294999		2.60586e-06
0.00065		-0.0294999		7.17122e-07
0.0006		-0.0294999		1.68384e-06
0.00055		-0.0294999		7.74864e-07
0.0005		-0.0294999		1.32994e-06
0.00045		-0.0294999		6.96633e-07
0.0004		-0.0294999		1.23122e-06
0.00035		-0.0294999		8.71722e-07
0.0003		-0.0294999		-2.0601e-06
0.00025		-0.0294999		6.76144e-07
0.0002		-0.0294999		-1.50316e-06
0.00015		-0.0294999		-4.09784e-08
0.0001		-0.0294999		2.3544e-06
5e-05		-0.0294999		1.45287e-06
0.0		-0.0294999		-2.3842e-07
-5e-05		-0.0294999		-1.8552e-06
-0.0001		-0.0294999		6.29578e-07
0.0003		-0.0299999		1.50316e-06
0.00035		-0.0299999		1.78442e-06
0.0004		-0.0299999		6.01638e-07
0.00045		-0.0299999		2.54998e-06
0.0005		-0.0299999		4.61938e-07
0.00055		-0.0299999		1.02632e-06
0.0006		-0.0299999		2.59654e-06
0.00065		-0.0299999		1.89059e-06
0.0007		-0.0299999		2.88525e-06
0.00075		-0.0299999		2.79398e-06
0.0008		-0.0299999		3.81844e-07
0.00085		-0.0299999		1.02074e-06
0.0009		-0.0299999		4.19097e-07
0.00095		-0.0299999		5.12231e-07
0.001		-0.0299999		1.72854e-06
0.00105		-0.0299999		2.44008e-07
0.0011		-0.0299999		6.50067e-07
0.00115		-0.0299999		-2.03589e-06
0.0012		-0.0299999		1.22563e-06
0.00125		-0.0299999		9.49954e-08
0.0013		-0.0299999		5.45759e-07
0.00135		-0.0299999		-2.16068e-07
0.0014		-0.0299999		-1.50689e-06
0.00145		-0.0299999		-2.44008e-07
0.0015		-0.0299999		-6.12814e-07
0.00155		-0.0299999		4.9733e-07
0.0016		-0.0299999		-5.0478e-07
0.00165		-0.0299999		-9.87209e-07
0.0017		-0.0299999		-5.17819e-07
