800.0	0.000187
700.0	0.000199
600.0	0.000214
500.0	0.000233
400.0	0.000238
300.0	0.000233
200.0	0.000216
100.0	0.000204
0.0	0.000192
-100.0	0.000187
-200.0	0.00017
-300.0	0.000162
-400.0	0.000154
-500.0	0.000147
-600.0	0.000139
-700.0	0.000134
-800.0	0.000132
-900.0	0.000125
-1000.0	0.00012
-1100.0	0.000115
-1200.0	0.000109
-1300.0	0.000106
-1400.0	0.000106
-1500.0	0.000103
-1600.0	9.7e-05
-1700.0	9.8e-05
-1800.0	9.6e-05
-1900.0	8.8e-05
-2000.0	8.6e-05
-2100.0	8.6e-05
-2200.0	7.8e-05
-2300.0	7.2e-05
-2400.0	6.6e-05
-2500.0	6.4e-05
-2600.0	5.9e-05
-2700.0	5.3e-05
-2800.0	5.2e-05
-2900.0	4.8e-05
-3000.0	4.8e-05
-3100.0	4.9e-05
-3200.0	4.8e-05
-3300.0	5e-05
-3400.0	4.8e-05
-3500.0	5.2e-05
-3600.0	5.3e-05
-3700.0	5e-05
-3800.0	4.9e-05
-3900.0	4.8e-05
-4000.0	4.5e-05
-4100.0	4.6e-05
-4200.0	4.3e-05
-4300.0	4.3e-05
-4400.0	4e-05
-4500.0	4.2e-05
-4600.0	4e-05
-4700.0	3.8e-05
-4800.0	3.9e-05
-4900.0	3.7e-05
-5000.0	3.5e-05
