Your edit line - do NOT delete this line
X-pos [um], Y-pos [um], Max voltage [V]
600	0.0	0.5273
100	-200.0	0.5157
100	-400.0	0.436
200	-600.0	0.314
100	-800.0	0.3868
100	-1000.0	0.4423
100	-1200.0	0.269
100	-1400.0	0.1395
0	-1600.0	0.1211
0	-1800.0	0.1112
0	-2000.0	0.1075
0	-2200.0	0.1099
-100	-2400.0	0.1038
-100	-2600.0	0.0956
-100	-2800.0	0.0805
-200	-3000.0	0.0697
-200	-3200.0	0.0657
-200	-3400.0	0.0637
-200	-3600.0	0.0583
-300	-3800.0	0.0556
-300	-4000.0	0.0551
-300	-4200.0	0.0534
-300	-4400.0	0.0491
-400	-4600.0	0.0435
-400	-4800.0	0.0461
-400	-5000.0	0.0465
-500	-5200.0	0.0395
-500	-5400.0	0.0387
-600	-5600.0	0.0482
-600	-5800.0	0.0517
-600	-6000.0	0.0421

Y_new [um], Max voltage [V]
0.0	0.5273
-203.960780544	0.5157
-407.921561087	0.436
-611.882341631	0.314
-815.843122175	0.3868
-1019.80390272	0.4423
-1223.76468326	0.269
-1427.72546381	0.1395
-1631.68624435	0.1211
-1835.64702489	0.1112
-2039.60780544	0.1075
-2243.56858598	0.1099
-2447.52936652	0.1038
-2651.49014707	0.0956
-2855.45092761	0.0805
-3059.41170816	0.0697
-3263.3724887	0.0657
-3467.33326924	0.0637
-3671.29404979	0.0583
-3875.25483033	0.0556
-4079.21561087	0.0551
-4283.17639142	0.0534
-4487.13717196	0.0491
-4691.09795251	0.0435
-4895.05873305	0.0461
-5099.01951359	0.0465
-5302.98029414	0.0395
-5506.94107468	0.0387
-5710.90185522	0.0482
-5914.86263577	0.0517
-6118.82341631	0.0421
