Your edit line - do NOT delete this line
X-pos [um], Y-pos [um], Max voltage [V]
0	0.0	1.0375
-100	-200.0	0.8214
0	-400.0	0.4358
0	-600.0	0.1557
200	-800.0	0.0711
400	-1000.0	0.0521
400	-1200.0	0.0733
300	-1400.0	0.0658
400	-1600.0	0.033
300	-1800.0	0.0148
200	-2000.0	0.0105
100	-2200.0	0.0091
200	-2400.0	0.0079
200	-2600.0	0.0065
200	-2800.0	0.0046
400	-3000.0	0.0083
400	-3200.0	0.0087
400	-3400.0	0.009
400	-3600.0	0.0061
400	-3800.0	0.0043
200	-4000.0	0.0037

Y_new [um], Max voltage [V]
0.0	1.0375
-200.249843945	0.8214
-400.49968789	0.4358
-600.749531835	0.1557
-800.99937578	0.0711
-1001.24921973	0.0521
-1201.49906367	0.0733
-1401.74890762	0.0658
-1601.99875156	0.033
-1802.24859551	0.0148
-2002.49843945	0.0105
-2202.7482834	0.0091
-2402.99812734	0.0079
-2603.24797129	0.0065
-2803.49781523	0.0046
-3003.74765918	0.0083
-3203.99750312	0.0087
-3404.24734707	0.009
-3604.49719101	0.0061
-3804.74703496	0.0043
-4004.9968789	0.0037
