Your edit line - do NOT delete this line
Wavelength [nm], Voltage [V], Elapsed time [s]
900.0	-3.8e-06	14.1089999676
900.0	-3.8e-06	14.1559998989
900.0	-3.8e-06	14.2030000687
900.0	-3.8e-06	14.25
900.0	-3.8e-06	14.2969999313
900.0	-3.8e-06	14.3440001011
900.0	-3.3e-06	14.3910000324
900.0	-3.3e-06	14.4370000362
900.0	-3.8e-06	14.4839999676
900.0	-3.8e-06	14.5309998989
900.0	-4e-06	14.5780000687
900.0	-4e-06	14.625
900.0	-4e-06	14.6559998989
900.0	-4e-06	14.7030000687
900.0	-4.3e-06	14.75
900.0	-4e-06	14.7969999313
900.0	-4e-06	14.8440001011
900.0	-3.8e-06	14.8910000324
900.0	-4e-06	14.9370000362
900.0	-4e-06	14.9839999676
900.0	-4e-06	15.0309998989
900.0	-4e-06	15.0620000362
910.0	-4e-06	15.3910000324
910.0	-4e-06	15.4370000362
910.0	-4e-06	15.4690001011
910.0	-4.3e-06	15.5160000324
910.0	-4e-06	15.5620000362
910.0	-4e-06	15.6089999676
910.0	-4e-06	15.6559998989
910.0	-3.8e-06	15.7030000687
910.0	-3.8e-06	15.75
910.0	-3.8e-06	15.7969999313
910.0	-3.8e-06	15.8440001011
910.0	-3.8e-06	15.8910000324
910.0	-4e-06	15.9370000362
910.0	-4e-06	15.9839999676
910.0	-4e-06	16.0309998989
910.0	-4e-06	16.0780000687
910.0	-4e-06	16.1089999676
910.0	-4e-06	16.1559998989
910.0	-4e-06	16.2030000687
910.0	-4e-06	16.25
910.0	-4e-06	16.2969999313
910.0	-4e-06	16.3440001011
920.0	-4e-06	16.6559998989
920.0	-4e-06	16.7030000687
920.0	-4e-06	16.75
920.0	-3.8e-06	16.7969999313
920.0	-3.8e-06	16.8440001011
920.0	-3.8e-06	16.8910000324
920.0	-3.8e-06	16.9219999313
920.0	-3.8e-06	16.9690001011
920.0	-3.8e-06	17.0160000324
920.0	-3.8e-06	17.0620000362
920.0	-3.8e-06	17.1089999676
920.0	-3.8e-06	17.1559998989
920.0	-3.8e-06	17.2030000687
920.0	-3.8e-06	17.25
920.0	-3.3e-06	17.2969999313
920.0	-3.8e-06	17.3440001011
920.0	-3.8e-06	17.3910000324
920.0	-3.8e-06	17.4370000362
920.0	-3.8e-06	17.4839999676
920.0	-3.8e-06	17.5309998989
920.0	-4e-06	17.5780000687
920.0	-3.8e-06	17.6089999676
930.0	-3.8e-06	17.9219999313
930.0	-3.8e-06	17.9839999676
930.0	-3.8e-06	18.0160000324
930.0	-3.8e-06	18.0620000362
930.0	-4e-06	18.1089999676
930.0	-4e-06	18.1559998989
930.0	-4.3e-06	18.2030000687
930.0	-4e-06	18.25
930.0	-4e-06	18.2969999313
930.0	-4.3e-06	18.3440001011
930.0	-4e-06	18.3910000324
930.0	-4.3e-06	18.4370000362
930.0	-4e-06	18.4839999676
930.0	-4e-06	18.5309998989
930.0	-3.8e-06	18.5620000362
930.0	-3.8e-06	18.6089999676
930.0	-3.8e-06	18.6559998989
930.0	-3.8e-06	18.7030000687
930.0	-3.8e-06	18.75
930.0	-4e-06	18.7969999313
930.0	-4.3e-06	18.8440001011
930.0	-4e-06	18.8910000324
940.0	-3.8e-06	19.2030000687
940.0	-4e-06	19.25
940.0	-4e-06	19.2809998989
940.0	-4e-06	19.3280000687
940.0	-4.3e-06	19.375
940.0	-4.3e-06	19.4219999313
940.0	-4.3e-06	19.4690001011
940.0	-4.3e-06	19.5160000324
940.0	-4.3e-06	19.5620000362
940.0	-4.3e-06	19.6089999676
940.0	-4e-06	19.6559998989
940.0	-4e-06	19.6870000362
940.0	-4e-06	19.7339999676
940.0	-4e-06	19.7809998989
940.0	-3.8e-06	19.8280000687
940.0	-3.8e-06	19.875
940.0	-3.8e-06	19.9219999313
940.0	-3.8e-06	19.9690001011
940.0	-3.8e-06	20.0160000324
940.0	-3.8e-06	20.0620000362
940.0	-4.3e-06	20.0940001011
940.0	-4e-06	20.1410000324
940.0	-4e-06	20.1870000362
950.0	-4e-06	20.4839999676
950.0	-4e-06	20.5309998989
950.0	-4e-06	20.5780000687
950.0	-3.8e-06	20.625
950.0	-3.8e-06	20.6719999313
950.0	-3.8e-06	20.7190001011
950.0	-4e-06	20.7660000324
950.0	-3.8e-06	20.8120000362
950.0	-3.8e-06	20.8589999676
950.0	-3.8e-06	20.8910000324
950.0	-3.8e-06	20.9370000362
950.0	-3.8e-06	20.9839999676
950.0	-3.8e-06	21.0309998989
950.0	-3.8e-06	21.0780000687
950.0	-3.8e-06	21.125
950.0	-3.8e-06	21.1719999313
950.0	-3.8e-06	21.2190001011
950.0	-4e-06	21.2660000324
950.0	-3.8e-06	21.3120000362
950.0	-4e-06	21.3589999676
950.0	-4e-06	21.4059998989
950.0	-4.3e-06	21.4370000362
960.0	-4e-06	21.7339999676
960.0	-4e-06	21.7809998989
960.0	-3.8e-06	21.8280000687
960.0	-4e-06	21.875
960.0	-3.8e-06	21.9219999313
960.0	-3.8e-06	21.9690001011
960.0	-3.8e-06	22.0160000324
960.0	-3.8e-06	22.0620000362
960.0	-3.3e-06	22.0940001011
960.0	-3.3e-06	22.1410000324
960.0	-3.3e-06	22.1870000362
960.0	-3.8e-06	22.2339999676
960.0	-3.8e-06	22.2809998989
960.0	-3.8e-06	22.3280000687
960.0	-3.8e-06	22.375
960.0	-3.8e-06	22.4219999313
960.0	-3.8e-06	22.4690001011
960.0	-3.8e-06	22.5
960.0	-4e-06	22.5469999313
960.0	-3.8e-06	22.5940001011
960.0	-4e-06	22.6410000324
960.0	-3.8e-06	22.6870000362
970.0	-4e-06	22.9839999676
970.0	-4.3e-06	23.0309998989
970.0	-4e-06	23.0780000687
970.0	-4.3e-06	23.1089999676
970.0	-4.3e-06	23.1559998989
970.0	-4e-06	23.2030000687
970.0	-4e-06	23.25
970.0	-3.8e-06	23.2969999313
970.0	-3.8e-06	23.3440001011
970.0	-3.8e-06	23.3910000324
970.0	-4e-06	23.4370000362
970.0	-3.8e-06	23.4839999676
970.0	-4e-06	23.5309998989
970.0	-4e-06	23.5780000687
970.0	-4e-06	23.6089999676
970.0	-4e-06	23.6559998989
970.0	-4e-06	23.7030000687
970.0	-4e-06	23.75
970.0	-3.8e-06	23.7969999313
970.0	-4e-06	23.8440001011
970.0	-3.8e-06	23.8910000324
970.0	-4e-06	23.9370000362
980.0	-3.8e-06	24.2190001011
980.0	-3.8e-06	24.2660000324
980.0	-3.8e-06	24.3120000362
980.0	-4e-06	24.3440001011
980.0	-3.8e-06	24.3910000324
980.0	-4e-06	24.4370000362
980.0	-3.8e-06	24.4839999676
980.0	-4e-06	24.5309998989
980.0	-4e-06	24.5780000687
980.0	-4e-06	24.625
980.0	-4e-06	24.6719999313
980.0	-4.3e-06	24.7190001011
980.0	-4e-06	24.7660000324
980.0	-4.3e-06	24.7969999313
980.0	-4.3e-06	24.8440001011
980.0	-4e-06	24.8910000324
980.0	-4e-06	24.9370000362
980.0	-4e-06	24.9839999676
980.0	-4e-06	25.0309998989
980.0	-4e-06	25.0780000687
980.0	-3.8e-06	25.125
980.0	-3.8e-06	25.1719999313
990.0	-4.3e-06	25.4530000687
990.0	-4e-06	25.5
990.0	-4e-06	25.5469999313
990.0	-4e-06	25.5940001011
990.0	-4e-06	25.6410000324
990.0	-3.8e-06	25.6719999313
990.0	-4e-06	25.7190001011
990.0	-4e-06	25.7660000324
990.0	-3.8e-06	25.8120000362
990.0	-3.8e-06	25.8589999676
990.0	-3.8e-06	25.9059998989
990.0	-3.8e-06	25.9530000687
990.0	-4e-06	26.0
990.0	-4e-06	26.0469999313
990.0	-4e-06	26.0780000687
990.0	-4e-06	26.125
990.0	-4e-06	26.1719999313
990.0	-4e-06	26.2190001011
990.0	-4e-06	26.2660000324
990.0	-4e-06	26.3120000362
990.0	-4.3e-06	26.3589999676
990.0	-4e-06	26.4059998989
1000.0	-3.8e-06	26.6870000362
1000.0	-4e-06	26.7339999676
1000.0	-4e-06	26.7809998989
1000.0	-4e-06	26.8280000687
1000.0	-3.8e-06	26.875
1000.0	-3.8e-06	26.9219999313
1000.0	-3.8e-06	26.9530000687
1000.0	-4e-06	27.0
1000.0	-4e-06	27.0469999313
1000.0	-4e-06	27.0940001011
1000.0	-4e-06	27.1410000324
1000.0	-4.3e-06	27.1870000362
1000.0	-4e-06	27.2339999676
1000.0	-4e-06	27.2809998989
1000.0	-4.3e-06	27.3280000687
1000.0	-4e-06	27.375
1000.0	-4e-06	27.4219999313
1000.0	-4e-06	27.4530000687
1000.0	-4e-06	27.5
1000.0	-4e-06	27.5469999313
1000.0	-4e-06	27.5940001011
1000.0	-4e-06	27.6410000324
1010.0	-4e-06	27.9219999313
1010.0	-4e-06	27.9690001011
1010.0	-3.8e-06	28.0160000324
1010.0	-4e-06	28.0620000362
1010.0	-4e-06	28.1089999676
1010.0	-4e-06	28.1559998989
1010.0	-4e-06	28.2030000687
1010.0	-4.3e-06	28.25
1010.0	-4e-06	28.2969999313
1010.0	-4.3e-06	28.3280000687
1010.0	-4.3e-06	28.375
1010.0	-4.3e-06	28.4219999313
1010.0	-4.3e-06	28.4690001011
1010.0	-4.3e-06	28.5160000324
1010.0	-4.3e-06	28.5620000362
1010.0	-4e-06	28.6089999676
1010.0	-4.3e-06	28.6559998989
1010.0	-4e-06	28.7030000687
1010.0	-3.8e-06	28.75
1010.0	-3.8e-06	28.7969999313
1010.0	-4e-06	28.8440001011
1010.0	-4e-06	28.875
1020.0	-3.8e-06	29.1719999313
1020.0	-3.8e-06	29.2190001011
1020.0	-3.8e-06	29.2660000324
1020.0	-3.8e-06	29.3120000362
1020.0	-3.8e-06	29.3589999676
1020.0	-3.3e-06	29.4059998989
1020.0	-3.8e-06	29.4370000362
1020.0	-3.3e-06	29.4839999676
1020.0	-3.8e-06	29.5309998989
1020.0	-3.8e-06	29.5780000687
1020.0	-4e-06	29.625
1020.0	-4e-06	29.6719999313
1020.0	-3.8e-06	29.7190001011
1020.0	-3.8e-06	29.7660000324
1020.0	-3.8e-06	29.8120000362
1020.0	-4e-06	29.8589999676
1020.0	-3.8e-06	29.9059998989
1020.0	-4e-06	29.9530000687
1020.0	-4e-06	29.9839999676
1020.0	-4.3e-06	30.0309998989
1020.0	-4.3e-06	30.0780000687
1020.0	-4.3e-06	30.125
1030.0	-3.8e-06	30.4219999313
1030.0	-3.8e-06	30.4690001011
1030.0	-3.8e-06	30.5160000324
1030.0	-3.8e-06	30.5469999313
1030.0	-3.8e-06	30.5940001011
1030.0	-4e-06	30.6410000324
1030.0	-3.8e-06	30.6870000362
1030.0	-4e-06	30.7339999676
1030.0	-3.8e-06	30.7809998989
1030.0	-4e-06	30.8280000687
1030.0	-4e-06	30.875
1030.0	-4e-06	30.9219999313
1030.0	-4e-06	30.9530000687
1030.0	-4.3e-06	31.0
1030.0	-4e-06	31.0469999313
1030.0	-4e-06	31.0940001011
1030.0	-4.3e-06	31.1410000324
1030.0	-4e-06	31.1870000362
1030.0	-4.3e-06	31.2339999676
1030.0	-4.3e-06	31.2809998989
1030.0	-4.3e-06	31.3280000687
1030.0	-4e-06	31.375
1040.0	-4e-06	31.6559998989
1040.0	-3.8e-06	31.7030000687
1040.0	-3.8e-06	31.75
1040.0	-3.8e-06	31.7969999313
1040.0	-4e-06	31.8440001011
1040.0	-3.8e-06	31.8910000324
1040.0	-4.3e-06	31.9370000362
1040.0	-4.3e-06	31.9839999676
1040.0	-4.3e-06	32.0309998989
1040.0	-4e-06	32.0620000362
1040.0	-4.3e-06	32.1089999676
1040.0	-4e-06	32.1559998989
1040.0	-4e-06	32.2030000687
1040.0	-4e-06	32.25
1040.0	-3.8e-06	32.2969999313
1040.0	-3.8e-06	32.3440001011
1040.0	-4e-06	32.3910000324
1040.0	-4e-06	32.4370000362
1040.0	-4e-06	32.4839999676
1040.0	-4e-06	32.5309998989
1040.0	-3.8e-06	32.5780000687
1040.0	-3.8e-06	32.6089999676
1050.0	-6.05e-05	32.9059998989
1050.0	-4.65e-05	32.9530000687
1050.0	-3.5e-05	33.0
1050.0	-2.63e-05	33.0469999313
1050.0	-1.93e-05	33.0940001011
1050.0	-1.45e-05	33.1410000324
1050.0	-1.08e-05	33.1870000362
1050.0	-8e-06	33.2339999676
1050.0	-6.3e-06	33.2660000324
1050.0	-5e-06	33.3120000362
1050.0	-4e-06	33.3589999676
1050.0	-3.8e-06	33.4059998989
1050.0	-3.3e-06	33.4530000687
1050.0	-3e-06	33.5
1050.0	-3e-06	33.5469999313
1050.0	-3e-06	33.5940001011
1050.0	-3e-06	33.6410000324
1050.0	-3.3e-06	33.6870000362
1050.0	-3.8e-06	33.7339999676
1050.0	-3.3e-06	33.7809998989
1050.0	-3.3e-06	33.8280000687
1050.0	-3.3e-06	33.875
1060.0	-3.8e-06	34.1559998989
1060.0	-4e-06	34.2030000687
1060.0	-4e-06	34.25
1060.0	-3.8e-06	34.2969999313
1060.0	-3.3e-06	34.3440001011
1060.0	-3e-06	34.3910000324
1060.0	-3e-06	34.4370000362
1060.0	-3e-06	34.4690001011
1060.0	-3e-06	34.5160000324
1060.0	-3e-06	34.5780000687
1060.0	-3e-06	34.6089999676
1060.0	-3.3e-06	34.6559998989
1060.0	-4e-06	34.7030000687
1060.0	-3.3e-06	34.75
1060.0	-3.8e-06	34.7969999313
1060.0	-3.8e-06	34.8440001011
1060.0	-3.8e-06	34.8910000324
1060.0	-3.3e-06	34.9370000362
1060.0	-3.3e-06	34.9839999676
1060.0	-3.3e-06	35.0160000324
1060.0	-3.8e-06	35.0620000362
1060.0	-3.8e-06	35.1089999676
1070.0	-3.3e-06	35.4059998989
1070.0	-4e-06	35.4530000687
1070.0	-4e-06	35.5
1070.0	-4e-06	35.5469999313
1070.0	-3.8e-06	35.5780000687
1070.0	-3.8e-06	35.625
1070.0	-3.8e-06	35.6719999313
1070.0	-3.8e-06	35.7190001011
1070.0	-3.8e-06	35.7660000324
1070.0	-3.3e-06	35.8120000362
1070.0	-3e-06	35.8589999676
1070.0	-3e-06	35.9059998989
1070.0	-3.3e-06	35.9530000687
1070.0	-3.3e-06	35.9839999676
1070.0	-3e-06	36.0309998989
1070.0	-3.3e-06	36.0780000687
1070.0	-3.8e-06	36.125
1070.0	-3.8e-06	36.1719999313
1070.0	-4e-06	36.2190001011
1070.0	-3.8e-06	36.2660000324
1070.0	-3.3e-06	36.3120000362
1070.0	-3e-06	36.3589999676
1080.0	-3.3e-06	36.6410000324
1080.0	-3.8e-06	36.6870000362
1080.0	-3.3e-06	36.7339999676
1080.0	-3.3e-06	36.7809998989
1080.0	-3.3e-06	36.8280000687
1080.0	-3e-06	36.875
1080.0	-3.3e-06	36.9219999313
1080.0	-2.8e-06	36.9690001011
1080.0	-2.5e-06	37.0
1080.0	0.0	37.0469999313
1080.0	3e-07	37.0940001011
1080.0	3e-07	37.125
1080.0	0.0	37.1719999313
1080.0	-2e-06	37.2190001011
1080.0	-2.5e-06	37.2660000324
1080.0	-2.8e-06	37.3120000362
1080.0	-2.8e-06	37.3589999676
1080.0	-3e-06	37.4059998989
1080.0	-3.3e-06	37.4530000687
1080.0	-3.3e-06	37.4839999676
1080.0	-3e-06	37.5309998989
1080.0	-3.3e-06	37.5780000687
1080.0	-3.8e-06	37.625
1090.0	-3e-06	37.9219999313
1090.0	-2.8e-06	37.9690001011
1090.0	-2.5e-06	38.0160000324
1090.0	-2.8e-06	38.0620000362
1090.0	-2.8e-06	38.1089999676
1090.0	-3e-06	38.1559998989
1090.0	-3e-06	38.2030000687
1090.0	-2.5e-06	38.25
1090.0	-2.8e-06	38.2809998989
1090.0	-2.5e-06	38.3280000687
1090.0	-2.8e-06	38.375
1090.0	-3.3e-06	38.4219999313
1090.0	-3.8e-06	38.4690001011
1090.0	-3.3e-06	38.5160000324
1090.0	-3.3e-06	38.5620000362
1090.0	-3.3e-06	38.6089999676
1090.0	-3.8e-06	38.6559998989
1090.0	-3e-06	38.6870000362
1090.0	-3.3e-06	38.7339999676
1090.0	-3e-06	38.7809998989
1090.0	-3.3e-06	38.8280000687
1090.0	-3.3e-06	38.875
1100.0	-2.8e-06	39.1719999313
1100.0	-3e-06	39.2190001011
1100.0	-3e-06	39.25
1100.0	-3e-06	39.2969999313
1100.0	-3.3e-06	39.3440001011
1100.0	-3.3e-06	39.3910000324
1100.0	-3.8e-06	39.4370000362
1100.0	-3.8e-06	39.4839999676
1100.0	-3e-06	39.5309998989
1100.0	-2.5e-06	39.5780000687
1100.0	-2.5e-06	39.625
1100.0	-2.8e-06	39.6559998989
1100.0	-3e-06	39.7030000687
1100.0	-3e-06	39.75
1100.0	-3e-06	39.7969999313
1100.0	-3e-06	39.8440001011
1100.0	-3.3e-06	39.8910000324
1100.0	-3.3e-06	39.9370000362
1100.0	-3.3e-06	39.9839999676
1100.0	-3.8e-06	40.0309998989
1100.0	-3.8e-06	40.0780000687
1100.0	-3.3e-06	40.1089999676
1100.0	-3e-06	40.1559998989
1110.0	-3e-06	40.4530000687
1110.0	-3e-06	40.5
1110.0	-3.3e-06	40.5309998989
1110.0	-3.8e-06	40.5780000687
1110.0	-4e-06	40.625
1110.0	-3.8e-06	40.6719999313
1110.0	-3.8e-06	40.7190001011
1110.0	-3.3e-06	40.7660000324
1110.0	-3.3e-06	40.8120000362
1110.0	-3.3e-06	40.8589999676
1110.0	-3.3e-06	40.9059998989
1110.0	-3.3e-06	40.9370000362
1110.0	-3.3e-06	40.9839999676
1110.0	-3.3e-06	41.0309998989
1110.0	-3.8e-06	41.0780000687
1110.0	-4e-06	41.125
1110.0	-4.3e-06	41.1719999313
1110.0	-4e-06	41.2190001011
1110.0	-4e-06	41.2660000324
1110.0	-4e-06	41.3120000362
1110.0	-4e-06	41.3440001011
1110.0	-4.3e-06	41.3910000324
1110.0	-4e-06	41.4530000687
1120.0	-3.3e-06	41.7339999676
1120.0	-3.3e-06	41.7809998989
1120.0	-3.3e-06	41.8280000687
1120.0	-3.3e-06	41.8589999676
1120.0	-3.3e-06	41.9059998989
1120.0	-3.3e-06	41.9530000687
1120.0	-3.8e-06	42.0
1120.0	-3.8e-06	42.0469999313
1120.0	-3.8e-06	42.0940001011
1120.0	-3e-06	42.1410000324
1120.0	-3.3e-06	42.1870000362
1120.0	-3e-06	42.2190001011
1120.0	-3.8e-06	42.2809998989
1120.0	0.000252	42.3280000687
1120.0	0.000709	42.3589999676
1120.0	0.000554	42.4059998989
1120.0	1.5e-05	42.4530000687
1120.0	0.0003675	42.4839999676
1120.0	0.0001555	42.5309998989
1120.0	-0.0012793	42.5780000687
1120.0	-0.0012793	42.625
1120.0	-0.0012793	42.6719999313
1120.0	-0.0007123	42.7190001011
1130.0	-0.0012793	43.0
1130.0	-0.0012793	43.0469999313
1130.0	-0.0012793	43.0940001011
1130.0	-0.0012793	43.1410000324
1130.0	-0.0012793	43.1870000362
1130.0	-0.0009128	43.2339999676
1130.0	-0.0004265	43.2809998989
1130.0	0.0001193	43.3120000362
1130.0	0.0011638	43.3589999676
1130.0	0.001159	43.3910000324
1130.0	0.0011598	43.4370000362
1130.0	0.0009955	43.4839999676
1130.0	0.000684	43.5160000324
1130.0	0.0005093	43.5620000362
1130.0	0.0001103	43.6089999676
1130.0	-6.5e-05	43.6559998989
1130.0	-0.0012793	43.7030000687
1130.0	-0.0012793	43.75
1130.0	-0.0012793	43.7969999313
1130.0	-0.0012793	43.8440001011
1130.0	-0.0012385	43.8910000324
1130.0	-0.0009363	43.9370000362
1130.0	-0.0008278	43.9690001011
1140.0	-0.0007803	44.25
1140.0	-0.0012793	44.2969999313
1140.0	-0.0012793	44.3440001011
1140.0	-0.0012793	44.3910000324
1140.0	-0.0012793	44.4370000362
1140.0	-0.0012793	44.4839999676
1140.0	-0.0012793	44.5309998989
1140.0	-0.0012793	44.5780000687
1140.0	0.0011438	44.6089999676
1140.0	0.0011435	44.6559998989
1140.0	0.001143	44.7030000687
1140.0	0.0001643	44.7339999676
1140.0	-0.0012793	44.7809998989
1140.0	-0.0012793	44.8280000687
1140.0	-0.0012793	44.875
1140.0	-0.0012793	44.9219999313
1140.0	-0.0012793	44.9690001011
1140.0	-0.0012793	45.0160000324
1140.0	-0.0012793	45.0620000362
1140.0	-0.0012793	45.0940001011
1140.0	-0.0012793	45.1410000324
1140.0	-0.0012793	45.1870000362
1140.0	-0.0012793	45.2339999676
1150.0	-0.0012793	45.5160000324
1150.0	-0.0012793	45.5620000362
1150.0	-0.0012793	45.6089999676
1150.0	-0.0012793	45.6559998989
1150.0	-0.0012793	45.7030000687
1150.0	-0.0012793	45.75
1150.0	-0.0012793	45.7969999313
1150.0	-0.0012793	45.8440001011
1150.0	-0.0012793	45.8910000324
1150.0	-0.0012793	45.9370000362
1150.0	-0.0012793	45.9839999676
1150.0	-0.0012793	46.0309998989
1150.0	-0.0012793	46.0780000687
1150.0	-0.0008343	46.125
1150.0	2.15e-05	46.1719999313
1150.0	0.000804	46.2030000687
1150.0	0.001154	46.25
1150.0	0.0011525	46.2809998989
1150.0	0.0011523	46.3280000687
1150.0	0.0011513	46.375
1150.0	0.0011503	46.4219999313
1150.0	0.00115	46.4530000687
1150.0	0.0011485	46.5
1160.0	0.001149	46.7660000324
1160.0	0.0011515	46.7969999313
1160.0	0.001148	46.8440001011
1160.0	0.0011523	46.8910000324
1160.0	0.001151	46.9219999313
1160.0	0.0011485	46.9690001011
1160.0	0.0011505	47.0160000324
1160.0	0.00115	47.0469999313
1160.0	0.0011515	47.0940001011
1160.0	0.0011485	47.1410000324
1160.0	0.0011518	47.1719999313
1160.0	0.0011473	47.2190001011
1160.0	0.001151	47.2660000324
1160.0	0.0011473	47.2969999313
1160.0	0.0011513	47.3440001011
1160.0	0.0011515	47.3910000324
1160.0	0.0011513	47.4219999313
1160.0	0.001149	47.4690001011
1160.0	0.0011473	47.5
1160.0	0.0011515	47.5469999313
1160.0	0.0011515	47.5940001011
1160.0	0.0011523	47.625
1160.0	0.0011515	47.6719999313
1160.0	0.0011528	47.7190001011
1170.0	0.001153	47.9690001011
1170.0	0.00115	48.0160000324
1170.0	0.0011488	48.0469999313
1170.0	0.0011523	48.0940001011
1170.0	0.001154	48.1410000324
1170.0	0.0011523	48.1719999313
1170.0	0.001154	48.2190001011
1170.0	0.001149	48.2660000324
1170.0	0.0011538	48.2969999313
1170.0	0.0011543	48.3440001011
1170.0	0.0011528	48.3910000324
1170.0	0.001149	48.4370000362
1170.0	0.0011498	48.4690001011
1170.0	0.0011538	48.5160000324
1170.0	0.001154	48.5620000362
1170.0	0.0011503	48.5940001011
1170.0	0.0011535	48.6410000324
1170.0	0.0011493	48.6719999313
1170.0	0.001154	48.7190001011
1170.0	0.0011548	48.7660000324
1170.0	0.00115	48.8120000362
1170.0	0.0011535	48.8440001011
1170.0	0.001149	48.8910000324
1170.0	0.0011535	48.9219999313
1180.0	0.0011543	49.1870000362
1180.0	0.0011505	49.2339999676
1180.0	0.0011528	49.2660000324
1180.0	0.0011543	49.3120000362
1180.0	0.0011528	49.3589999676
1180.0	0.0011513	49.3910000324
1180.0	0.0011523	49.4370000362
1180.0	0.0011528	49.4839999676
1180.0	0.0011543	49.5160000324
1180.0	0.0011505	49.5620000362
1180.0	0.001153	49.6089999676
1180.0	0.0011528	49.6410000324
1180.0	0.0011543	49.6870000362
1180.0	0.0011498	49.7190001011
1180.0	0.0011525	49.7660000324
1180.0	0.001154	49.8120000362
1180.0	0.00115	49.8589999676
1180.0	0.0011505	49.8910000324
1180.0	0.001154	49.9370000362
1180.0	0.0011528	49.9690001011
1180.0	0.0011543	50.0160000324
1180.0	0.0011548	50.0620000362
1180.0	0.0011515	50.0940001011
1180.0	0.001155	50.1410000324
1190.0	0.0011503	50.4059998989
1190.0	0.001154	50.4530000687
1190.0	0.001151	50.4839999676
1190.0	0.0011503	50.5309998989
1190.0	0.0011503	50.5620000362
1190.0	0.001153	50.6089999676
1190.0	0.0011528	50.6559998989
1190.0	0.0011555	50.6870000362
1190.0	0.0011548	50.7339999676
1190.0	0.0011535	50.7809998989
1190.0	0.0011543	50.8120000362
1190.0	0.0011563	50.8589999676
1190.0	0.0011535	50.8910000324
1190.0	0.001154	50.9370000362
1190.0	0.0011535	50.9839999676
1190.0	0.001153	51.0160000324
1190.0	0.0011535	51.0620000362
1190.0	0.001153	51.1089999676
1190.0	0.001154	51.1410000324
1190.0	0.0011538	51.1870000362
1190.0	0.0011535	51.2190001011
1190.0	0.0011538	51.2660000324
1190.0	0.0011535	51.3120000362
1190.0	0.0011535	51.3440001011
1190.0	0.0011535	51.3910000324
1200.0	0.001154	51.6559998989
1200.0	0.0011513	51.6870000362
1200.0	0.0011523	51.7339999676
1200.0	0.0011518	51.7809998989
1200.0	0.0011538	51.8280000687
1200.0	0.0011515	51.8589999676
1200.0	0.001154	51.9059998989
1200.0	0.001155	51.9370000362
1200.0	0.001154	51.9839999676
1200.0	0.0011538	52.0309998989
1200.0	0.0011543	52.0620000362
1200.0	0.0011518	52.1089999676
1200.0	0.0011548	52.1559998989
1200.0	0.0011548	52.2030000687
1200.0	0.0011515	52.2339999676
1200.0	0.001154	52.2809998989
1200.0	0.0011525	52.3120000362
1200.0	0.0011523	52.3589999676
1200.0	0.0011553	52.4059998989
1200.0	0.001155	52.4370000362
1200.0	0.001155	52.4839999676
1200.0	0.0011548	52.5160000324
1200.0	0.0011543	52.5620000362
1200.0	0.001154	52.6089999676
1210.0	0.0011553	52.875
1210.0	0.0011515	52.9059998989
1210.0	0.0011523	52.9530000687
1210.0	0.0011548	52.9839999676
1210.0	0.0011555	53.0309998989
1210.0	0.0011543	53.0780000687
1210.0	0.0011548	53.1089999676
1210.0	0.0011528	53.1559998989
1210.0	0.0011515	53.2030000687
1210.0	0.0011513	53.2339999676
1210.0	0.0011553	53.2809998989
1210.0	0.0011553	53.3280000687
1210.0	0.0011543	53.3589999676
1210.0	0.0011565	53.4059998989
1210.0	0.0011528	53.4370000362
1210.0	0.0011555	53.4839999676
1210.0	0.0011523	53.5309998989
1210.0	0.0011513	53.5780000687
1210.0	0.0011543	53.6089999676
1210.0	0.0011548	53.6559998989
1210.0	0.0011553	53.7030000687
1210.0	0.001154	53.7339999676
1210.0	0.001156	53.7809998989
1210.0	0.001151	53.8280000687
1220.0	0.0011568	54.0940001011
1220.0	0.001156	54.125
1220.0	0.0011553	54.1719999313
1220.0	0.001154	54.2190001011
1220.0	0.001156	54.25
1220.0	0.0011528	54.2969999313
1220.0	0.0011518	54.3280000687
1220.0	0.001156	54.375
1220.0	0.001155	54.4219999313
1220.0	0.001155	54.4530000687
1220.0	0.0011555	54.5
1220.0	0.0011553	54.5469999313
1220.0	0.0011515	54.5780000687
1220.0	0.001156	54.625
1220.0	0.0011553	54.6719999313
1220.0	0.0011563	54.7030000687
1220.0	0.0011568	54.75
1220.0	0.0011513	54.7969999313
1220.0	0.0011515	54.8280000687
1220.0	0.0011555	54.875
1220.0	0.0011553	54.9219999313
1220.0	0.0011548	54.9530000687
1220.0	0.0011535	55.0
1220.0	0.0011523	55.0309998989
1220.0	0.001153	55.0780000687
1230.0	0.001156	55.3440001011
1230.0	0.0011543	55.3910000324
1230.0	0.0011573	55.4370000362
1230.0	0.001154	55.4690001011
1230.0	0.0011525	55.5160000324
1230.0	0.001156	55.5469999313
1230.0	0.001155	55.5940001011
1230.0	0.001156	55.6410000324
1230.0	0.0011523	55.6719999313
1230.0	0.0011515	55.7190001011
1230.0	0.0011528	55.7660000324
1230.0	0.0011555	55.7969999313
1230.0	0.001155	55.8440001011
1230.0	0.0011518	55.875
1230.0	0.001155	55.9219999313
1230.0	0.0011523	55.9690001011
1230.0	0.001156	56.0160000324
1230.0	0.0011543	56.0620000362
1230.0	0.0011523	56.0940001011
1230.0	0.0011563	56.1410000324
1230.0	0.0011568	56.1719999313
1230.0	0.001156	56.2190001011
1230.0	0.0011525	56.2660000324
1230.0	0.0011555	56.2969999313
1230.0	0.0011553	56.3440001011
1240.0	0.0011565	56.6089999676
1240.0	0.0011563	56.6559998989
1240.0	0.0011523	56.7030000687
1240.0	0.001156	56.7339999676
1240.0	0.001154	56.7809998989
1240.0	0.0011573	56.8120000362
1240.0	0.0011555	56.8589999676
1240.0	0.0011563	56.9059998989
1240.0	0.0011565	56.9370000362
1240.0	0.001155	56.9839999676
1240.0	0.001155	57.0309998989
1240.0	0.001154	57.0620000362
1240.0	0.0011563	57.1089999676
1240.0	0.0011535	57.1410000324
1240.0	0.0011555	57.1870000362
1240.0	0.0011528	57.2339999676
1240.0	0.0011563	57.2660000324
1240.0	0.0011523	57.3120000362
1240.0	0.0011548	57.3589999676
1240.0	0.0011528	57.3910000324
1240.0	0.001156	57.4370000362
1240.0	0.0011535	57.4839999676
1240.0	0.0011553	57.5160000324
1240.0	0.001156	57.5620000362
1240.0	0.0011518	57.6089999676
1250.0	0.0011535	57.875
1250.0	0.0011538	57.9219999313
1250.0	0.0011548	57.9690001011
1250.0	0.0011528	58.0
1250.0	0.0011523	58.0469999313
1250.0	0.0011548	58.0940001011
1250.0	0.001156	58.125
1250.0	0.0011515	58.1719999313
1250.0	0.0011563	58.2190001011
1250.0	0.0011525	58.25
1250.0	0.0011535	58.2969999313
1250.0	0.0011555	58.3280000687
1250.0	0.0011528	58.375
1250.0	0.001156	58.4219999313
1250.0	0.001156	58.4530000687
1250.0	0.0011523	58.5
1250.0	0.0011553	58.5469999313
1250.0	0.0011565	58.5780000687
1250.0	0.0011518	58.625
1250.0	0.001156	58.6559998989
1250.0	0.0011565	58.7030000687
1250.0	0.0011518	58.75
1250.0	0.0011553	58.7809998989
1250.0	0.0011565	58.8280000687
1260.0	0.001153	59.0940001011
1260.0	0.0011548	59.1410000324
1260.0	0.0011568	59.1870000362
1260.0	0.0011563	59.2190001011
1260.0	0.001154	59.2660000324
1260.0	0.001155	59.2969999313
1260.0	0.001155	59.3440001011
1260.0	0.0011565	59.3910000324
1260.0	0.0011523	59.4219999313
1260.0	0.001156	59.4690001011
1260.0	0.001155	59.5160000324
1260.0	0.0011535	59.5469999313
1260.0	0.0011555	59.5940001011
1260.0	0.001155	59.625
1260.0	0.0011563	59.6719999313
1260.0	0.001155	59.7190001011
1260.0	0.001156	59.75
1260.0	0.0011523	59.7969999313
1260.0	0.0011563	59.8440001011
1260.0	0.0011523	59.8910000324
1260.0	0.0011565	59.9219999313
1260.0	0.0011555	59.9690001011
1260.0	0.0011553	60.0
1260.0	0.0011535	60.0469999313
1260.0	0.001155	60.0940001011
1270.0	0.0011563	60.3589999676
1270.0	0.0011565	60.3910000324
1270.0	0.001156	60.4370000362
1270.0	0.0011525	60.4839999676
1270.0	0.0011523	60.5160000324
1270.0	0.001156	60.5620000362
1270.0	0.0011568	60.6089999676
1270.0	0.0011528	60.6410000324
1270.0	0.0011553	60.6870000362
1270.0	0.0011563	60.7190001011
1270.0	0.0011565	60.7660000324
1270.0	0.001153	60.8120000362
1270.0	0.0011565	60.8589999676
1270.0	0.0011538	60.8910000324
1270.0	0.0011555	60.9370000362
1270.0	0.0011538	60.9690001011
1270.0	0.0011528	61.0160000324
1270.0	0.0011565	61.0620000362
1270.0	0.0011553	61.0940001011
1270.0	0.001156	61.1410000324
1270.0	0.0011523	61.1870000362
1270.0	0.0011563	61.2190001011
1270.0	0.0011553	61.2660000324
1270.0	0.0011553	61.2969999313
1280.0	0.001154	61.5780000687
1280.0	0.0011565	61.6089999676
1280.0	0.0011565	61.6559998989
1280.0	0.0011528	61.6870000362
1280.0	0.001154	61.7339999676
1280.0	0.0011555	61.7809998989
1280.0	0.0011573	61.8120000362
1280.0	0.001154	61.8589999676
1280.0	0.0011548	61.9059998989
1280.0	0.0011563	61.9530000687
1280.0	0.0011553	61.9839999676
1280.0	0.0011565	62.0309998989
1280.0	0.001154	62.0620000362
1280.0	0.0011535	62.1089999676
1280.0	0.0011563	62.1559998989
1280.0	0.0011543	62.1870000362
1280.0	0.001154	62.2339999676
1280.0	0.0011523	62.2660000324
1280.0	0.0011538	62.3120000362
1280.0	0.001155	62.3589999676
1280.0	0.0011543	62.3910000324
1280.0	0.001154	62.4370000362
1280.0	0.0011538	62.4839999676
1280.0	0.0011573	62.5160000324
1280.0	0.001156	62.5620000362
1290.0	0.0011548	62.8280000687
1290.0	0.0011563	62.875
1290.0	0.0011565	62.9059998989
1290.0	0.0011568	62.9530000687
1290.0	0.0011565	63.0
1290.0	0.0011538	63.0309998989
1290.0	0.0011565	63.0780000687
1290.0	0.0011553	63.1089999676
1290.0	0.0011553	63.1559998989
1290.0	0.001155	63.2030000687
1290.0	0.001156	63.2339999676
1290.0	0.0011553	63.2809998989
1290.0	0.0011555	63.3280000687
1290.0	0.0011565	63.3589999676
1290.0	0.0011528	63.4059998989
1290.0	0.0011538	63.4370000362
1290.0	0.0011565	63.4839999676
1290.0	0.0011553	63.5309998989
1290.0	0.0011553	63.5620000362
1290.0	0.001153	63.6089999676
1290.0	0.001153	63.6559998989
1290.0	0.0011553	63.6870000362
1290.0	0.0011565	63.7339999676
1290.0	0.0011548	63.7809998989
1300.0	0.0011573	64.0469999313
1300.0	0.0011528	64.0780000687
1300.0	0.0011553	64.125
1300.0	0.001156	64.1559998989
1300.0	0.0011548	64.2030000687
1300.0	0.001153	64.25
1300.0	0.0011528	64.2809998989
1300.0	0.001155	64.3280000687
1300.0	0.0011573	64.375
1300.0	0.0011553	64.4059998989
1300.0	0.0011525	64.4530000687
1300.0	0.0011538	64.5
1300.0	0.001156	64.5309998989
1300.0	0.001156	64.5780000687
1300.0	0.001154	64.6089999676
1300.0	0.0011538	64.6559998989
1300.0	0.0011573	64.7030000687
1300.0	0.001156	64.7339999676
1300.0	0.0011538	64.7809998989
1300.0	0.001153	64.8280000687
1300.0	0.001156	64.8589999676
1300.0	0.0011563	64.9059998989
1300.0	0.001156	64.9370000362
1300.0	0.001156	64.9839999676
1300.0	0.0011525	65.0309998989
1310.0	0.001153	65.2809998989
1310.0	0.0011553	65.3280000687
1310.0	0.0011528	65.375
1310.0	0.0011535	65.4059998989
1310.0	0.0011555	65.4530000687
1310.0	0.0011555	65.5
1310.0	0.0011555	65.5309998989
1310.0	0.0011568	65.5780000687
1310.0	0.0011528	65.625
1310.0	0.0011553	65.6559998989
1310.0	0.0011555	65.7030000687
1310.0	0.001153	65.7339999676
1310.0	0.001155	65.7809998989
1310.0	0.0011565	65.8280000687
1310.0	0.0011553	65.8589999676
1310.0	0.0011565	65.9059998989
1310.0	0.0011525	65.9530000687
1310.0	0.0011565	65.9839999676
1310.0	0.0011565	66.0309998989
1310.0	0.0011553	66.0620000362
1310.0	0.0011525	66.1089999676
1310.0	0.0011528	66.1559998989
1310.0	0.001153	66.1870000362
1310.0	0.0011553	66.2339999676
1310.0	0.001156	66.2809998989
1320.0	0.001156	66.5309998989
1320.0	0.001156	66.5780000687
1320.0	0.0011575	66.625
1320.0	0.0011523	66.6559998989
1320.0	0.001156	66.7030000687
1320.0	0.0011565	66.75
1320.0	0.0011553	66.7809998989
1320.0	0.0011553	66.8280000687
1320.0	0.0011525	66.8589999676
1320.0	0.0011535	66.9059998989
1320.0	0.001156	66.9530000687
1320.0	0.0011568	66.9839999676
1320.0	0.0011535	67.0309998989
1320.0	0.0011563	67.0780000687
1320.0	0.0011573	67.1089999676
1320.0	0.0011575	67.1559998989
1320.0	0.0011555	67.2030000687
1320.0	0.0011573	67.2339999676
1320.0	0.001154	67.2809998989
1320.0	0.0011548	67.3280000687
1320.0	0.0011578	67.3589999676
1320.0	0.001158	67.4059998989
1320.0	0.0011568	67.4530000687
1320.0	0.0011578	67.4839999676
1320.0	0.0011548	67.5309998989
1330.0	0.0011553	67.7969999313
1330.0	0.0011575	67.8280000687
1330.0	0.001156	67.875
1330.0	0.0011585	67.9219999313
1330.0	0.0011598	67.9530000687
1330.0	0.0011598	68.0
1330.0	0.0011553	68.0469999313
1330.0	0.0011575	68.0780000687
1330.0	0.0011598	68.125
1330.0	0.0011585	68.1559998989
1330.0	0.0011573	68.2030000687
1330.0	0.0011565	68.25
1330.0	0.0011565	68.2809998989
1330.0	0.0011585	68.3280000687
1330.0	0.001159	68.375
1330.0	0.001159	68.4059998989
1330.0	0.0011563	68.4530000687
1330.0	0.0011588	68.4839999676
1330.0	0.0011593	68.5309998989
1330.0	0.001159	68.5780000687
1330.0	0.0011565	68.6089999676
1330.0	0.0011585	68.6559998989
1330.0	0.0011598	68.7030000687
1330.0	0.001159	68.7339999676
1330.0	0.0011555	68.7809998989
1340.0	0.0011588	69.0469999313
1340.0	0.0011603	69.0940001011
1340.0	0.001159	69.125
1340.0	0.001156	69.1719999313
1340.0	0.001156	69.2190001011
1340.0	0.00116	69.25
1340.0	0.0011585	69.2969999313
1340.0	0.0011585	69.3280000687
1340.0	0.001159	69.375
1340.0	0.0011585	69.4219999313
1340.0	0.0011598	69.4530000687
1340.0	0.001159	69.5
1340.0	0.0011593	69.5469999313
1340.0	0.001156	69.5780000687
1340.0	0.0011568	69.625
1340.0	0.0011598	69.6559998989
1340.0	0.001159	69.7030000687
1340.0	0.0011563	69.75
1340.0	0.001156	69.7809998989
1340.0	0.00116	69.8280000687
1340.0	0.0011593	69.875
1340.0	0.001161	69.9059998989
1340.0	0.001156	69.9530000687
1340.0	0.0011568	69.9839999676
1340.0	0.0011585	70.0309998989
1350.0	0.001159	70.2969999313
1350.0	0.0011568	70.3440001011
1350.0	0.0011585	70.375
1350.0	0.0011578	70.4219999313
1350.0	0.0011575	70.4530000687
1350.0	0.001156	70.5
1350.0	0.0011565	70.5469999313
1350.0	0.0011585	70.5780000687
1350.0	0.0011585	70.625
1350.0	0.0011585	70.6719999313
1350.0	0.0011568	70.7030000687
1350.0	0.0011585	70.75
1350.0	0.0011578	70.7809998989
1350.0	0.00116	70.8280000687
1350.0	0.0011555	70.875
1350.0	0.0011585	70.9059998989
1350.0	0.0011593	70.9530000687
1350.0	0.0011573	71.0
1350.0	0.0011585	71.0309998989
1350.0	0.001156	71.0780000687
1350.0	0.0011598	71.1089999676
1350.0	0.0011588	71.1559998989
1350.0	0.0011575	71.2030000687
1350.0	0.0011555	71.2339999676
1350.0	0.001156	71.2809998989
1360.0	0.001156	71.5469999313
1360.0	0.001158	71.5940001011
1360.0	0.0011588	71.625
1360.0	0.0011568	71.6719999313
1360.0	0.0011585	71.7190001011
1360.0	0.0011588	71.75
1360.0	0.0011573	71.7969999313
1360.0	0.0011563	71.8280000687
1360.0	0.0011565	71.875
1360.0	0.0011598	71.9219999313
1360.0	0.0011575	71.9530000687
1360.0	0.0011598	72.0
1360.0	0.0011555	72.0469999313
1360.0	0.0011565	72.0780000687
1360.0	0.0011578	72.125
1360.0	0.0011585	72.1719999313
1360.0	0.001156	72.2030000687
1360.0	0.0011563	72.25
1360.0	0.001159	72.2809998989
1360.0	0.0011585	72.3280000687
1360.0	0.0011585	72.375
1360.0	0.0011573	72.4059998989
1360.0	0.001156	72.4530000687
1360.0	0.0011598	72.5
1370.0	0.001158	72.75
1370.0	0.0011563	72.7969999313
1370.0	0.0011578	72.8440001011
1370.0	0.001158	72.875
1370.0	0.0011588	72.9219999313
1370.0	0.001156	72.9690001011
1370.0	0.0011598	73.0
1370.0	0.0011575	73.0469999313
1370.0	0.001159	73.0780000687
1370.0	0.0011555	73.125
1370.0	0.0011555	73.1719999313
1370.0	0.0011593	73.2030000687
1370.0	0.001159	73.25
1370.0	0.00116	73.2969999313
1370.0	0.001156	73.3280000687
1370.0	0.0011573	73.375
1370.0	0.0011593	73.4059998989
1370.0	0.001159	73.4530000687
1370.0	0.00116	73.5
1370.0	0.0011553	73.5309998989
1370.0	0.0011585	73.5780000687
1370.0	0.0011585	73.625
1370.0	0.0011575	73.6559998989
1370.0	0.0011555	73.7030000687
1370.0	0.0011573	73.7339999676
1380.0	0.001159	74.0
1380.0	0.0011555	74.0469999313
1380.0	0.0011575	74.0940001011
1380.0	0.0011585	74.125
1380.0	0.001158	74.1719999313
1380.0	0.0011588	74.2030000687
1380.0	0.0011568	74.25
1380.0	0.001159	74.2969999313
1380.0	0.0011598	74.3280000687
1380.0	0.0011588	74.375
1380.0	0.001156	74.4219999313
1380.0	0.001159	74.4530000687
1380.0	0.0011555	74.5
1380.0	0.0011598	74.5469999313
1380.0	0.0011585	74.5780000687
1380.0	0.0011593	74.625
1380.0	0.0011555	74.6719999313
1380.0	0.001156	74.7030000687
1380.0	0.001159	74.75
1380.0	0.0011585	74.7809998989
1380.0	0.0011585	74.8280000687
1380.0	0.001156	74.875
1380.0	0.0011593	74.9059998989
1380.0	0.001159	74.9530000687
1380.0	0.0011585	75.0
1390.0	0.0011585	75.25
1390.0	0.0011578	75.2969999313
1390.0	0.0011593	75.3440001011
1390.0	0.0011573	75.375
1390.0	0.001156	75.4219999313
1390.0	0.0011573	75.4690001011
1390.0	0.001158	75.5
1390.0	0.0011588	75.5469999313
1390.0	0.0011553	75.5780000687
1390.0	0.0011585	75.625
1390.0	0.001159	75.6719999313
1390.0	0.0011585	75.7030000687
1390.0	0.0011588	75.75
1390.0	0.0011553	75.7969999313
1390.0	0.001158	75.8280000687
1390.0	0.001159	75.875
1390.0	0.0011588	75.9219999313
1390.0	0.0011553	75.9530000687
1390.0	0.0011565	76.0
1390.0	0.0011578	76.0309998989
1390.0	0.0011585	76.0780000687
1390.0	0.001159	76.125
1390.0	0.0011543	76.1559998989
1390.0	0.0011553	76.2030000687
1390.0	0.0011568	76.25
1400.0	0.0011575	76.5160000324
1400.0	0.0011548	76.5469999313
1400.0	0.001155	76.5940001011
1400.0	0.0011568	76.625
1400.0	0.001158	76.6719999313
1400.0	0.0011568	76.7190001011
1400.0	0.001154	76.75
1400.0	0.0011563	76.7969999313
1400.0	0.0011575	76.8440001011
1400.0	0.0011555	76.875
1400.0	0.001154	76.9219999313
1400.0	0.0011573	76.9690001011
1400.0	0.0011578	77.0
1400.0	0.0011568	77.0469999313
1400.0	0.0011565	77.0780000687
1400.0	0.001154	77.125
1400.0	0.0011573	77.1719999313
1400.0	0.0011565	77.2030000687
1400.0	0.0011573	77.25
1400.0	0.0011565	77.2969999313
1400.0	0.001154	77.3280000687
1400.0	0.0011565	77.375
1400.0	0.0011565	77.4059998989
1400.0	0.0011578	77.4530000687
1400.0	0.0011538	77.5
1410.0	0.0011548	77.7660000324
1410.0	0.0011573	77.7969999313
1410.0	0.0011578	77.8440001011
1410.0	0.001154	77.8910000324
1410.0	0.001156	77.9219999313
1410.0	0.0011568	77.9690001011
1410.0	0.001158	78.0160000324
1410.0	0.0011565	78.0469999313
1410.0	0.001154	78.0940001011
1410.0	0.0011578	78.125
1410.0	0.001158	78.1719999313
1410.0	0.0011578	78.2190001011
1410.0	0.0011548	78.25
1410.0	0.001154	78.2969999313
1410.0	0.0011578	78.3440001011
1410.0	0.001158	78.375
1410.0	0.0011578	78.4219999313
1410.0	0.001154	78.4530000687
1410.0	0.001155	78.5
1410.0	0.0011565	78.5469999313
1410.0	0.0011568	78.5780000687
1410.0	0.0011575	78.625
1410.0	0.0011538	78.6719999313
1410.0	0.001158	78.7030000687
1410.0	0.0011565	78.75
1420.0	0.0011578	79.0160000324
1420.0	0.001156	79.0620000362
1420.0	0.0011575	79.0940001011
1420.0	0.0011565	79.1410000324
1420.0	0.0011578	79.1719999313
1420.0	0.001155	79.2190001011
1420.0	0.001155	79.2660000324
1420.0	0.0011568	79.2969999313
1420.0	0.0011573	79.3440001011
1420.0	0.0011543	79.3910000324
1420.0	0.001153	79.4219999313
1420.0	0.001155	79.4690001011
1420.0	0.001156	79.5
1420.0	0.0011578	79.5469999313
1420.0	0.0011568	79.5940001011
1420.0	0.0011553	79.625
1420.0	0.0011565	79.6719999313
1420.0	0.0011593	79.7190001011
1420.0	0.0011613	79.75
1420.0	0.0011603	79.7969999313
1420.0	0.0011623	79.8440001011
1420.0	0.0011628	79.875
1420.0	0.0011635	79.9219999313
1420.0	0.001164	79.9530000687
1420.0	0.0011623	80.0
1430.0	0.0011628	80.2660000324
1430.0	0.0011665	80.3120000362
1430.0	0.0011648	80.3440001011
1430.0	0.0011628	80.3910000324
1430.0	0.0011643	80.4370000362
1430.0	0.0011665	80.4690001011
1430.0	0.0011673	80.5160000324
1430.0	0.0011665	80.5620000362
1430.0	0.001164	80.5940001011
1430.0	0.0011665	80.6410000324
1430.0	0.0011665	80.6719999313
1430.0	0.0011665	80.7190001011
1430.0	0.0011648	80.7660000324
1430.0	0.0011653	80.7969999313
1430.0	0.0011673	80.8440001011
1430.0	0.001169	80.8910000324
1430.0	0.0011665	80.9219999313
1430.0	0.0011643	80.9690001011
1430.0	0.0011665	81.0
1430.0	0.0011675	81.0469999313
1430.0	0.0011675	81.0940001011
1430.0	0.0011648	81.125
1430.0	0.001165	81.1719999313
1430.0	0.0011675	81.2190001011
1440.0	0.0011648	81.4690001011
1440.0	0.0011678	81.5160000324
1440.0	0.0011678	81.5620000362
1440.0	0.0011685	81.5940001011
1440.0	0.001169	81.6410000324
1440.0	0.0011648	81.6870000362
1440.0	0.0011653	81.7190001011
1440.0	0.0011675	81.7660000324
1440.0	0.0011685	81.7969999313
1440.0	0.0011678	81.8440001011
1440.0	0.0011653	81.8910000324
1440.0	0.0011685	81.9219999313
1440.0	0.0011685	81.9690001011
1440.0	0.0011685	82.0160000324
1440.0	0.0011648	82.0469999313
1440.0	0.0011653	82.0940001011
1440.0	0.0011678	82.125
1440.0	0.0011678	82.1719999313
1440.0	0.0011678	82.2190001011
1440.0	0.0011648	82.25
1440.0	0.0011665	82.2969999313
1440.0	0.0011673	82.3440001011
1440.0	0.0011673	82.375
1440.0	0.0011648	82.4219999313
1440.0	0.0011648	82.4530000687
1450.0	0.001166	82.7339999676
1450.0	0.0011688	82.7660000324
1450.0	0.0011678	82.8120000362
1450.0	0.0011653	82.8440001011
1450.0	0.001168	82.8910000324
1450.0	0.0011675	82.9370000362
1450.0	0.001169	82.9690001011
1450.0	0.0011648	83.0160000324
1450.0	0.0011673	83.0620000362
1450.0	0.001168	83.0940001011
1450.0	0.0011688	83.1410000324
1450.0	0.0011678	83.1719999313
1450.0	0.0011653	83.2190001011
1450.0	0.0011673	83.2660000324
1450.0	0.0011673	83.2969999313
1450.0	0.0011688	83.3440001011
1450.0	0.0011693	83.3910000324
1450.0	0.001165	83.4219999313
1450.0	0.0011678	83.4690001011
1450.0	0.0011693	83.5160000324
1450.0	0.001169	83.5469999313
1450.0	0.0011648	83.5940001011
1450.0	0.001166	83.625
1450.0	0.0011685	83.6719999313
1450.0	0.001169	83.7190001011
1460.0	0.0011693	83.9839999676
1460.0	0.0011665	84.0309998989
1460.0	0.001168	84.0620000362
1460.0	0.001168	84.1089999676
1460.0	0.001169	84.1559998989
1460.0	0.0011665	84.1870000362
1460.0	0.0011668	84.2339999676
1460.0	0.0011685	84.2660000324
1460.0	0.0011703	84.3120000362
1460.0	0.0011678	84.3589999676
1460.0	0.0011663	84.3910000324
1460.0	0.0011665	84.4370000362
1460.0	0.0011688	84.4839999676
1460.0	0.0011693	84.5160000324
1460.0	0.001168	84.5620000362
1460.0	0.001166	84.5940001011
1460.0	0.0011663	84.6410000324
1460.0	0.0011693	84.6870000362
1460.0	0.0011688	84.7190001011
1460.0	0.0011693	84.7660000324
1460.0	0.001166	84.8120000362
1460.0	0.0011685	84.8440001011
1460.0	0.0011698	84.8910000324
1460.0	0.0011673	84.9219999313
1470.0	0.0011653	85.2030000687
1470.0	0.0011663	85.2339999676
1470.0	0.001166	85.2809998989
1470.0	0.0011655	85.3120000362
1470.0	0.0011605	85.3589999676
1470.0	0.001163	85.4059998989
1470.0	0.001163	85.4370000362
1470.0	0.0011643	85.4839999676
1470.0	0.0011598	85.5309998989
1470.0	0.0011585	85.5780000687
1470.0	0.0011598	85.6089999676
1470.0	0.00116	85.6559998989
1470.0	0.0011598	85.6870000362
1470.0	0.0011598	85.7339999676
1470.0	0.0011563	85.7809998989
1470.0	0.0011598	85.8120000362
1470.0	0.0011588	85.8589999676
1470.0	0.0011588	85.8910000324
1470.0	0.0011543	85.9370000362
1470.0	0.0011538	85.9839999676
1470.0	0.0011553	86.0160000324
1470.0	0.0011568	86.0620000362
1470.0	0.0011573	86.1089999676
1470.0	0.001155	86.1410000324
1470.0	0.001155	86.1870000362
1480.0	0.0011515	86.4530000687
1480.0	0.001156	86.5
1480.0	0.0011535	86.5309998989
1480.0	0.0011528	86.5780000687
1480.0	0.0011553	86.625
1480.0	0.0011548	86.6559998989
1480.0	0.0011528	86.7030000687
1480.0	0.0011503	86.7339999676
1480.0	0.0011535	86.7809998989
1480.0	0.001154	86.8280000687
1480.0	0.001155	86.8589999676
1480.0	0.001153	86.9059998989
1480.0	0.0011515	86.9530000687
1480.0	0.001154	86.9839999676
1480.0	0.001154	87.0309998989
1480.0	0.0011528	87.0620000362
1480.0	0.0011505	87.1089999676
1480.0	0.0011535	87.1559998989
1480.0	0.0011543	87.1870000362
1480.0	0.001154	87.2339999676
1480.0	0.0011543	87.2809998989
1480.0	0.0011505	87.3120000362
1480.0	0.0011518	87.3589999676
1480.0	0.0011543	87.3910000324
1480.0	0.001154	87.4370000362
1490.0	0.0011553	87.7030000687
1490.0	0.001151	87.75
1490.0	0.001155	87.7969999313
1490.0	0.0011548	87.8280000687
1490.0	0.001153	87.875
1490.0	0.0011513	87.9219999313
1490.0	0.0011528	87.9530000687
1490.0	0.0011548	88.0
1490.0	0.0011563	88.0309998989
1490.0	0.0011548	88.0780000687
1490.0	0.0011525	88.125
1490.0	0.0011543	88.1559998989
1490.0	0.0011548	88.2030000687
1490.0	0.0011563	88.25
1490.0	0.001154	88.2809998989
1490.0	0.0011513	88.3280000687
1490.0	0.0011543	88.375
1490.0	0.0011555	88.4059998989
1490.0	0.0011515	88.4530000687
1490.0	0.0011563	88.5
1490.0	0.0011515	88.5309998989
1490.0	0.0011525	88.5780000687
1490.0	0.0011543	88.625
1490.0	0.0011563	88.6559998989
1490.0	0.0011555	88.7030000687
1500.0	0.001155	88.9690001011
1500.0	0.001156	89.0160000324
1500.0	0.0011555	89.0469999313
1500.0	0.0011555	89.0940001011
1500.0	0.0011525	89.1410000324
1500.0	0.0011523	89.1719999313
1500.0	0.001156	89.2190001011
1500.0	0.0011565	89.2660000324
1500.0	0.0011555	89.2969999313
1500.0	0.0011518	89.3440001011
1500.0	0.0011538	89.375
1500.0	0.001155	89.4219999313
1500.0	0.001155	89.4690001011
1500.0	0.0011523	89.5
1500.0	0.0011525	89.5469999313
1500.0	0.001156	89.5940001011
1500.0	0.001155	89.625
1500.0	0.0011553	89.6719999313
1500.0	0.0011528	89.7030000687
1500.0	0.0011553	89.75
1500.0	0.0011553	89.7969999313
1500.0	0.001156	89.8280000687
1500.0	0.0011548	89.875
1500.0	0.0011523	89.9219999313
1510.0	0.0011573	90.1870000362
1510.0	0.0011565	90.2339999676
1510.0	0.001156	90.2969999313
1510.0	0.001156	90.3440001011
1510.0	0.0011563	90.375
1510.0	0.0011553	90.4219999313
1510.0	0.0011553	90.4690001011
1510.0	0.001156	90.5
1510.0	0.001156	90.5469999313
1510.0	0.0011543	90.5780000687
1510.0	0.0011575	90.6410000324
1510.0	0.001153	90.6719999313
1510.0	0.0011553	90.7190001011
1510.0	0.0011563	90.75
1510.0	0.0011563	90.7969999313
1510.0	0.001156	90.8440001011
1510.0	0.0011528	90.875
1510.0	0.0011543	90.9219999313
1510.0	0.0011563	90.9690001011
1510.0	0.0011565	91.0
1510.0	0.0011528	91.0469999313
1510.0	0.001153	91.0780000687
1510.0	0.0011543	91.125
1510.0	0.0011565	91.1719999313
1520.0	0.001154	91.4370000362
1520.0	0.0011538	91.4839999676
1520.0	0.0011543	91.5160000324
1520.0	0.0011598	91.5620000362
1520.0	0.0011578	91.6089999676
1520.0	0.0011535	91.6410000324
1520.0	0.0011565	91.6870000362
1520.0	0.0011565	91.7339999676
1520.0	0.0011565	91.7660000324
1520.0	0.001156	91.8120000362
1520.0	0.0011553	91.8589999676
1520.0	0.001156	91.8910000324
1520.0	0.0011543	91.9370000362
1520.0	0.001156	91.9839999676
1520.0	0.0011565	92.0160000324
1520.0	0.0011553	92.0620000362
1520.0	0.001153	92.0940001011
1520.0	0.0011565	92.1410000324
1520.0	0.001154	92.1870000362
1520.0	0.001156	92.2339999676
1520.0	0.0011568	92.2660000324
1520.0	0.0011548	92.3120000362
1520.0	0.0011535	92.3440001011
1520.0	0.001155	92.3910000324
1520.0	0.0011565	92.4370000362
1530.0	0.001156	92.7030000687
1530.0	0.0011563	92.75
1530.0	0.0011535	92.7969999313
1530.0	0.0011555	92.8280000687
1530.0	0.0011565	92.875
1530.0	0.0011565	92.9059998989
1530.0	0.001155	92.9530000687
1530.0	0.0011535	93.0
1530.0	0.0011565	93.0309998989
1530.0	0.0011563	93.0780000687
1530.0	0.0011568	93.125
1530.0	0.0011535	93.1559998989
1530.0	0.0011563	93.2030000687
1530.0	0.0011565	93.25
1530.0	0.0011568	93.2809998989
1530.0	0.001156	93.3280000687
1530.0	0.0011538	93.3589999676
1530.0	0.0011573	93.4059998989
1530.0	0.0011563	93.4530000687
1530.0	0.0011575	93.4839999676
1530.0	0.0011573	93.5309998989
1530.0	0.001153	93.5780000687
1530.0	0.0011543	93.6089999676
1530.0	0.0011575	93.6559998989
1530.0	0.0011575	93.6870000362
1540.0	0.0011585	93.9690001011
1540.0	0.0011578	94.0160000324
1540.0	0.0011538	94.0620000362
1540.0	0.0011575	94.0940001011
1540.0	0.0011565	94.1410000324
1540.0	0.0011568	94.1719999313
1540.0	0.001156	94.2190001011
1540.0	0.0011535	94.2660000324
1540.0	0.0011548	94.2969999313
1540.0	0.0011573	94.3440001011
1540.0	0.0011573	94.3910000324
1540.0	0.0011538	94.4219999313
1540.0	0.001155	94.4690001011
1540.0	0.0011565	94.5
1540.0	0.0011565	94.5469999313
1540.0	0.0011563	94.5940001011
1540.0	0.0011535	94.625
1540.0	0.001156	94.6719999313
1540.0	0.0011563	94.7190001011
1540.0	0.0011573	94.75
1540.0	0.0011548	94.7969999313
1540.0	0.0011535	94.8280000687
1540.0	0.0011568	94.875
1540.0	0.0011563	94.9219999313
1550.0	0.001154	95.1870000362
1550.0	0.0011568	95.2339999676
1550.0	0.001154	95.2809998989
1550.0	0.0011575	95.3120000362
1550.0	0.0011573	95.3589999676
1550.0	0.0011568	95.3910000324
1550.0	0.0011563	95.4370000362
1550.0	0.0011538	95.4839999676
1550.0	0.0011565	95.5309998989
1550.0	0.001155	95.5620000362
1550.0	0.0011573	95.6089999676
1550.0	0.001155	95.6559998989
1550.0	0.001154	95.6870000362
1550.0	0.0011575	95.7339999676
1550.0	0.0011565	95.7660000324
1550.0	0.0011568	95.8120000362
1550.0	0.0011573	95.8589999676
1550.0	0.0011538	95.8910000324
1550.0	0.0011578	95.9370000362
1550.0	0.0011555	95.9839999676
1550.0	0.0011553	96.0160000324
1550.0	0.001156	96.0620000362
1550.0	0.0011538	96.0940001011
1550.0	0.0011575	96.1410000324
1550.0	0.0011578	96.1870000362
1560.0	0.0011575	96.4530000687
1560.0	0.001155	96.5
1560.0	0.001154	96.5469999313
1560.0	0.0011573	96.5780000687
1560.0	0.0011568	96.625
1560.0	0.0011575	96.6719999313
1560.0	0.001154	96.7030000687
1560.0	0.001154	96.75
1560.0	0.0011553	96.7809998989
1560.0	0.001158	96.8280000687
1560.0	0.0011575	96.875
1560.0	0.001155	96.9059998989
1560.0	0.001156	96.9530000687
1560.0	0.0011575	97.0
1560.0	0.001158	97.0309998989
1560.0	0.0011555	97.0780000687
1560.0	0.0011543	97.1089999676
1560.0	0.0011578	97.1559998989
1560.0	0.0011573	97.2030000687
1560.0	0.0011573	97.2339999676
1560.0	0.0011543	97.2809998989
1560.0	0.0011555	97.3120000362
1560.0	0.0011553	97.3589999676
1560.0	0.0011575	97.4059998989
1560.0	0.0011568	97.4370000362
1570.0	0.0011578	97.7190001011
1570.0	0.0011548	97.7660000324
1570.0	0.001156	97.7969999313
1570.0	0.0011573	97.8440001011
1570.0	0.0011575	97.8910000324
1570.0	0.0011565	97.9219999313
1570.0	0.0011548	97.9690001011
1570.0	0.001156	98.0
1570.0	0.0011573	98.0469999313
1570.0	0.001158	98.0940001011
1570.0	0.0011568	98.125
1570.0	0.0011585	98.1719999313
1570.0	0.0011568	98.2190001011
1570.0	0.0011573	98.25
1570.0	0.0011573	98.2969999313
1570.0	0.001155	98.3440001011
1570.0	0.0011543	98.375
1570.0	0.0011555	98.4219999313
1570.0	0.0011573	98.4690001011
1570.0	0.0011578	98.5
1570.0	0.0011548	98.5469999313
1570.0	0.001154	98.5940001011
1570.0	0.0011578	98.625
1570.0	0.0011578	98.6719999313
1580.0	0.0011563	98.9370000362
1580.0	0.001156	98.9839999676
1580.0	0.0011548	99.0309998989
1580.0	0.0011568	99.0620000362
1580.0	0.0011578	99.1089999676
1580.0	0.0011585	99.1410000324
1580.0	0.0011588	99.1870000362
1580.0	0.0011555	99.2339999676
1580.0	0.0011575	99.2660000324
1580.0	0.0011573	99.3120000362
1580.0	0.001159	99.3589999676
1580.0	0.0011563	99.3910000324
1580.0	0.0011553	99.4370000362
1580.0	0.0011575	99.4839999676
1580.0	0.001158	99.5160000324
1580.0	0.0011568	99.5620000362
1580.0	0.0011555	99.5940001011
1580.0	0.0011565	99.6410000324
1580.0	0.0011578	99.6870000362
1580.0	0.0011588	99.7190001011
1580.0	0.001159	99.7660000324
1580.0	0.001155	99.8120000362
1580.0	0.0011585	99.8440001011
1580.0	0.0011585	99.8910000324
1580.0	0.0011575	99.9219999313
1590.0	0.001158	100.203000069
1590.0	0.0011565	100.25
1590.0	0.0011585	100.280999899
1590.0	0.0011578	100.328000069
1590.0	0.0011588	100.375
1590.0	0.0011573	100.405999899
1590.0	0.0011553	100.453000069
1590.0	0.0011568	100.483999968
1590.0	0.0011585	100.530999899
1590.0	0.0011588	100.578000069
1590.0	0.0011553	100.608999968
1590.0	0.0011555	100.655999899
1590.0	0.0011585	100.703000069
1590.0	0.0011593	100.733999968
1590.0	0.0011593	100.780999899
1590.0	0.0011573	100.812000036
1590.0	0.0011588	100.858999968
1590.0	0.0011578	100.905999899
1590.0	0.001159	100.937000036
1590.0	0.0011573	100.983999968
1590.0	0.001156	101.030999899
1590.0	0.0011585	101.062000036
1590.0	0.0011585	101.108999968
1590.0	0.0011588	101.141000032
1600.0	0.0011575	101.421999931
1600.0	0.001156	101.469000101
1600.0	0.0011578	101.5
1600.0	0.0011588	101.546999931
1600.0	0.0011585	101.594000101
1600.0	0.0011573	101.625
1600.0	0.001156	101.671999931
1600.0	0.001159	101.719000101
1600.0	0.0011588	101.75
1600.0	0.0011598	101.796999931
1600.0	0.001158	101.828000069
1600.0	0.001156	101.875
1600.0	0.0011573	101.921999931
1600.0	0.0011598	101.953000069
1600.0	0.0011593	102.0
1600.0	0.0011563	102.046999931
1600.0	0.0011573	102.078000069
1600.0	0.001159	102.125
1600.0	0.0011603	102.155999899
1600.0	0.00116	102.203000069
1600.0	0.0011568	102.25
1600.0	0.0011575	102.280999899
1600.0	0.0011598	102.328000069
1600.0	0.0011605	102.375
1610.0	0.0011568	102.641000032
1610.0	0.0011615	102.687000036
1610.0	0.0011573	102.733999968
1610.0	0.0011573	102.766000032
1610.0	0.001159	102.812000036
1610.0	0.0011613	102.858999968
1610.0	0.0011598	102.891000032
1610.0	0.0011568	102.937000036
1610.0	0.0011598	102.983999968
1610.0	0.001159	103.016000032
1610.0	0.0011598	103.062000036
1610.0	0.0011598	103.108999968
1610.0	0.0011568	103.141000032
1610.0	0.0011575	103.187000036
1610.0	0.001159	103.233999968
1610.0	0.0011615	103.266000032
1610.0	0.0011593	103.312000036
1610.0	0.0011578	103.344000101
1610.0	0.001161	103.391000032
1610.0	0.0011603	103.437000036
1610.0	0.0011605	103.469000101
1610.0	0.0011605	103.516000032
1610.0	0.0011575	103.562000036
1610.0	0.0011603	103.594000101
1610.0	0.001161	103.641000032
1620.0	0.0011603	103.921999931
1620.0	0.0011598	103.969000101
1620.0	0.0011623	104.0
1620.0	0.0011613	104.046999931
1620.0	0.001159	104.078000069
1620.0	0.0011615	104.125
1620.0	0.001161	104.171999931
1620.0	0.0011615	104.203000069
1620.0	0.00116	104.25
1620.0	0.0011578	104.296999931
1620.0	0.0011613	104.328000069
1620.0	0.0011605	104.375
1620.0	0.0011615	104.421999931
1620.0	0.001158	104.453000069
1620.0	0.0011585	104.5
1620.0	0.0011605	104.530999899
1620.0	0.0011623	104.578000069
1620.0	0.001159	104.625
1620.0	0.001158	104.655999899
1620.0	0.001159	104.703000069
1620.0	0.0011638	104.75
1620.0	0.0011618	104.780999899
1620.0	0.0011625	104.828000069
1620.0	0.001161	104.875
1630.0	0.001161	105.155999899
1630.0	0.0011615	105.187000036
1630.0	0.0011585	105.233999968
1630.0	0.0011615	105.280999899
1630.0	0.001161	105.312000036
1630.0	0.0011628	105.358999968
1630.0	0.0011615	105.405999899
1630.0	0.0011588	105.437000036
1630.0	0.0011598	105.483999968
1630.0	0.001161	105.516000032
1630.0	0.0011623	105.562000036
1630.0	0.0011585	105.608999968
1630.0	0.001161	105.641000032
1630.0	0.0011603	105.687000036
1630.0	0.001163	105.733999968
1630.0	0.0011623	105.766000032
1630.0	0.001159	105.812000036
1630.0	0.0011605	105.844000101
1630.0	0.001161	105.891000032
1630.0	0.0011623	105.937000036
1630.0	0.0011613	105.969000101
1630.0	0.001161	106.016000032
1630.0	0.00116	106.062000036
1630.0	0.001161	106.094000101
1630.0	0.0011625	106.141000032
1640.0	0.001159	106.421999931
1640.0	0.0011628	106.469000101
1640.0	0.0011623	106.5
1640.0	0.0011598	106.546999931
1640.0	0.001161	106.594000101
1640.0	0.001161	106.625
1640.0	0.001161	106.671999931
1640.0	0.001161	106.703000069
1640.0	0.001159	106.75
1640.0	0.0011605	106.796999931
1640.0	0.001163	106.828000069
1640.0	0.0011623	106.875
1640.0	0.0011593	106.921999931
1640.0	0.0011598	106.953000069
1640.0	0.001161	107.0
1640.0	0.0011628	107.030999899
1640.0	0.0011605	107.078000069
1640.0	0.001159	107.125
1640.0	0.0011603	107.155999899
1640.0	0.0011618	107.203000069
1640.0	0.0011615	107.25
1640.0	0.0011623	107.280999899
1640.0	0.001161	107.328000069
1640.0	0.001161	107.375
1650.0	0.0011625	107.655999899
1650.0	0.0011623	107.687000036
1650.0	0.0011618	107.733999968
1650.0	0.0011615	107.766000032
1650.0	0.001161	107.812000036
1650.0	0.0011578	107.858999968
1650.0	0.0011615	107.905999899
1650.0	0.0011603	107.937000036
1650.0	0.0011615	107.983999968
1650.0	0.0011605	108.030999899
1650.0	0.0011568	108.062000036
1650.0	0.0011588	108.108999968
1650.0	0.0011593	108.141000032
1650.0	0.0011605	108.187000036
1650.0	0.0011588	108.233999968
1650.0	0.0011555	108.266000032
1650.0	0.0011565	108.312000036
1650.0	0.001158	108.358999968
1650.0	0.0011565	108.391000032
1650.0	0.0011573	108.437000036
1650.0	0.0011585	108.469000101
1650.0	0.0011565	108.516000032
1650.0	0.0011573	108.562000036
1650.0	0.001158	108.594000101
1650.0	0.001154	108.641000032
1660.0	0.0011563	108.921999931
1660.0	0.0011548	108.969000101
1660.0	0.0011573	109.0
1660.0	0.0011568	109.046999931
1660.0	0.0011555	109.094000101
1660.0	0.0011565	109.125
1660.0	0.0011525	109.171999931
1660.0	0.0011575	109.219000101
1660.0	0.0011553	109.25
1660.0	0.0011553	109.296999931
1660.0	0.001156	109.328000069
1660.0	0.0011523	109.375
1660.0	0.0011553	109.421999931
1660.0	0.001156	109.453000069
1660.0	0.001156	109.5
1660.0	0.0011518	109.546999931
1660.0	0.0011523	109.578000069
1660.0	0.0011563	109.625
1660.0	0.0011563	109.655999899
1660.0	0.0011563	109.703000069
1660.0	0.0011525	109.75
1660.0	0.0011518	109.780999899
1660.0	0.0011563	109.828000069
1660.0	0.0011565	109.875
1670.0	0.0011555	110.155999899
1670.0	0.001156	110.187000036
1670.0	0.0011548	110.233999968
1670.0	0.0011523	110.280999899
1670.0	0.0011528	110.312000036
1670.0	0.0011553	110.358999968
1670.0	0.0011573	110.391000032
1670.0	0.0011553	110.437000036
1670.0	0.0011525	110.483999968
1670.0	0.001155	110.516000032
1670.0	0.001155	110.562000036
1670.0	0.0011555	110.608999968
1670.0	0.0011523	110.641000032
1670.0	0.0011523	110.687000036
1670.0	0.0011553	110.733999968
1670.0	0.0011563	110.766000032
1670.0	0.0011548	110.812000036
1670.0	0.0011523	110.844000101
1670.0	0.0011535	110.891000032
1670.0	0.0011548	110.937000036
1670.0	0.0011555	110.969000101
1670.0	0.0011563	111.016000032
1670.0	0.0011543	111.062000036
1670.0	0.001154	111.094000101
1670.0	0.0011548	111.141000032
1680.0	0.0011555	111.421999931
1680.0	0.0011525	111.469000101
1680.0	0.0011553	111.5
1680.0	0.0011565	111.546999931
1680.0	0.0011548	111.594000101
1680.0	0.001153	111.625
1680.0	0.001155	111.671999931
1680.0	0.001156	111.719000101
1680.0	0.0011565	111.75
1680.0	0.001154	111.796999931
1680.0	0.0011525	111.844000101
1680.0	0.0011565	111.875
1680.0	0.0011565	111.921999931
1680.0	0.001156	111.953000069
1680.0	0.0011535	112.0
1680.0	0.0011563	112.046999931
1680.0	0.0011555	112.078000069
1680.0	0.0011573	112.125
1680.0	0.0011535	112.171999931
1680.0	0.0011535	112.203000069
1680.0	0.001155	112.25
1680.0	0.001156	112.280999899
1680.0	0.0011573	112.328000069
1680.0	0.0011538	112.375
1690.0	0.0011548	112.655999899
1690.0	0.001155	112.703000069
1690.0	0.0011565	112.75
1690.0	0.001156	112.780999899
1690.0	0.001153	112.828000069
1690.0	0.001156	112.875
1690.0	0.0011563	112.905999899
1690.0	0.0011553	112.953000069
1690.0	0.0011548	113.0
1690.0	0.001153	113.030999899
1690.0	0.001154	113.078000069
1690.0	0.0011573	113.125
1690.0	0.0011553	113.155999899
1690.0	0.0011565	113.203000069
1690.0	0.001155	113.25
1690.0	0.001154	113.280999899
1690.0	0.0011568	113.328000069
1690.0	0.0011553	113.375
1690.0	0.001156	113.405999899
1690.0	0.0011548	113.453000069
1690.0	0.0011528	113.483999968
1690.0	0.0011553	113.530999899
1690.0	0.0011565	113.578000069
1690.0	0.0011563	113.608999968
1690.0	0.0011528	113.655999899
1700.0	0.0011535	113.937000036
1700.0	0.0011543	113.983999968
1700.0	0.001155	114.030999899
1700.0	0.0011528	114.062000036
1700.0	0.0011568	114.108999968
1700.0	0.0011573	114.141000032
1700.0	0.0011563	114.187000036
1700.0	0.0011528	114.233999968
1700.0	0.0011573	114.266000032
1700.0	0.0011565	114.312000036
1700.0	0.0011563	114.358999968
1700.0	0.0011553	114.391000032
1700.0	0.0011538	114.437000036
1700.0	0.0011565	114.469000101
1700.0	0.0011555	114.516000032
1700.0	0.0011575	114.562000036
1700.0	0.0011543	114.594000101
1700.0	0.0011528	114.641000032
1700.0	0.0011568	114.687000036
1700.0	0.0011565	114.719000101
1700.0	0.001156	114.766000032
1700.0	0.0011528	114.812000036
1700.0	0.001154	114.844000101
1700.0	0.0011543	114.891000032
1700.0	0.001156	114.921999931
1710.0	0.0011573	115.219000101
1710.0	0.0011578	115.266000032
1710.0	0.0011555	115.296999931
1710.0	0.0011565	115.344000101
1710.0	0.0011543	115.391000032
1710.0	0.0011528	115.421999931
1710.0	0.0011568	115.469000101
1710.0	0.001156	115.516000032
1710.0	0.001154	115.546999931
1710.0	0.0011565	115.594000101
1710.0	0.0011538	115.641000032
1710.0	0.0011535	115.687000036
1710.0	0.0011553	115.719000101
1710.0	0.001156	115.766000032
1710.0	0.001156	115.796999931
1710.0	0.001156	115.844000101
1710.0	0.0011528	115.891000032
1710.0	0.0011563	115.921999931
1710.0	0.001155	115.969000101
1710.0	0.0011568	116.016000032
1710.0	0.001155	116.046999931
1710.0	0.0011535	116.094000101
1710.0	0.0011563	116.141000032
1710.0	0.001156	116.171999931
1720.0	0.0011568	116.469000101
1720.0	0.0011528	116.5
1720.0	0.0011575	116.546999931
1720.0	0.0011553	116.594000101
1720.0	0.001156	116.625
1720.0	0.001155	116.671999931
1720.0	0.0011528	116.719000101
1720.0	0.0011575	116.75
1720.0	0.001156	116.796999931
1720.0	0.001154	116.844000101
1720.0	0.001155	116.875
1720.0	0.0011538	116.921999931
1720.0	0.001155	116.969000101
1720.0	0.0011553	117.0
1720.0	0.0011575	117.046999931
1720.0	0.0011538	117.078000069
1720.0	0.001153	117.125
1720.0	0.0011553	117.171999931
1720.0	0.0011578	117.203000069
1720.0	0.001155	117.25
1720.0	0.0011535	117.296999931
1720.0	0.0011563	117.328000069
1720.0	0.0011563	117.375
1720.0	0.0011565	117.405999899
1720.0	0.001155	117.453000069
1730.0	0.0011568	117.75
1730.0	0.001156	117.780999899
1730.0	0.0011553	117.828000069
1730.0	0.001155	117.875
1730.0	0.001153	117.905999899
1730.0	0.0011563	117.953000069
1730.0	0.0011563	118.0
1730.0	0.001156	118.030999899
1730.0	0.001155	118.078000069
1730.0	0.001153	118.108999968
1730.0	0.0011555	118.155999899
1730.0	0.0011555	118.203000069
1730.0	0.0011563	118.233999968
1730.0	0.0011535	118.280999899
1730.0	0.001156	118.328000069
1730.0	0.001156	118.358999968
1730.0	0.0011575	118.405999899
1730.0	0.0011563	118.437000036
1730.0	0.0011535	118.483999968
1730.0	0.0011573	118.530999899
1730.0	0.002312	118.562000036
1730.0	0.002316	118.608999968
1730.0	0.0023135	118.655999899
1730.0	0.0023125	118.687000036
1730.0	0.0023155	118.733999968
1740.0	0.0023175	119.016000032
1740.0	0.002322	119.062000036
1740.0	0.002317	119.108999968
1740.0	0.0023225	119.141000032
1740.0	0.0023205	119.187000036
1740.0	0.002325	119.233999968
1740.0	0.002318	119.266000032
1740.0	0.0023225	119.312000036
1740.0	0.0023225	119.344000101
1740.0	0.005798	119.391000032
1740.0	0.005811	119.437000036
1740.0	0.005792	119.469000101
1740.0	0.005811	119.516000032
1740.0	0.005808	119.562000036
1740.0	0.005818	119.594000101
1740.0	0.005812	119.641000032
1740.0	0.005798	119.687000036
1740.0	0.005801	119.719000101
1740.0	0.005808	119.766000032
1740.0	0.00582	119.796999931
1740.0	0.005798	119.844000101
1740.0	0.005811	119.891000032
1740.0	0.005812	119.921999931
1740.0	0.005823	119.969000101
1740.0	0.00582	120.016000032
1750.0	0.01163	120.296999931
1750.0	0.01161	120.344000101
1750.0	0.011638	120.391000032
1750.0	0.01166	120.421999931
1750.0	0.011615	120.469000101
1750.0	0.011605	120.516000032
1750.0	0.011615	120.546999931
1750.0	0.011635	120.594000101
1750.0	0.011643	120.641000032
1750.0	0.011635	120.671999931
1750.0	0.011628	120.719000101
1750.0	0.01164	120.75
1750.0	0.011665	120.796999931
1750.0	0.01166	120.844000101
1750.0	0.011615	120.891000032
1750.0	0.011603	120.921999931
1750.0	0.011635	120.969000101
1750.0	0.011613	121.0
1750.0	0.011643	121.046999931
1750.0	0.011625	121.094000101
1750.0	0.011603	121.125
1750.0	0.011615	121.171999931
1750.0	0.011628	121.219000101
1750.0	0.01164	121.25
1750.0	0.01161	121.296999931
1760.0	0.01165	121.594000101
1760.0	0.011653	121.641000032
1760.0	0.011663	121.671999931
1760.0	0.011653	121.719000101
1760.0	0.011678	121.766000032
1760.0	0.01165	121.796999931
1760.0	0.011663	121.844000101
1760.0	0.011653	121.875
1760.0	0.011675	121.921999931
1760.0	0.011653	121.969000101
1760.0	0.011628	122.0
1760.0	0.01166	122.046999931
1760.0	0.011653	122.094000101
1760.0	0.011668	122.125
1760.0	0.01164	122.171999931
1760.0	0.011635	122.203000069
1760.0	0.011663	122.25
1760.0	0.011663	122.296999931
1760.0	0.011655	122.328000069
1760.0	0.01166	122.375
1760.0	0.011628	122.421999931
1760.0	0.01165	122.453000069
1760.0	0.011665	122.5
1760.0	0.011653	122.546999931
1770.0	0.011628	122.844000101
1770.0	0.011675	122.891000032
1770.0	0.01163	122.921999931
1770.0	0.011663	122.969000101
1770.0	0.01166	123.0
1770.0	0.011663	123.046999931
1770.0	0.011625	123.094000101
1770.0	0.011628	123.125
1770.0	0.01166	123.171999931
1770.0	0.011653	123.219000101
1770.0	0.011668	123.25
1770.0	0.011655	123.296999931
1770.0	0.011653	123.344000101
1770.0	0.011653	123.375
1770.0	0.011675	123.421999931
1770.0	0.01163	123.453000069
1770.0	0.011638	123.5
1770.0	0.011655	123.546999931
1770.0	0.011675	123.594000101
1770.0	0.011653	123.625
1770.0	0.011648	123.671999931
1770.0	0.011643	123.703000069
1770.0	0.011653	123.75
1770.0	0.01165	123.796999931
1780.0	0.011673	124.094000101
1780.0	0.011653	124.141000032
1780.0	0.011653	124.171999931
1780.0	0.011635	124.219000101
1780.0	0.011623	124.266000032
1780.0	0.01165	124.296999931
1780.0	0.011655	124.344000101
1780.0	0.011665	124.391000032
1780.0	0.011628	124.421999931
1780.0	0.011623	124.469000101
1780.0	0.01164	124.5
1780.0	0.011643	124.546999931
1780.0	0.01165	124.594000101
1780.0	0.011623	124.625
1780.0	0.011663	124.671999931
1780.0	0.01166	124.719000101
1780.0	0.011648	124.75
1780.0	0.011643	124.796999931
1780.0	0.011623	124.828000069
1780.0	0.011653	124.875
1780.0	0.011653	124.921999931
1780.0	0.01166	124.953000069
1780.0	0.011635	125.0
1780.0	0.011615	125.046999931
1790.0	0.023325	125.344000101
1790.0	0.02326	125.391000032
1790.0	0.023305	125.421999931
1790.0	0.023325	125.469000101
1790.0	0.0233	125.516000032
1790.0	0.023285	125.546999931
1790.0	0.02328	125.594000101
1790.0	0.023335	125.625
1790.0	0.02333	125.671999931
1790.0	0.023335	125.719000101
1790.0	0.02326	125.75
1790.0	0.023335	125.796999931
1790.0	0.0233	125.844000101
1790.0	0.023345	125.875
1790.0	0.0233	125.921999931
1790.0	0.023255	125.953000069
1790.0	0.02333	126.0
1790.0	0.02333	126.046999931
1790.0	0.023345	126.078000069
1790.0	0.0233	126.125
1790.0	0.02328	126.171999931
1790.0	0.02332	126.203000069
1790.0	0.023345	126.25
1790.0	0.02327	126.296999931
1800.0	0.02333	126.594000101
1800.0	0.023255	126.625
1800.0	0.023255	126.671999931
1800.0	0.02332	126.719000101
1800.0	0.023335	126.75
1800.0	0.02327	126.796999931
1800.0	0.02326	126.828000069
1800.0	0.02332	126.875
1800.0	0.023335	126.921999931
1800.0	0.023345	126.953000069
1800.0	0.02332	127.0
1800.0	0.023275	127.046999931
1800.0	0.023335	127.078000069
1800.0	0.02333	127.125
1800.0	0.02328	127.155999899
1800.0	0.023305	127.203000069
1800.0	0.02333	127.25
1800.0	0.023325	127.280999899
1800.0	0.02335	127.328000069
1800.0	0.0233	127.375
1800.0	0.02327	127.405999899
1800.0	0.05825	127.453000069
1800.0	0.05833	127.5
1800.0	0.05832	127.530999899
1800.0	0.05823	127.578000069
