Your edit line - do NOT delete this line
Wavelength [nm], Voltage [V], Elapsed time [s]
800.0	0.000176	16.084097147
800.0	0.000173	16.1294751167
800.0	0.000171	16.1700792313
800.0	0.000169	16.2151350975
800.0	0.0001675	16.2564380169
800.0	0.0001655	16.2977290154
800.0	0.0001635	16.3386650085
800.0	0.0001625	16.3796420097
800.0	0.000161	16.4205901623
800.0	0.00016	16.4618811607
800.0	0.0001585	16.5028891563
800.0	0.0001575	16.543806076
800.0	0.0001565	16.5851271152
800.0	0.000156	16.6264200211
800.0	0.0001555	16.6670300961
800.0	0.0001555	16.7079980373
800.0	0.000155	16.7492461205
800.0	0.000155	16.7898840904
800.0	0.0001535	16.8313031197
800.0	0.0001535	16.872243166
800.0	0.000155	16.9137511253
800.0	0.0001535	16.9547741413
800.0	0.0001535	16.9958291054
800.0	0.0001535	17.0367751122
800.0	0.0001535	17.0777521133
810.0	0.000155	17.4310100079
810.0	0.000156	17.4718391895
810.0	0.0001565	17.5131402016
810.0	0.0001565	17.5540981293
810.0	0.0001575	17.5952320099
810.0	0.000158	17.6359980106
810.0	0.0001585	17.6774251461
810.0	0.000159	17.7190461159
810.0	0.00016	17.7596900463
810.0	0.00016	17.8008542061
810.0	0.0001605	17.8419589996
810.0	0.000161	17.8825600147
810.0	0.000161	17.9238831997
810.0	0.0001615	17.965182066
810.0	0.0001615	18.0061252117
810.0	0.0001615	18.0474231243
810.0	0.0001615	18.0887060165
810.0	0.0001615	18.1296682358
810.0	0.0001625	18.1743850708
810.0	0.0001625	18.2153060436
810.0	0.0001625	18.2566301823
810.0	0.000163	18.2979221344
810.0	0.000163	18.3389232159
810.0	0.0001635	18.3798801899
810.0	0.000163	18.4206910133
820.0	0.000166	18.7658560276
820.0	0.0001665	18.8070991039
820.0	0.000168	18.8481910229
820.0	0.000169	18.889124155
820.0	0.0001705	18.9304180145
820.0	0.0001705	18.9713630676
820.0	0.0001715	19.0123431683
820.0	0.0001725	19.053276062
820.0	0.0001735	19.0945892334
820.0	0.0001735	19.1355030537
820.0	0.000174	19.1764540672
820.0	0.000175	19.2177810669
820.0	0.000175	19.2587211132
820.0	0.0001755	19.2996320724
820.0	0.0001755	19.341337204
820.0	0.0001755	19.3826482296
820.0	0.0001755	19.4234890938
820.0	0.000176	19.464192152
820.0	0.0001755	19.5054101944
820.0	0.000175	19.5463860035
820.0	0.000175	19.587305069
820.0	0.0001755	19.6282742023
820.0	0.0001755	19.6695251465
820.0	0.000176	19.7115340233
820.0	0.000176	19.7518351078
830.0	0.00018	20.0886712074
830.0	0.000181	20.1297740936
830.0	0.0001825	20.1703960896
830.0	0.000184	20.2116820812
830.0	0.0001855	20.2530241013
830.0	0.000186	20.2935881615
830.0	0.0001865	20.3345701694
830.0	0.000188	20.3758881092
830.0	0.000189	20.4168031216
830.0	0.00019	20.4580590725
830.0	0.0001905	20.5004470348
830.0	0.000191	20.5406880379
830.0	0.000191	20.58131814
830.0	0.0001915	20.6223180294
830.0	0.0001925	20.6635351181
830.0	0.0001925	20.7044751644
830.0	0.000193	20.7457880974
830.0	0.0001935	20.78672719
830.0	0.000194	20.8276691437
830.0	0.0001935	20.8689222336
830.0	0.000194	20.9095721245
830.0	0.000194	20.9511940479
830.0	0.0001935	20.9921901226
830.0	0.0001935	21.0328571796
830.0	0.000194	21.0745241642
840.0	0.000199	21.402547121
840.0	0.0002005	21.4441242218
840.0	0.0002015	21.4848182201
840.0	0.0002035	21.5260231495
840.0	0.000204	21.5670781136
840.0	0.000206	21.6080121994
840.0	0.0002075	21.6489892006
840.0	0.000209	21.6903100014
840.0	0.00021	21.7312500477
840.0	0.0002105	21.7725450993
840.0	0.000211	21.8148651123
840.0	0.0002125	21.8543450832
840.0	0.0002135	21.8954222202
840.0	0.000214	21.9373941422
840.0	0.000214	21.977628231
840.0	0.0002135	22.0186450481
840.0	0.0002135	22.059910059
840.0	0.000213	22.1007630825
840.0	0.0002135	22.1417160034
840.0	0.0002135	22.1830060482
840.0	0.000214	22.2242980003
840.0	0.000215	22.2649672031
840.0	0.000215	22.3065772057
840.0	0.000215	22.3471901417
840.0	0.0002155	22.3886120319
850.0	0.000221	22.712706089
850.0	0.0002235	22.7541320324
850.0	0.000225	22.7949960232
850.0	0.0002265	22.8359870911
850.0	0.000228	22.87738204
850.0	0.000229	22.9182271957
850.0	0.000231	22.9593372345
850.0	0.0002315	23.0006000996
850.0	0.0002335	23.0415160656
850.0	0.000234	23.0824642181
850.0	0.000235	23.1233761311
850.0	0.0002365	23.1643900871
850.0	0.000238	23.2056810856
850.0	0.0002375	23.2473671436
850.0	0.000238	23.2879400253
850.0	0.0002385	23.3288412094
850.0	0.0002385	23.3705980778
850.0	0.00024	23.41121912
850.0	0.00024	23.4521801472
850.0	0.0002405	23.4938120842
850.0	0.00024	23.5346601009
850.0	0.00024	23.5753822327
850.0	0.00024	23.6165881157
850.0	0.00024	23.6579561234
850.0	0.0002405	23.6989040375
860.0	0.000248	24.0149900913
860.0	0.0002505	24.0562782288
860.0	0.0002525	24.0971400738
860.0	0.000255	24.1381101608
860.0	0.0002565	24.1804900169
860.0	0.0002585	24.2204282284
860.0	0.0002605	24.261354208
860.0	0.0002625	24.3022940159
860.0	0.000264	24.3435540199
860.0	0.000266	24.3852090836
860.0	0.0002665	24.4258310795
860.0	0.0002675	24.4671292305
860.0	0.000268	24.5080502033
860.0	0.0002685	24.5489680767
860.0	0.000269	24.5900812149
860.0	0.000269	24.6305902004
860.0	0.0002705	24.6720030308
860.0	0.0002705	24.7129821777
860.0	0.000271	24.7541511059
860.0	0.000271	24.7957880497
860.0	0.0002725	24.8371050358
860.0	0.0002715	24.8774731159
860.0	0.0002725	24.9183280468
860.0	0.000273	24.9596450329
860.0	0.0002735	25.0010380745
870.0	0.000279	25.3170740604
870.0	0.0002825	25.3582820892
870.0	0.000285	25.3995881081
870.0	0.0002875	25.4399712086
870.0	0.00029	25.4816071987
870.0	0.0002915	25.5225560665
870.0	0.0002935	25.5635290146
870.0	0.0002955	25.6048240662
870.0	0.0002965	25.6454761028
870.0	0.000298	25.686342001
870.0	0.0003	25.7276701927
870.0	0.000301	25.7690041065
870.0	0.0003015	25.8099610806
870.0	0.000303	25.8505871296
870.0	0.0003035	25.8922080994
870.0	0.000305	25.9331820011
870.0	0.0003055	25.9743471146
870.0	0.000306	26.0157761574
870.0	0.000306	26.0566902161
870.0	0.0003075	26.0969820023
870.0	0.0003075	26.1386451721
870.0	0.000308	26.1795961857
870.0	0.000308	26.2202041149
870.0	0.0003075	26.2617690563
870.0	0.000308	26.3031280041
880.0	0.000316	26.6106100082
880.0	0.000319	26.6515460014
880.0	0.0003215	26.6932771206
880.0	0.000325	26.7338721752
880.0	0.000328	26.7752292156
880.0	0.0003305	26.8165071011
880.0	0.0003325	26.8574271202
880.0	0.000334	26.8987390995
880.0	0.0003365	26.9400582314
880.0	0.000338	26.9803202152
880.0	0.00034	27.0219800472
880.0	0.000341	27.0628340244
880.0	0.0003425	27.1034300327
880.0	0.0003425	27.1450960636
880.0	0.000343	27.1853711605
880.0	0.000344	27.2266550064
880.0	0.000345	27.2676360607
880.0	0.0003455	27.3089342117
880.0	0.000346	27.3502061367
880.0	0.0003455	27.3911240101
880.0	0.000345	27.4320731163
880.0	0.0003455	27.4737532139
880.0	0.0003455	27.5144982338
880.0	0.000346	27.5557510853
880.0	0.0003475	27.5977561474
890.0	0.000358	27.9005222321
890.0	0.000361	27.9413740635
890.0	0.000364	27.9826831818
890.0	0.0003675	28.0239861012
890.0	0.000371	28.0646371841
890.0	0.0003735	28.105546236
890.0	0.000376	28.1465461254
890.0	0.000378	28.1881361008
890.0	0.0003805	28.2290430069
890.0	0.0003825	28.2700111866
890.0	0.000384	28.3113510609
890.0	0.0003855	28.3526411057
890.0	0.0003865	28.3932540417
890.0	0.0003875	28.4342122078
890.0	0.000389	28.4752001762
890.0	0.00039	28.5172610283
890.0	0.000391	28.5574331284
890.0	0.0003915	28.5985000134
890.0	0.000393	28.6400191784
890.0	0.0003925	28.6807560921
890.0	0.0003925	28.7223980427
890.0	0.0003935	28.7626891136
890.0	0.000394	28.8038592339
890.0	0.000395	28.8452532291
890.0	0.000395	28.886218071
900.0	0.000404	29.1861422062
900.0	0.000408	29.2271142006
900.0	0.0004115	29.2680401802
900.0	0.000415	29.3093831539
900.0	0.000418	29.3503160477
900.0	0.0004205	29.3912680149
900.0	0.0004235	29.4325790405
900.0	0.000426	29.4734940529
900.0	0.000429	29.514840126
900.0	0.000431	29.555437088
900.0	0.000433	29.5971901417
900.0	0.000434	29.6381781101
900.0	0.0004355	29.6791391373
900.0	0.0004375	29.7204010487
900.0	0.0004385	29.7613761425
900.0	0.00044	29.8023211956
900.0	0.00044	29.842949152
900.0	0.0004405	29.8842561245
900.0	0.0004405	29.9252290726
900.0	0.000441	29.9663619995
900.0	0.0004405	30.0074641705
900.0	0.0004415	30.0484240055
900.0	0.000441	30.0893661976
900.0	0.0004415	30.1306622028
900.0	0.0004425	30.1719782352
910.0	0.0004535	30.471487999
910.0	0.000458	30.5129580498
910.0	0.0004625	30.5537381172
910.0	0.0004665	30.5952150822
910.0	0.0004685	30.6357851028
910.0	0.000473	30.6774551868
910.0	0.0004755	30.7177581787
910.0	0.0004785	30.7589991093
910.0	0.00048	30.8000061512
910.0	0.0004815	30.841296196
910.0	0.000483	30.8821780682
910.0	0.000485	30.9235200882
910.0	0.0004865	30.9644930363
910.0	0.000488	31.0061531067
910.0	0.000489	31.0464251041
910.0	0.00049	31.0875790119
910.0	0.00049	31.1285400391
910.0	0.000491	31.1698510647
910.0	0.0004925	31.2107980251
910.0	0.0004925	31.2517790794
910.0	0.0004935	31.2930710316
910.0	0.0004935	31.3342041969
910.0	0.000494	31.3754341602
910.0	0.000494	31.4160740376
910.0	0.0004935	31.4577322006
920.0	0.000505	31.7528481483
920.0	0.000509	31.7937672138
920.0	0.000513	31.8352301121
920.0	0.000516	31.8764350414
920.0	0.0005185	31.9176950455
920.0	0.000523	31.9582521915
920.0	0.0005255	31.999382019
920.0	0.0005285	32.0403330326
920.0	0.000531	32.0816280842
920.0	0.000533	32.1227941513
920.0	0.000535	32.1635510921
920.0	0.000536	32.2048070431
920.0	0.000539	32.2457630634
920.0	0.0005405	32.2866551876
920.0	0.000541	32.3280720711
920.0	0.0005415	32.3693900108
920.0	0.000543	32.4103150368
920.0	0.0005435	32.4515240192
920.0	0.000545	32.4921221733
920.0	0.0005455	32.5332050323
920.0	0.000546	32.5748221874
920.0	0.000546	32.6157951355
920.0	0.0005475	32.6563980579
920.0	0.000548	32.6980040073
920.0	0.000548	32.7385962009
930.0	0.0005575	33.0303621292
930.0	0.0005605	33.0713992119
930.0	0.000565	33.1123380661
930.0	0.0005685	33.1535670757
930.0	0.0005725	33.1946220398
930.0	0.0005755	33.2355082035
930.0	0.000578	33.2768330574
930.0	0.0005805	33.3182229996
930.0	0.0005835	33.3590581417
930.0	0.0005855	33.4001290798
930.0	0.000588	33.4411180019
930.0	0.000589	33.482060194
930.0	0.00059	33.5236880779
930.0	0.000591	33.563983202
930.0	0.000593	33.6058731079
930.0	0.000594	33.6462500095
930.0	0.000596	33.687484026
930.0	0.0005965	33.7283501625
930.0	0.000598	33.7694151402
930.0	0.0005975	33.8110630512
930.0	0.000598	33.8520340919
930.0	0.0005985	33.8929851055
930.0	0.0005975	33.9338901043
930.0	0.0005975	33.9748721123
930.0	0.000598	34.016215086
940.0	0.00061	34.3034741879
940.0	0.000613	34.344422102
940.0	0.000616	34.3861460686
940.0	0.0006185	34.4266850948
940.0	0.000623	34.4679532051
940.0	0.0006265	34.5090820789
940.0	0.0006305	34.5498690605
940.0	0.0006325	34.5911951065
940.0	0.000634	34.6325051785
940.0	0.0006355	34.6731171608
940.0	0.0006385	34.71483922
940.0	0.00064	34.7557191849
940.0	0.0006425	34.7963261604
940.0	0.000643	34.8377170563
940.0	0.000644	34.8787331581
940.0	0.000646	34.919683218
940.0	0.000648	34.9609971046
940.0	0.0006485	35.0019500256
940.0	0.000649	35.0428471565
940.0	0.000649	35.0841960907
940.0	0.000649	35.1254141331
940.0	0.0006485	35.1664161682
940.0	0.000649	35.2077510357
940.0	0.000651	35.2479901314
940.0	0.000651	35.2892780304
950.0	0.0006635	35.5770192146
950.0	0.0006675	35.6180040836
950.0	0.0006715	35.6589782238
950.0	0.0006755	35.6999270916
950.0	0.00068	35.7412071228
950.0	0.000683	35.782531023
950.0	0.0006865	35.8233270645
950.0	0.000689	35.8644330502
950.0	0.0006905	35.9056510925
950.0	0.0006925	35.9466011524
950.0	0.0006935	35.9878520966
950.0	0.000695	36.028799057
950.0	0.0006965	36.0697851181
950.0	0.000698	36.1110501289
950.0	0.000699	36.1517441273
950.0	0.0007	36.192617178
950.0	0.0007005	36.2335820198
950.0	0.0007025	36.274916172
950.0	0.000703	36.3158650398
950.0	0.0007035	36.3575332165
950.0	0.0007035	36.3988921642
950.0	0.000704	36.4392180443
950.0	0.000704	36.4804961681
950.0	0.0007055	36.5218241215
950.0	0.0007055	36.5631110668
960.0	0.000715	36.8419601917
960.0	0.0007185	36.8829312325
960.0	0.0007215	36.9245400429
960.0	0.000726	36.9651901722
960.0	0.0007305	37.006114006
960.0	0.0007335	37.0474231243
960.0	0.0007375	37.0887200832
960.0	0.000739	37.1300032139
960.0	0.0007425	37.170263052
960.0	0.0007435	37.2116091251
960.0	0.0007455	37.252903223
960.0	0.0007475	37.2938220501
960.0	0.000749	37.3348271847
960.0	0.0007515	37.3761000633
960.0	0.0007525	37.4170851707
960.0	0.000753	37.4580321312
960.0	0.000753	37.4991931915
960.0	0.0007535	37.5403261185
960.0	0.000755	37.581277132
960.0	0.000756	37.6225070953
960.0	0.0007565	37.6637680531
960.0	0.000758	37.7047080994
960.0	0.000758	37.7453081608
960.0	0.000759	37.7866120338
960.0	0.0007585	37.8279480934
970.0	0.000766	38.1072120667
970.0	0.00077	38.1480591297
970.0	0.000774	38.1890261173
970.0	0.000776	38.2299981117
970.0	0.00078	38.2716321945
970.0	0.000783	38.3125991821
970.0	0.000786	38.3531980515
970.0	0.0007885	38.3941531181
970.0	0.0007915	38.4354422092
970.0	0.000795	38.4763870239
970.0	0.0007965	38.5177252293
970.0	0.000799	38.5591042042
970.0	0.0008005	38.6003360748
970.0	0.0008015	38.6413981915
970.0	0.000803	38.6819880009
970.0	0.0008055	38.7229111195
970.0	0.0008075	38.7639141083
970.0	0.000808	38.8050842285
970.0	0.0008075	38.8462052345
970.0	0.0008075	38.8871331215
970.0	0.0008065	38.9284191132
970.0	0.0008085	38.9697191715
970.0	0.00081	39.0110211372
970.0	0.000813	39.0516221523
970.0	0.0008135	39.0929410458
980.0	0.000821	39.3677031994
980.0	0.000824	39.4089901447
980.0	0.0008285	39.449816227
980.0	0.0008315	39.4912521839
980.0	0.0008355	39.5320880413
980.0	0.000839	39.5735051632
980.0	0.0008425	39.6147580147
980.0	0.000845	39.6551001072
980.0	0.0008485	39.6963801384
980.0	0.000851	39.7373270988
980.0	0.0008535	39.7782781124
980.0	0.000856	39.8195090294
980.0	0.000858	39.8608851433
980.0	0.00086	39.9018621445
980.0	0.0008605	39.9430861473
980.0	0.0008625	39.9844172001
980.0	0.0008625	40.0253710747
980.0	0.0008615	40.0659310818
980.0	0.000861	40.1068792343
980.0	0.0008625	40.1481761932
980.0	0.0008635	40.1890900135
980.0	0.0008635	40.2304291725
980.0	0.0008625	40.2713401318
980.0	0.0008615	40.3126671314
980.0	0.000861	40.3533060551
990.0	0.000874	40.632833004
990.0	0.000878	40.6741321087
990.0	0.0008815	40.7152130604
990.0	0.000884	40.7563951015
990.0	0.000888	40.7978131771
990.0	0.0008905	40.8387670517
990.0	0.0008935	40.8796200752
990.0	0.000896	40.9203000069
990.0	0.0008975	40.9611930847
990.0	0.0009005	41.0025651455
990.0	0.0009025	41.043856144
990.0	0.000905	41.0848340988
990.0	0.0009075	41.1254320145
990.0	0.0009075	41.1667301655
990.0	0.0009075	41.2076601982
990.0	0.0009075	41.2489881516
990.0	0.0009085	41.2903120518
990.0	0.000909	41.3316261768
990.0	0.000909	41.3725891113
990.0	0.000909	41.4132430553
990.0	0.00091	41.4541990757
990.0	0.000911	41.4950911999
990.0	0.0009125	41.5363910198
990.0	0.000914	41.5776782036
990.0	0.000914	41.618224144
1000.0	0.0009205	41.894133091
1000.0	0.0009235	41.9347400665
1000.0	0.0009275	41.9757111073
1000.0	0.0009315	42.0173201561
1000.0	0.000935	42.0579361916
1000.0	0.000938	42.0995430946
1000.0	0.000941	42.1404402256
1000.0	0.000944	42.1814892292
1000.0	0.000948	42.2224400043
1000.0	0.0009505	42.2636721134
1000.0	0.000953	42.3046271801
1000.0	0.000955	42.345927
1000.0	0.0009565	42.3869020939
1000.0	0.0009575	42.4281201363
1000.0	0.0009565	42.4687490463
1000.0	0.0009565	42.5098600388
1000.0	0.0009585	42.5510041714
1000.0	0.00096	42.5923621655
1000.0	0.0009615	42.6333072186
1000.0	0.0009625	42.6742582321
1000.0	0.0009615	42.7148702145
1000.0	0.000961	42.7561130524
1000.0	0.0009605	42.7972562313
1000.0	0.0009625	42.8384981155
1000.0	0.0009615	42.8797001839
1010.0	0.000973	43.155064106
1010.0	0.0009775	43.1998960972
1010.0	0.0009825	43.2412660122
1010.0	0.000985	43.2821500301
1010.0	0.0009875	43.3230872154
1010.0	0.000989	43.3643741608
1010.0	0.0009925	43.4050090313
1010.0	0.000994	43.4462931156
1010.0	0.0009955	43.4875900745
1010.0	0.000996	43.5289320946
1010.0	0.000996	43.5696280003
1010.0	0.0009985	43.6106011868
1010.0	0.0010005	43.6519150734
1010.0	0.001003	43.6928651333
1010.0	0.001004	43.7337779999
1010.0	0.0010065	43.7750921249
1010.0	0.0010075	43.8160560131
1010.0	0.00101	43.8569991589
1010.0	0.0010105	43.8982110023
1010.0	0.0010115	43.9391720295
1010.0	0.0010115	43.9802401066
1010.0	0.0010125	44.0212111473
1010.0	0.0010125	44.0624210835
1010.0	0.0010135	44.1033790112
1010.0	0.001014	44.1442751884
1020.0	0.0010235	44.4210100174
1020.0	0.0010265	44.46479702
1020.0	0.0010305	44.5064702034
1020.0	0.001034	44.5474910736
1020.0	0.0010365	44.5879750252
1020.0	0.001039	44.6292622089
1020.0	0.0010415	44.6702671051
1020.0	0.0010435	44.711192131
1020.0	0.0010455	44.75218606
1020.0	0.0010475	44.793806076
1020.0	0.00105	44.8345701694
1020.0	0.0010525	44.8754880428
1020.0	0.0010525	44.9171102047
1020.0	0.001054	44.9580960274
1020.0	0.001055	44.999063015
1020.0	0.0010565	45.0402851105
1020.0	0.0010565	45.080851078
1020.0	0.001058	45.121805191
1020.0	0.0010585	45.1634521484
1020.0	0.00106	45.2047541142
1020.0	0.00106	45.2453541756
1020.0	0.001061	45.2863211632
1020.0	0.001061	45.3274040222
1020.0	0.0010635	45.3686411381
1020.0	0.0010635	45.409689188
1030.0	0.0010705	45.68466115
1030.0	0.0010735	45.726391077
1030.0	0.001079	45.7670102119
1030.0	0.0010825	45.8079922199
1030.0	0.0010835	45.8489711285
1030.0	0.001085	45.8900830746
1030.0	0.0010865	45.9312040806
1030.0	0.001089	45.9724261761
1030.0	0.0010925	46.0134220123
1030.0	0.0010955	46.0547680855
1030.0	0.0010985	46.0956830978
1030.0	0.0011015	46.1363022327
1030.0	0.001104	46.1779220104
1030.0	0.0011065	46.2188971043
1030.0	0.0011075	46.2597641945
1030.0	0.0011075	46.3011341095
1030.0	0.0011065	46.3421020508
1030.0	0.0011085	46.3830800056
1030.0	0.0011085	46.4243571758
1030.0	0.001109	46.4652681351
1030.0	0.001109	46.5061972141
1030.0	0.00111	46.5471711159
1030.0	0.001109	46.5887680054
1030.0	0.00111	46.6293661594
1030.0	0.001109	46.6703891754
1040.0	0.0011185	46.9413862228
1040.0	0.0011225	46.9824130535
1040.0	0.0011265	47.0236542225
1040.0	0.00113	47.0646221638
1040.0	0.001134	47.1062350273
1040.0	0.0011375	47.1471910477
1040.0	0.001141	47.1877770424
1040.0	0.0011435	47.2292330265
1040.0	0.001146	47.2703611851
1040.0	0.001148	47.3123950958
1040.0	0.00115	47.3519430161
1040.0	0.001151	47.3933780193
1040.0	0.0011525	47.4347131252
1040.0	0.0011525	47.4755270481
1040.0	0.001153	47.5166311264
1040.0	0.001154	47.5582420826
1040.0	0.001154	47.5991802216
1040.0	0.0011535	47.6401941776
1040.0	0.0011525	47.681330204
1040.0	0.0011525	47.7216842175
1040.0	0.001153	47.7632651329
1040.0	0.001155	47.804516077
1040.0	0.0011555	47.8452510834
1040.0	0.0011575	47.8865242004
1040.0	0.0011565	47.9275450706
1050.0	0.00116	48.1988241673
1050.0	0.001163	48.239773035
1050.0	0.0011675	48.2807121277
1050.0	0.0011715	48.3220191002
1050.0	0.001176	48.3636522293
1050.0	0.001179	48.4039292336
1050.0	0.0011825	48.4448721409
1050.0	0.001183	48.4858100414
1050.0	0.001185	48.5268280506
1050.0	0.001185	48.5684220791
1050.0	0.0011875	48.6094021797
1050.0	0.001188	48.6501300335
1050.0	0.00119	48.6917591095
1050.0	0.001191	48.7323641777
1050.0	0.001193	48.7733311653
1050.0	0.001195	48.8145310879
1050.0	0.0011975	48.8555622101
1050.0	0.0012005	48.8968780041
1050.0	0.0012035	48.9378321171
1050.0	0.0012035	48.9790802002
1050.0	0.0012015	49.020676136
1050.0	0.0012005	49.0610170364
1050.0	0.0012005	49.1019921303
1050.0	0.0012025	49.1429212093
1050.0	0.001201	49.1848762035
1060.0	0.001211	49.4550440311
1060.0	0.0012155	49.4961731434
1060.0	0.001221	49.537184
1060.0	0.001225	49.5784521103
1060.0	0.0012285	49.6193521023
1060.0	0.0012305	49.6602752209
1060.0	0.001231	49.7012522221
1060.0	0.001231	49.742893219
1060.0	0.0012325	49.7841792107
1060.0	0.001233	49.8248341084
1060.0	0.001235	49.8664681911
1060.0	0.001236	49.9074242115
1060.0	0.001238	49.9480721951
1060.0	0.0012375	49.989470005
1060.0	0.001238	50.0302741528
1060.0	0.0012385	50.0719020367
1060.0	0.0012405	50.1122031212
1060.0	0.001239	50.1532790661
1060.0	0.0012385	50.1948862076
1060.0	0.00124	50.235858202
1060.0	0.0012415	50.2771720886
1060.0	0.001244	50.3180041313
1060.0	0.0012455	50.3587021828
1060.0	0.0012455	50.4003741741
1060.0	0.001244	50.4413020611
1070.0	0.001255	50.7118520737
1070.0	0.001258	50.7532942295
1070.0	0.0012605	50.7941541672
1070.0	0.0012625	50.8352351189
1070.0	0.001265	50.8763561249
1070.0	0.0012665	50.9173362255
1070.0	0.001269	50.9583110809
1070.0	0.001271	50.9996540546
1070.0	0.0012735	51.0407111645
1070.0	0.0012735	51.0819051266
1070.0	0.0012775	51.1232521534
1070.0	0.0012785	51.1635680199
1070.0	0.0012795	51.2048261166
1070.0	0.0012805	51.2464752197
1070.0	0.0012835	51.2870042324
1070.0	0.001285	51.3280751705
1070.0	0.0012855	51.3690252304
1070.0	0.001285	51.4103121758
1070.0	0.001286	51.4513151646
1070.0	0.001286	51.4926021099
1070.0	0.0012885	51.5335671902
1070.0	0.00129	51.5747480392
1070.0	0.001292	51.6154830456
1070.0	0.001292	51.6567780972
1070.0	0.0012905	51.6980581284
1080.0	0.0012985	51.9651432037
1080.0	0.0013005	52.0055861473
1080.0	0.001303	52.0468740463
1080.0	0.001306	52.0881831646
1080.0	0.001308	52.1294531822
1080.0	0.0013105	52.1704041958
1080.0	0.001313	52.2112920284
1080.0	0.001315	52.2523550987
1080.0	0.001316	52.2933170795
1080.0	0.0013185	52.3342790604
1080.0	0.0013225	52.3752481937
1080.0	0.001325	52.4165351391
1080.0	0.001325	52.4578220844
1080.0	0.0013235	52.4987711906
1080.0	0.001325	52.5400941372
1080.0	0.001326	52.5810520649
1080.0	0.0013295	52.6219232082
1080.0	0.0013295	52.6629481316
1080.0	0.0013275	52.7041471004
1080.0	0.0013235	52.7454690933
1080.0	0.001323	52.7860870361
1080.0	0.001323	52.8270041943
1080.0	0.0013255	52.8683202267
1080.0	0.0013255	52.9096260071
1080.0	0.001327	52.9505531788
1090.0	0.0013345	53.2133820057
1090.0	0.0013385	53.2543721199
1090.0	0.0013405	53.2956130505
1090.0	0.0013435	53.3367221355
1090.0	0.0013455	53.3776390553
1090.0	0.0013495	53.4189491272
1090.0	0.001352	53.4599010944
1090.0	0.0013555	53.5012180805
1090.0	0.0013575	53.5421471596
1090.0	0.0013605	53.5834000111
1090.0	0.001362	53.6240200996
1090.0	0.001363	53.6649470329
1090.0	0.0013635	53.7063040733
1090.0	0.0013655	53.7475361824
1090.0	0.0013675	53.7885391712
1090.0	0.001368	53.8294701576
1090.0	0.001367	53.8703970909
1090.0	0.0013655	53.9116971493
1090.0	0.001365	53.9529840946
1090.0	0.0013645	53.9937450886
1090.0	0.001366	54.0349421501
1090.0	0.001368	54.0760061741
1090.0	0.001371	54.1168432236
1090.0	0.001372	54.1581990719
1090.0	0.0013725	54.1992092133
1100.0	0.0013735	54.4623980522
1100.0	0.001375	54.5032100677
1100.0	0.001378	54.5438451767
1100.0	0.001382	54.5848112106
1100.0	0.0013845	54.6267991066
1100.0	0.0013895	54.6677360535
1100.0	0.001393	54.7086820602
1100.0	0.001398	54.749628067
1100.0	0.0014	54.7906131744
1100.0	0.0014005	54.8318691254
1100.0	0.0013995	54.8726360798
1100.0	0.0014005	54.9134612083
1100.0	0.001403	54.9545361996
1100.0	0.001406	54.9958791733
1100.0	0.0014035	55.0368242264
1100.0	0.0013995	55.0781280994
1100.0	0.001396	55.1193940639
1100.0	0.0013985	55.160266161
1100.0	0.001401	55.201280117
1100.0	0.0014055	55.2421681881
1100.0	0.0014075	55.2839531898
1100.0	0.00141	55.3245611191
1100.0	0.001412	55.3658161163
1100.0	0.0014145	55.4067630768
1100.0	0.0014155	55.4477140903
1110.0	0.001417	55.7146382332
1110.0	0.0014205	55.7559621334
1110.0	0.0014245	55.7969081402
1110.0	0.001427	55.8378400803
1110.0	0.001428	55.8790640831
1110.0	0.001427	55.9201440811
1110.0	0.0014285	55.9609820843
1110.0	0.001432	56.002407074
1110.0	0.001435	56.0435721874
1110.0	0.001437	56.0846300125
1110.0	0.0014355	56.1252372265
1110.0	0.0014385	56.1662371159
1110.0	0.0014405	56.207857132
1110.0	0.001443	56.2498481274
1110.0	0.0014435	56.2897970676
1110.0	0.0014435	56.3305811882
1110.0	0.001443	56.3719670773
1110.0	0.0014435	56.4136681557
1110.0	0.001445	56.4539511204
1110.0	0.0014475	56.4948961735
1110.0	0.001447	56.5358920097
1110.0	0.001448	56.5774021149
1110.0	0.0014495	56.6183571815
1110.0	0.001453	56.6593570709
1110.0	0.0014535	56.7010080814
1120.0	0.001457	56.9632520676
1120.0	0.001457	57.0048551559
1120.0	0.0014595	57.0454580784
1120.0	0.00146	57.0864160061
1120.0	0.001462	57.1277141571
1120.0	0.0014635	57.1685421467
1120.0	0.001468	57.2098572254
1120.0	0.001471	57.2508881092
1120.0	0.0014745	57.2918601036
1120.0	0.0014755	57.333204031
1120.0	0.0014785	57.3744730949
1120.0	0.0014795	57.4152400494
1120.0	0.0014805	57.4560630322
1120.0	0.00148	57.4973170757
1120.0	0.00148	57.5383450985
1120.0	0.00148	57.5796332359
1120.0	0.0014805	57.6208190918
1120.0	0.001483	57.6618931293
1120.0	0.0014835	57.7028300762
1120.0	0.0014845	57.7437031269
1120.0	0.0014855	57.7849740982
1120.0	0.0014875	57.8266410828
1120.0	0.001488	57.8672380447
1120.0	0.0014885	57.907815218
1120.0	0.0014885	57.94911623
1130.0	0.00149	58.2120521069
1130.0	0.001493	58.2536931038
1130.0	0.001496	58.2940080166
1130.0	0.0014985	58.3356029987
1130.0	0.0015045	58.3762462139
1130.0	0.001507	58.4172070026
1130.0	0.0015095	58.4581780434
1130.0	0.00151	58.4993522167
1130.0	0.001513	58.540389061
1130.0	0.0015155	58.5812690258
1130.0	0.0015175	58.6225981712
1130.0	0.0015175	58.6638720036
1130.0	0.001518	58.7051830292
1130.0	0.001516	58.7457761765
1130.0	0.001517	58.7867741585
1130.0	0.001516	58.8280520439
1130.0	0.001518	58.8689720631
1130.0	0.0015185	58.9102561474
1130.0	0.001522	58.9508521557
1130.0	0.0015235	58.9918282032
1130.0	0.001526	59.0334920883
1130.0	0.0015255	59.0744450092
1130.0	0.0015255	59.1154150963
1130.0	0.001525	59.1563661098
1130.0	0.0015235	59.1976511478
1140.0	0.001528	59.4560911655
1140.0	0.00153	59.4977300167
1140.0	0.0015335	59.5386810303
1140.0	0.0015405	59.5796911716
1140.0	0.001543	59.6206581593
1140.0	0.0015455	59.6619729996
1140.0	0.001545	59.7032701969
1140.0	0.0015455	59.7437531948
1140.0	0.001546	59.7850961685
1140.0	0.001547	59.8257009983
1140.0	0.001547	59.8670260906
1140.0	0.0015475	59.9079601765
1140.0	0.0015495	59.9488840103
1140.0	0.0015505	59.9901912212
1140.0	0.001551	60.0311870575
1140.0	0.0015525	60.0724511147
1140.0	0.0015555	60.1137602329
1140.0	0.0015575	60.1547372341
1140.0	0.0015595	60.1957762241
1140.0	0.0015585	60.2367520332
1140.0	0.0015595	60.2776250839
1140.0	0.0015585	60.3189651966
1140.0	0.00156	60.3602790833
1140.0	0.00156	60.4009451866
1140.0	0.0015605	60.4425811768
1150.0	0.0015655	60.7049570084
1150.0	0.0015695	60.7458980083
1150.0	0.0015725	60.7872161865
1150.0	0.001577	60.8281290531
1150.0	0.001578	60.8694281578
1150.0	0.0015755	60.9103560448
1150.0	0.001572	60.9516701698
1150.0	0.0015735	60.9922771454
1150.0	0.001577	61.0336790085
1150.0	0.001582	61.0750310421
1150.0	0.0015835	61.1155531406
1150.0	0.0015855	61.1565740108
1150.0	0.001585	61.1975631714
1150.0	0.001588	61.2394640446
1150.0	0.00159	61.2798240185
1150.0	0.0015925	61.3211410046
1150.0	0.001591	61.3620550632
1150.0	0.0015885	61.4033770561
1150.0	0.001588	61.4446921349
1150.0	0.0015895	61.4855160713
1150.0	0.0015905	61.5269370079
1150.0	0.001592	61.567854166
1150.0	0.001592	61.608836174
1150.0	0.001591	61.6493191719
1150.0	0.001592	61.6907000542
1160.0	0.001598	61.9536421299
1160.0	0.0016005	61.9944550991
1160.0	0.0016045	62.0358371735
1160.0	0.001607	62.0767941475
1160.0	0.0016085	62.1176412106
1160.0	0.001611	62.1593801975
1160.0	0.0016145	62.2006921768
1160.0	0.0016155	62.2409541607
1160.0	0.0016145	62.2818281651
1160.0	0.0016145	62.3232390881
1160.0	0.0016145	62.3648531437
1160.0	0.001617	62.4051420689
1160.0	0.00162	62.4467771053
1160.0	0.001623	62.4877002239
1160.0	0.001623	62.5286641121
1160.0	0.0016245	62.5700030327
1160.0	0.0016235	62.6108930111
1160.0	0.001626	62.6519260406
1160.0	0.001625	62.6928601265
1160.0	0.0016245	62.7344830036
1160.0	0.001623	62.7754130363
1160.0	0.0016235	62.8164181709
1160.0	0.0016235	62.8570201397
1160.0	0.0016245	62.8979971409
1160.0	0.0016255	62.9396181107
1170.0	0.0016305	63.2023751736
1170.0	0.001633	63.2437601089
1170.0	0.001638	63.2842080593
1170.0	0.001642	63.3256452084
1170.0	0.001648	63.3662772179
1170.0	0.0016495	63.4075591564
1170.0	0.0016485	63.4491081238
1170.0	0.0016455	63.4897031784
1170.0	0.001646	63.5307750702
1170.0	0.001646	63.5720250607
1170.0	0.0016475	63.6133861542
1170.0	0.001647	63.6539812088
1170.0	0.001647	63.6953120232
1170.0	0.001647	63.7365970612
1170.0	0.001648	63.777105093
1170.0	0.001651	63.818210125
1170.0	0.0016535	63.8590490818
1170.0	0.001657	63.900427103
1170.0	0.001658	63.941395998
1170.0	0.0016595	63.982681036
1170.0	0.0016595	64.0239140987
1170.0	0.001661	64.0648391247
1170.0	0.0016595	64.1058042049
1170.0	0.001657	64.1471130848
1170.0	0.0016535	64.1884040833
1180.0	0.0016555	64.4509861469
1180.0	0.0016575	64.4923231602
1180.0	0.0016595	64.5332450867
1180.0	0.0016605	64.5738601685
1180.0	0.001663	64.6155052185
1180.0	0.001665	64.6564362049
1180.0	0.00167	64.6970632076
1180.0	0.001673	64.7387001514
1180.0	0.0016755	64.7796421051
1180.0	0.0016755	64.8205220699
1180.0	0.001677	64.8615391254
1180.0	0.001676	64.9028551579
1180.0	0.001677	64.9438130856
1180.0	0.001675	64.9846870899
1180.0	0.001675	65.0257282257
1180.0	0.0016745	65.0672922134
1180.0	0.001677	65.1082792282
1180.0	0.0016795	65.1493010521
1180.0	0.0016805	65.1902470589
1180.0	0.0016795	65.2312362194
1180.0	0.00168	65.2720701694
1180.0	0.0016805	65.3130412102
1180.0	0.001682	65.3547711372
1180.0	0.0016805	65.3957462311
1180.0	0.001681	65.4366571903
1190.0	0.0016885	65.6995310783
1190.0	0.0016905	65.740801096
1190.0	0.0016895	65.7817881107
1190.0	0.0016905	65.8229780197
1190.0	0.001693	65.8635630608
1190.0	0.0016975	65.9048900604
1190.0	0.0017005	65.9458441734
1190.0	0.001701	65.9867720604
1190.0	0.0016995	66.0277450085
1190.0	0.0016975	66.069037199
1190.0	0.001698	66.1103341579
1190.0	0.0017005	66.1513600349
1190.0	0.001703	66.1922440529
1190.0	0.0017035	66.2331910133
1190.0	0.001703	66.2745320797
1190.0	0.001701	66.3157901764
1190.0	0.0017035	66.3567252159
1190.0	0.0017045	66.3978421688
1190.0	0.0017055	66.4386410713
1190.0	0.001706	66.4797661304
1190.0	0.0017095	66.5209190845
1190.0	0.001712	66.5618550777
1190.0	0.0017155	66.6033501625
1190.0	0.001716	66.643928051
1190.0	0.0017155	66.6848511696
1200.0	0.001708	66.944393158
1200.0	0.0017095	66.9851531982
1200.0	0.00171	67.0271282196
1200.0	0.001713	67.0670981407
1200.0	0.001713	67.1080310345
1200.0	0.0017155	67.1490390301
1200.0	0.0017145	67.1905560493
1200.0	0.0017155	67.231524229
1200.0	0.0017155	67.2726681232
1200.0	0.00172	67.3138282299
1200.0	0.001722	67.354886055
1200.0	0.001723	67.3958230019
1200.0	0.0017245	67.4367411137
1200.0	0.001727	67.4777290821
1200.0	0.001727	67.5187180042
1200.0	0.0017255	67.5600180626
1200.0	0.001723	67.6012232304
1200.0	0.001723	67.6418321133
1200.0	0.001723	67.6832540035
1200.0	0.0017245	67.7244210243
1200.0	0.0017255	67.7657082081
1200.0	0.001726	67.8067200184
1200.0	0.001727	67.8477771282
1200.0	0.001728	67.8889632225
1200.0	0.001732	67.9299890995
1210.0	0.001733	68.1883261204
1210.0	0.001733	68.2295742035
1210.0	0.0017355	68.2705430984
1210.0	0.0017375	68.3118700981
1210.0	0.0017385	68.3527991772
1210.0	0.001738	68.3941030502
1210.0	0.001737	68.4350662231
1210.0	0.001736	68.476047039
1210.0	0.001737	68.5169641972
1210.0	0.0017375	68.557901144
1210.0	0.001737	68.5988712311
1210.0	0.001738	68.6402020454
1210.0	0.0017375	68.6811192036
1210.0	0.0017375	68.722413063
1210.0	0.001738	68.7630751133
1210.0	0.0017405	68.8050441742
1210.0	0.001742	68.8454010487
1210.0	0.0017425	68.887316227
1210.0	0.001742	68.9276640415
1210.0	0.0017435	68.9686000347
1210.0	0.001743	69.0102171898
1210.0	0.0017455	69.051251173
1210.0	0.0017455	69.0920741558
1210.0	0.001746	69.1328310966
1210.0	0.0017455	69.1747620106
1220.0	0.001743	69.4331281185
1220.0	0.0017455	69.4741251469
1220.0	0.0017485	69.515307188
1220.0	0.001751	69.5559141636
1220.0	0.0017545	69.5973331928
1220.0	0.0017555	69.6382820606
1220.0	0.001757	69.6794462204
1220.0	0.001756	69.7204251289
1220.0	0.001757	69.761370182
1220.0	0.001757	69.8026621342
1220.0	0.00176	69.8436391354
1220.0	0.00176	69.8845791817
1220.0	0.001761	69.9263670444
1220.0	0.001758	69.9669101238
1220.0	0.0017555	70.0082840919
1220.0	0.0017545	70.0495781898
1220.0	0.0017545	70.0902380943
1220.0	0.0017545	70.131136179
1220.0	0.0017535	70.1720271111
1220.0	0.001753	70.2137532234
1220.0	0.001753	70.2546620369
1220.0	0.0017555	70.2953310013
1220.0	0.001757	70.3369441032
1220.0	0.001758	70.3778831959
1220.0	0.001756	70.4188899994
1230.0	0.001758	70.6778662205
1230.0	0.0017595	70.7184832096
1230.0	0.001761	70.7598290443
1230.0	0.0017625	70.8003561497
1230.0	0.0017625	70.8417592049
1230.0	0.001763	70.8830761909
1230.0	0.0017625	70.9240260124
1230.0	0.001763	70.964867115
1230.0	0.001762	71.0058441162
1230.0	0.0017605	71.0475831032
1230.0	0.0017605	71.0885310173
1230.0	0.00176	71.1291780472
1230.0	0.0017605	71.1700191498
1230.0	0.001758	71.2114570141
1230.0	0.00176	71.252710104
1230.0	0.0017595	71.2936851978
1230.0	0.001762	71.3349730968
1230.0	0.0017635	71.3756091595
1230.0	0.0017675	71.4165081978
1230.0	0.001766	71.4574890137
1230.0	0.001763	71.4986741543
1230.0	0.001758	71.5397481918
1230.0	0.001758	71.5807271004
1230.0	0.00176	71.6223552227
1230.0	0.0017645	71.6632530689
1240.0	0.0017575	71.9223921299
1240.0	0.0017605	71.9633071423
1240.0	0.001761	72.0042841434
1240.0	0.001763	72.0448682308
1240.0	0.001763	72.0862231255
1240.0	0.0017655	72.1271400452
1240.0	0.001766	72.1685020924
1240.0	0.0017655	72.2097902298
1240.0	0.001765	72.2506051064
1240.0	0.001767	72.2912640572
1240.0	0.001767	72.3329880238
1240.0	0.0017675	72.3742752075
1240.0	0.001766	72.4155302048
1240.0	0.001766	72.4558601379
1240.0	0.0017655	72.4968039989
1240.0	0.0017655	72.5377810001
1240.0	0.001766	72.5790700912
1240.0	0.001767	72.6203842163
1240.0	0.0017695	72.6613330841
1240.0	0.001771	72.702532053
1240.0	0.001772	72.7435760498
1240.0	0.0017705	72.7847950459
1240.0	0.00177	72.8254041672
1240.0	0.0017685	72.8663830757
1240.0	0.00177	72.9072852135
1250.0	0.0017745	73.1664171219
1250.0	0.0017735	73.2076671124
1250.0	0.0017735	73.2486040592
1250.0	0.0017755	73.2896051407
1250.0	0.001778	73.3305211067
1250.0	0.0017805	73.3718240261
1250.0	0.00178	73.4131290913
1250.0	0.0017785	73.4540791512
1250.0	0.0017755	73.4947311878
1250.0	0.001775	73.5360021591
1250.0	0.0017735	73.5770142078
1250.0	0.001775	73.618407011
1250.0	0.0017755	73.6593241692
1250.0	0.001777	73.7002980709
1250.0	0.0017775	73.7415652275
1250.0	0.0017805	73.7827541828
1250.0	0.0017795	73.8237540722
1250.0	0.001778	73.8643472195
1250.0	0.001776	73.905670166
1250.0	0.001778	73.9465920925
1250.0	0.001778	73.9879031181
1250.0	0.0017795	74.0288171768
1250.0	0.001781	74.0701301098
1250.0	0.0017825	74.1110742092
1250.0	0.001783	74.1517350674
1260.0	0.0017835	74.4153079987
1260.0	0.0017845	74.4563112259
1260.0	0.0017855	74.4972810745
1260.0	0.0017835	74.5385591984
1260.0	0.0017845	74.5795180798
1260.0	0.0017785	74.6204431057
1260.0	0.0017755	74.661771059
1260.0	0.001773	74.7026882172
1260.0	0.0017735	74.7435832024
1260.0	0.0017755	74.7845261097
1260.0	0.0017775	74.8255000114
1260.0	0.001782	74.8671691418
1260.0	0.001786	74.9080910683
1260.0	0.0017885	74.9494020939
1260.0	0.0017875	74.9896800518
1260.0	0.001785	75.0312540531
1260.0	0.0017835	75.0722491741
1260.0	0.001786	75.1132211685
1260.0	0.001788	75.1545071602
1260.0	0.001791	75.1954500675
1260.0	0.001792	75.236413002
1260.0	0.0017935	75.2777011395
1260.0	0.001793	75.3184640408
1260.0	0.001796	75.3599910736
1260.0	0.001796	75.40061903
1270.0	0.0017955	75.6637341976
1270.0	0.001797	75.7050700188
1270.0	0.0017975	75.7460541725
1270.0	0.001795	75.7869951725
1270.0	0.001793	75.828305006
1270.0	0.001792	75.8688561916
1270.0	0.0017935	75.9098300934
1270.0	0.0017945	75.9507830143
1270.0	0.0017975	75.992098093
1270.0	0.001798	76.0330450535
1270.0	0.001797	76.0744860172
1270.0	0.0017925	76.1156589985
1270.0	0.001793	76.1565990448
1270.0	0.001793	76.1980750561
1270.0	0.001797	76.2386741638
1270.0	0.001798	76.2802700996
1270.0	0.001798	76.3205881119
1270.0	0.001793	76.3622450829
1270.0	0.0017885	76.4031820297
1270.0	0.0017885	76.4444730282
1270.0	0.001792	76.4852910042
1270.0	0.0017945	76.5263900757
1270.0	0.0017945	76.5676560402
1270.0	0.001796	76.6082861423
1270.0	0.0017975	76.649282217
1280.0	0.001807	76.9167201519
1280.0	0.001808	76.9578180313
1280.0	0.001806	76.9987621307
1280.0	0.0018045	77.040045023
1280.0	0.0018035	77.0806870461
1280.0	0.0018035	77.122328043
1280.0	0.0018035	77.1629340649
1280.0	0.001803	77.203879118
1280.0	0.0018035	77.2448601723
1280.0	0.0018045	77.2861170769
1280.0	0.001806	77.3271250725
1280.0	0.001807	77.3682880402
1280.0	0.0018075	77.4093580246
1280.0	0.001805	77.4506552219
1280.0	0.0018055	77.4916300774
1280.0	0.001803	77.5326070786
1280.0	0.001805	77.5738811493
1280.0	0.001803	77.6148540974
1280.0	0.0018045	77.6558060646
1280.0	0.001803	77.6967530251
1280.0	0.0018035	77.7376170158
1280.0	0.0018045	77.7793421745
1280.0	0.001806	77.8202900887
1280.0	0.001807	77.8614861965
1280.0	0.001808	77.9025270939
1290.0	0.0018135	78.1652841568
1290.0	0.001815	78.2058901787
1290.0	0.0018155	78.2468500137
1290.0	0.001818	78.288146019
1290.0	0.0018175	78.3301270008
1290.0	0.0018155	78.3704102039
1290.0	0.001812	78.4117000103
1290.0	0.0018085	78.4526441097
1290.0	0.001808	78.4939711094
1290.0	0.0018095	78.5349230766
1290.0	0.0018105	78.5756511688
1290.0	0.0018125	78.6168961525
1290.0	0.001813	78.6579101086
1290.0	0.0018145	78.6990931034
1290.0	0.0018145	78.739814043
1290.0	0.0018145	78.7814571857
1290.0	0.0018155	78.8223440647
1290.0	0.0018155	78.8629090786
1290.0	0.001817	78.904238224
1290.0	0.001817	78.9452111721
1290.0	0.0018185	78.986136198
1290.0	0.001818	79.0274569988
1290.0	0.00182	79.0683970451
1290.0	0.0018185	79.1096801758
1290.0	0.001816	79.1509771347
1300.0	0.001812	79.4135270119
1300.0	0.0018135	79.454554081
1300.0	0.001815	79.4958481789
1300.0	0.001817	79.5367422104
1300.0	0.001816	79.5780880451
1300.0	0.0018155	79.6194000244
1300.0	0.0018135	79.660348177
1300.0	0.001817	79.7015681267
1300.0	0.0018175	79.7425010204
1300.0	0.001822	79.7831881046
1300.0	0.001822	79.824103117
1300.0	0.001823	79.865003109
1300.0	0.0018225	79.9076871872
1300.0	0.0018225	79.9472942352
1300.0	0.001821	79.988587141
1300.0	0.0018205	80.0298650265
1300.0	0.0018185	80.0708110332
1300.0	0.0018175	80.1117491722
1300.0	0.0018145	80.1527380943
1300.0	0.0018135	80.1936881542
1300.0	0.0018145	80.2349882126
1300.0	0.001816	80.2759230137
1300.0	0.0018185	80.3173789978
1300.0	0.0018195	80.3586702347
1300.0	0.0018185	80.3996260166
1310.0	0.001813	80.6583411694
1310.0	0.0018135	80.6988790035
1310.0	0.0018145	80.740571022
1310.0	0.0018145	80.7815730572
1310.0	0.001815	80.8224430084
1310.0	0.001815	80.8634631634
1310.0	0.0018155	80.9046890736
1310.0	0.001815	80.9456410408
1310.0	0.001813	80.9862360954
1310.0	0.001811	81.0278921127
1310.0	0.0018085	81.0688240528
1310.0	0.0018085	81.1097381115
1310.0	0.001808	81.1507492065
1310.0	0.0018105	81.1921460629
1310.0	0.001811	81.2331311703
1310.0	0.0018145	81.2740671635
1310.0	0.001816	81.3153772354
1310.0	0.0018175	81.3560111523
1310.0	0.001817	81.3975520134
1310.0	0.001817	81.4385480881
1310.0	0.0018145	81.4797661304
1310.0	0.0018125	81.5211081505
1310.0	0.0018095	81.5613281727
1310.0	0.001812	81.6024281979
1310.0	0.001813	81.6437280178
1320.0	0.0018195	81.9024341106
1320.0	0.0018185	81.9433860779
1320.0	0.0018195	81.9843020439
1320.0	0.0018185	82.0255842209
1320.0	0.0018185	82.066576004
1320.0	0.0018155	82.1078360081
1320.0	0.0018145	82.1490972042
1320.0	0.001812	82.1900811195
1320.0	0.0018105	82.2309801579
1320.0	0.001808	82.2719731331
1320.0	0.0018085	82.3132631779
1320.0	0.001808	82.3542320728
1320.0	0.0018095	82.3951871395
1320.0	0.001808	82.4368140697
1320.0	0.0018075	82.4770781994
1320.0	0.0018055	82.5185091496
1320.0	0.0018045	82.5594441891
1320.0	0.001805	82.6010940075
1320.0	0.001807	82.6416401863
1320.0	0.001807	82.6829910278
1320.0	0.0018075	82.7239711285
1320.0	0.0018085	82.765291214
1320.0	0.0018105	82.8065140247
1320.0	0.001811	82.8475041389
1320.0	0.0018105	82.8884541988
1330.0	0.0018045	83.1470720768
1330.0	0.001803	83.1880760193
1330.0	0.0018005	83.2293360233
1330.0	0.0017985	83.2706620693
1330.0	0.001797	83.3116521835
1330.0	0.001795	83.3522372246
1330.0	0.0017935	83.3932211399
1330.0	0.001793	83.4344952106
1330.0	0.0017925	83.47579813
1330.0	0.001792	83.5167760849
1330.0	0.001793	83.5581541061
1330.0	0.0017935	83.5986461639
1330.0	0.0017935	83.6397461891
1330.0	0.0017925	83.6809990406
1330.0	0.0017925	83.7222120762
1330.0	0.0017905	83.7632651329
1330.0	0.0017895	83.8045010567
1330.0	0.0017875	83.845085144
1330.0	0.0017895	83.8861391544
1330.0	0.0017905	83.9274251461
1330.0	0.001791	83.9687521458
1330.0	0.001788	84.0097541809
1330.0	0.001786	84.0506691933
1330.0	0.0017835	84.0916581154
1330.0	0.0017845	84.1329550743
1340.0	0.0017805	84.3918631077
1340.0	0.0017795	84.4328200817
1340.0	0.0017755	84.4738090038
1340.0	0.0017745	84.5148391724
1340.0	0.0017705	84.5557050705
1340.0	0.0017685	84.5968010426
1340.0	0.001766	84.6379730701
1340.0	0.0017655	84.6790380478
1340.0	0.0017645	84.720236063
1340.0	0.0017635	84.7611470222
1340.0	0.001763	84.8024930954
1340.0	0.001763	84.8435740471
1340.0	0.0017605	84.8843750954
1340.0	0.001757	84.9258191586
1340.0	0.001752	84.967040062
1340.0	0.00175	85.0073771477
1340.0	0.00175	85.0486600399
1340.0	0.001752	85.0895102024
1340.0	0.001752	85.1304521561
1340.0	0.0017495	85.1717860699
1340.0	0.0017485	85.2127292156
1340.0	0.001748	85.2543652058
1340.0	0.0017485	85.2956731319
1340.0	0.0017485	85.3360872269
1340.0	0.0017485	85.3773460388
1350.0	0.0017345	85.6363360882
1350.0	0.001728	85.6774060726
1350.0	0.0017235	85.7182872295
1350.0	0.0017195	85.7593071461
1350.0	0.001717	85.8002810478
1350.0	0.001712	85.8415551186
1350.0	0.001708	85.8825330734
1350.0	0.0017045	85.9238271713
1350.0	0.001701	85.9647991657
1350.0	0.0016985	86.0057051182
1350.0	0.0016945	86.0466570854
1350.0	0.0016925	86.0879530907
1350.0	0.00169	86.1288480759
1350.0	0.0016895	86.170235157
1350.0	0.001688	86.2111871243
1350.0	0.001688	86.2518041134
1350.0	0.001686	86.293102026
1350.0	0.0016855	86.3340501785
1350.0	0.001683	86.375369072
1350.0	0.0016835	86.4163532257
1350.0	0.001682	86.4571650028
1350.0	0.001682	86.498237133
1350.0	0.001681	86.5397801399
1350.0	0.001682	86.581056118
1350.0	0.0016805	86.6217830181
1360.0	0.0016685	86.8807640076
1360.0	0.00166	86.9214670658
1360.0	0.0016505	86.9631230831
1360.0	0.001641	87.0051310062
1360.0	0.0016345	87.0446610451
1360.0	0.001628	87.0856342316
1360.0	0.001622	87.1268970966
1360.0	0.0016145	87.1682460308
1360.0	0.001612	87.2091372013
1360.0	0.0016075	87.2501840591
1360.0	0.0016055	87.2910220623
1360.0	0.0016025	87.3320920467
1360.0	0.0015995	87.3733792305
1360.0	0.0015945	87.4146771431
1360.0	0.0015905	87.4559350014
1360.0	0.0015885	87.4969420433
1360.0	0.0015875	87.5375890732
1360.0	0.001586	87.5783610344
1360.0	0.001586	87.6201090813
1360.0	0.001587	87.6614871025
1360.0	0.001587	87.7016072273
1360.0	0.0015845	87.7430222034
1360.0	0.0015795	87.7842600346
1360.0	0.001575	87.8255372047
1360.0	0.0015705	87.8661401272
1370.0	0.00156	88.1256301403
1370.0	0.001548	88.169916153
1370.0	0.001537	88.2112250328
1370.0	0.001528	88.2521831989
1370.0	0.001522	88.2934892178
1370.0	0.001515	88.3344240189
1370.0	0.001508	88.3757460117
1370.0	0.001501	88.4170172215
1370.0	0.0014905	88.4576170444
1370.0	0.001482	88.4989352226
1370.0	0.001477	88.5396680832
1370.0	0.0014735	88.5823302269
1370.0	0.0014725	88.6219131947
1370.0	0.0014705	88.6628360748
1370.0	0.001471	88.7047581673
1370.0	0.0014705	88.745029211
1370.0	0.001471	88.7863371372
1370.0	0.001472	88.8273081779
1370.0	0.001471	88.8685572147
1370.0	0.0014695	88.9095270634
1370.0	0.001468	88.950453043
1370.0	0.001467	88.991792202
1370.0	0.0014655	89.0327911377
1370.0	0.001463	89.0737411976
1370.0	0.0014625	89.115334034
1380.0	0.0014475	89.3741381168
1380.0	0.001441	89.4151010513
1380.0	0.0014345	89.4560952187
1380.0	0.0014305	89.4967041016
1380.0	0.001425	89.5380301476
1380.0	0.001422	89.5789511204
1380.0	0.001417	89.6199281216
1380.0	0.001413	89.6612391472
1380.0	0.00141	89.702409029
1380.0	0.001407	89.7434620857
1380.0	0.001403	89.7846591473
1380.0	0.001402	89.8256480694
1380.0	0.0013985	89.86662817
1380.0	0.0013955	89.9079391956
1380.0	0.0013925	89.9488210678
1380.0	0.001391	89.9897930622
1380.0	0.0013905	90.0307781696
1380.0	0.0013885	90.0720191002
1380.0	0.001388	90.1130011082
1380.0	0.001387	90.1539461613
1380.0	0.0013875	90.1952412128
1380.0	0.001386	90.2365720272
1380.0	0.001387	90.277146101
1380.0	0.001385	90.3186202049
1380.0	0.0013825	90.359098196
1390.0	0.00137	90.6179020405
1390.0	0.0013685	90.6591072083
1390.0	0.0013685	90.7005360126
1390.0	0.001368	90.7414500713
1390.0	0.001366	90.7828171253
1390.0	0.001365	90.8233830929
1390.0	0.0013625	90.8642230034
1390.0	0.001361	90.9058971405
1390.0	0.0013595	90.9475650787
1390.0	0.0013585	90.9878151417
1390.0	0.0013575	91.0291130543
1390.0	0.001358	91.0700340271
1390.0	0.001357	91.1106362343
1390.0	0.0013575	91.1519970894
1390.0	0.001357	91.193021059
1390.0	0.001356	91.2342162132
1390.0	0.0013535	91.2751722336
1390.0	0.0013545	91.3162062168
1390.0	0.001353	91.3575670719
1390.0	0.0013535	91.3988881111
1390.0	0.001353	91.4397981167
1390.0	0.0013535	91.48112607
1390.0	0.001353	91.5219540596
1390.0	0.001353	91.56300807
1390.0	0.0013535	91.6043231487
1400.0	0.001355	91.8628571033
1400.0	0.0013535	91.9035491943
1400.0	0.0013545	91.944879055
1400.0	0.0013555	91.9858422279
1400.0	0.0013585	92.0270972252
1400.0	0.0013585	92.0680961609
1400.0	0.0013585	92.1090102196
1400.0	0.0013575	92.1503322124
1400.0	0.0013595	92.1912391186
1400.0	0.00136	92.2322461605
1400.0	0.0013625	92.273499012
1400.0	0.0013635	92.3144831657
1400.0	0.0013635	92.3559222221
1400.0	0.0013635	92.396499157
1400.0	0.0013645	92.4373261929
1400.0	0.001365	92.4791381359
1400.0	0.0013655	92.5199542046
1400.0	0.001367	92.5607061386
1400.0	0.0013675	92.602009058
1400.0	0.001368	92.6425971985
1400.0	0.0013685	92.6842842102
1400.0	0.0013685	92.7255210876
1400.0	0.0013675	92.766493082
1400.0	0.001368	92.8077070713
1400.0	0.001367	92.848306179
1410.0	0.001375	93.1029331684
1410.0	0.00138	93.1442401409
1410.0	0.001385	93.1852040291
1410.0	0.001388	93.2264931202
1410.0	0.001391	93.267124176
1410.0	0.0013935	93.3084111214
1410.0	0.001398	93.3493301868
1410.0	0.001402	93.3906772137
1410.0	0.0014025	93.4319710732
1410.0	0.0014025	93.4725911617
1410.0	0.001405	93.5142450333
1410.0	0.001407	93.554516077
1410.0	0.001411	93.595813036
1410.0	0.001413	93.6368319988
1410.0	0.0014155	93.6784961224
1410.0	0.001417	93.7190990448
1410.0	0.001417	93.7599670887
1410.0	0.001415	93.8010401726
1410.0	0.001415	93.8423161507
1410.0	0.001415	93.8832690716
1410.0	0.001417	93.9242520332
1410.0	0.001417	93.9658660889
1410.0	0.0014175	94.0065140724
1410.0	0.001418	94.0473592281
1410.0	0.0014195	94.0887711048
1420.0	0.001431	94.3435761929
1420.0	0.001438	94.3846070766
1420.0	0.0014435	94.4261231422
1420.0	0.00145	94.4664940834
1420.0	0.0014545	94.507846117
1420.0	0.0014605	94.5487692356
1420.0	0.001466	94.5897381306
1420.0	0.0014705	94.6311302185
1420.0	0.001473	94.67208004
1420.0	0.0014755	94.7128632069
1420.0	0.001477	94.7538850307
1420.0	0.0014785	94.7955012321
1420.0	0.00148	94.8361282349
1420.0	0.0014825	94.8774001598
1420.0	0.0014845	94.9183871746
1420.0	0.0014875	94.9594511986
1420.0	0.001488	95.0004432201
1420.0	0.0014875	95.0420641899
1420.0	0.0014875	95.0828921795
1420.0	0.001488	95.1279280186
1420.0	0.001491	95.1689190865
1420.0	0.001492	95.2098650932
1420.0	0.001493	95.2508230209
1420.0	0.001491	95.2924752235
1420.0	0.001492	95.3334560394
1430.0	0.0015075	95.5836369991
1430.0	0.0015135	95.6249330044
1430.0	0.001521	95.6659121513
1430.0	0.001528	95.7068350315
1430.0	0.0015325	95.7481300831
1430.0	0.001537	95.7891001701
1430.0	0.001542	95.8300161362
1430.0	0.0015475	95.8713040352
1430.0	0.0015525	95.9122691154
1430.0	0.001556	95.9535460472
1430.0	0.0015575	95.9949221611
1430.0	0.00156	96.0351941586
1430.0	0.001562	96.0769200325
1430.0	0.0015655	96.11789608
1430.0	0.001568	96.1587312222
1430.0	0.001572	96.1997671127
1430.0	0.0015735	96.2413442135
1430.0	0.001577	96.2823450565
1430.0	0.0015745	96.323330164
1430.0	0.0015725	96.3639791012
1430.0	0.00157	96.4056150913
1430.0	0.00157	96.446573019
1430.0	0.00157	96.4878950119
1430.0	0.001572	96.5288422108
1430.0	0.0015725	96.569819212
1440.0	0.0015855	96.8240032196
1440.0	0.0015895	96.8652770519
1440.0	0.001595	96.9062581062
1440.0	0.0015985	96.947532177
1440.0	0.001603	96.9884722233
1440.0	0.001605	97.0297381878
1440.0	0.0016095	97.0707252026
1440.0	0.001612	97.1120300293
1440.0	0.001616	97.1527311802
1440.0	0.0016175	97.1936011314
1440.0	0.0016185	97.2345430851
1440.0	0.00162	97.2759752274
1440.0	0.001623	97.3168981075
1440.0	0.0016245	97.3578660488
1440.0	0.001626	97.3992161751
1440.0	0.0016275	97.4401421547
1440.0	0.0016295	97.4814240932
1440.0	0.0016305	97.522603035
1440.0	0.001632	97.5637111664
1440.0	0.001632	97.6046881676
1440.0	0.0016305	97.6456201077
1440.0	0.001632	97.6872401237
1440.0	0.0016325	97.7282450199
1440.0	0.001635	97.7691020966
1440.0	0.001637	97.8097791672
1450.0	0.001642	98.0646460056
1450.0	0.001647	98.1052720547
1450.0	0.00165	98.1469101906
1450.0	0.0016535	98.1878790855
1450.0	0.0016555	98.2287960052
1450.0	0.001657	98.2697482109
1450.0	0.001658	98.3110370636
1450.0	0.0016595	98.3519890308
1450.0	0.001661	98.3930840492
1450.0	0.0016625	98.434276104
1450.0	0.001663	98.475564003
1450.0	0.001663	98.5166630745
1450.0	0.0016635	98.5578382015
1450.0	0.0016645	98.598539114
1450.0	0.001667	98.6398830414
1450.0	0.001667	98.6804380417
1450.0	0.001668	98.7216610909
1450.0	0.001668	98.7631151676
1450.0	0.0016695	98.804049015
1450.0	0.00167	98.8446640968
1450.0	0.001673	98.886275053
1450.0	0.0016735	98.9276192188
1450.0	0.001673	98.968154192
1450.0	0.001671	99.0091362
1450.0	0.001671	99.0504441261
1460.0	0.001671	99.3090631962
1460.0	0.0016745	99.3500070572
1460.0	0.001677	99.3916451931
1460.0	0.001681	99.4326000214
1460.0	0.001683	99.4735641479
1460.0	0.001686	99.5141940117
1460.0	0.001687	99.5556030273
1460.0	0.0016905	99.5964300632
1460.0	0.0016905	99.6378722191
1460.0	0.0016925	99.6787970066
1460.0	0.001692	99.7200210094
1460.0	0.001693	99.7606041431
1460.0	0.001692	99.8019480705
1460.0	0.001693	99.8430080414
1460.0	0.0016925	99.8853042126
1460.0	0.0016935	99.9252381325
1460.0	0.0016935	99.9662520885
1460.0	0.001695	100.007525206
1460.0	0.0016945	100.048145056
1460.0	0.0016945	100.089142084
1460.0	0.0016935	100.13035512
1460.0	0.001693	100.17172718
1460.0	0.001693	100.212631226
1460.0	0.001693	100.253913164
1460.0	0.001695	100.294882059
1470.0	0.0016975	100.55768013
1470.0	0.0016985	100.599025011
1470.0	0.0017	100.639845133
1470.0	0.0017005	100.681271076
1470.0	0.001702	100.722244024
1470.0	0.001702	100.763130188
1470.0	0.0017025	100.804838181
1470.0	0.0017025	100.84545517
1470.0	0.0017035	100.886419058
1470.0	0.001706	100.927323103
1470.0	0.0017075	100.968675137
1470.0	0.0017085	101.009587049
1470.0	0.001708	101.050571203
1470.0	0.0017085	101.091767073
1470.0	0.001708	101.133102179
1470.0	0.0017075	101.173719168
1470.0	0.001702	101.21461606
1470.0	0.001696	101.255999088
1470.0	0.0016935	101.297363043
1470.0	0.001697	101.33792901
1470.0	0.0016975	101.379140139
1470.0	0.0017	101.419813156
1470.0	0.0017005	101.461216211
1470.0	0.0017025	101.502184153
1470.0	0.001703	101.543652058
1480.0	0.0017095	101.810694218
1480.0	0.0017095	101.851320028
1480.0	0.001712	101.892475128
1480.0	0.001711	101.933578014
1480.0	0.0017125	101.974449158
1480.0	0.001712	102.015792131
1480.0	0.001712	102.057126045
1480.0	0.0017095	102.097974062
1480.0	0.0017085	102.139327049
1480.0	0.0017085	102.18033123
1480.0	0.0017095	102.221255064
1480.0	0.0017085	102.261907101
1480.0	0.0017095	102.303435087
1480.0	0.0017105	102.344204187
1480.0	0.0017105	102.385372162
1480.0	0.001711	102.4266572
1480.0	0.00171	102.467631102
1480.0	0.0017085	102.508244038
1480.0	0.0017075	102.549871206
1480.0	0.0017075	102.59081912
1480.0	0.001707	102.63173914
1480.0	0.0017095	102.672699213
1480.0	0.00171	102.714095116
1480.0	0.001712	102.75465107
1480.0	0.0017125	102.796365023
1490.0	0.0017135	103.063293219
1490.0	0.001713	103.104247093
1490.0	0.001712	103.14548111
1490.0	0.00171	103.186088085
1490.0	0.00171	103.227742195
1490.0	0.001708	103.268706083
1490.0	0.0017105	103.309255123
1490.0	0.00171	103.350215197
1490.0	0.001712	103.391523123
1490.0	0.0017145	103.432495117
1490.0	0.0017155	103.473760128
1490.0	0.0017155	103.514797211
1490.0	0.001715	103.556529045
1490.0	0.0017155	103.59714818
1490.0	0.001716	103.63807106
1490.0	0.001716	103.679051161
1490.0	0.001717	103.720327139
1490.0	0.001716	103.761541128
1490.0	0.001715	103.802939177
1490.0	0.001715	103.847666025
1490.0	0.0017145	103.88858223
1490.0	0.0017155	103.929922104
1490.0	0.0017155	103.970502138
1490.0	0.0017175	104.012211084
1490.0	0.001717	104.053358078
1500.0	0.001711	104.32024622
1500.0	0.001712	104.360610008
1500.0	0.0017145	104.401818037
1500.0	0.001715	104.443185091
1500.0	0.0017145	104.484440088
1500.0	0.001713	104.525136232
1500.0	0.001713	104.56648612
1500.0	0.001711	104.607407093
1500.0	0.001712	104.64873004
1500.0	0.001712	104.689676046
1500.0	0.0017145	104.730654001
1500.0	0.001713	104.7716012
1500.0	0.0017145	104.812462091
1500.0	0.0017145	104.853354216
1500.0	0.001717	104.894789219
1500.0	0.001717	104.935788155
1500.0	0.001717	104.97709012
1500.0	0.0017155	105.018389225
1500.0	0.0017145	105.059253216
1500.0	0.0017135	105.100176096
1500.0	0.0017145	105.141107082
1500.0	0.0017145	105.182428122
1500.0	0.0017145	105.223388195
1500.0	0.0017145	105.264320135
1500.0	0.001713	105.305646181
1510.0	0.0017125	105.568805218
1510.0	0.001711	105.609849215
1510.0	0.00171	105.650802135
1510.0	0.0017125	105.69215107
1510.0	0.001715	105.732746124
1510.0	0.001717	105.774001122
1510.0	0.001716	105.814668179
1510.0	0.0017145	105.855969191
1510.0	0.0017125	105.897613049
1510.0	0.0017105	105.937851191
1510.0	0.00171	105.979498148
1510.0	0.0017105	106.02081418
1510.0	0.001711	106.061068058
1510.0	0.0017105	106.102397203
1510.0	0.001712	106.143660069
1510.0	0.0017105	106.184520006
1510.0	0.00171	106.225849152
1510.0	0.001708	106.266809225
1510.0	0.00171	106.307797194
1510.0	0.00171	106.349064112
1510.0	0.001711	106.389996052
1510.0	0.001712	106.431306124
1510.0	0.001711	106.472268105
1510.0	0.001711	106.513652086
1510.0	0.001711	106.553844213
1520.0	0.0017145	106.816753149
1520.0	0.001716	106.858422041
1520.0	0.0017145	106.899347067
1520.0	0.001715	106.940636158
1520.0	0.0017135	106.981271029
1520.0	0.001715	107.022497177
1520.0	0.001713	107.063532114
1520.0	0.0017085	107.104465008
1520.0	0.0017045	107.146037102
1520.0	0.001703	107.186994076
1520.0	0.0017035	107.227945089
1520.0	0.0017055	107.269222021
1520.0	0.0017045	107.309484005
1520.0	0.0017035	107.351533175
1520.0	0.001703	107.392245054
1520.0	0.001705	107.433042049
1520.0	0.001707	107.47401619
1520.0	0.001708	107.51544404
1520.0	0.0017055	107.556633234
1520.0	0.0017035	107.597584009
1520.0	0.001703	107.638995171
1520.0	0.001702	107.679973125
1520.0	0.0017025	107.720481157
1520.0	0.0017025	107.762238026
1520.0	0.0017035	107.802828074
1530.0	0.0017035	108.065875053
1530.0	0.001703	108.106849194
1530.0	0.0017025	108.147796154
1530.0	0.001703	108.18910408
1530.0	0.0017035	108.229799032
1530.0	0.0017025	108.270956039
1530.0	0.0017005	108.312074184
1530.0	0.0017	108.35287118
1530.0	0.0016985	108.394206047
1530.0	0.0017	108.435660124
1530.0	0.0016985	108.476554155
1530.0	0.0017	108.517530203
1530.0	0.0016985	108.558501005
1530.0	0.0017	108.599793196
1530.0	0.0016995	108.64074111
1530.0	0.0017	108.681720018
1530.0	0.0017005	108.723330021
1530.0	0.001702	108.764261007
1530.0	0.001701	108.805250168
1530.0	0.0017025	108.846579075
1530.0	0.001701	108.886854172
1530.0	0.001702	108.928455114
1530.0	0.0017005	108.969057083
1530.0	0.0017005	109.010751009
1530.0	0.0017005	109.051674128
1540.0	0.001692	109.314414024
1540.0	0.0016925	109.355026007
1540.0	0.0016945	109.396273136
1540.0	0.001693	109.437994003
1540.0	0.00169	109.47927022
1540.0	0.001686	109.51970911
1540.0	0.0016855	109.560972214
1540.0	0.0016855	109.602221012
1540.0	0.001687	109.643195152
1540.0	0.001687	109.684504032
1540.0	0.001686	109.724768162
1540.0	0.0016855	109.765989065
1540.0	0.0016855	109.807030201
1540.0	0.001686	109.848270178
1540.0	0.0016855	109.889293194
1540.0	0.0016855	109.930242062
1540.0	0.001683	109.971537113
1540.0	0.0016845	110.012819052
1540.0	0.0016835	110.053445101
1540.0	0.0016855	110.095035076
1540.0	0.001686	110.136738062
1540.0	0.0016875	110.177375078
1540.0	0.001688	110.217541218
1540.0	0.0016905	110.259275198
1540.0	0.00169	110.300204039
1550.0	0.001685	110.562708139
1550.0	0.001682	110.6038692
1550.0	0.0016785	110.644989014
1550.0	0.0016745	110.68615222
1550.0	0.0016735	110.727120161
1550.0	0.001672	110.76849103
1550.0	0.0016725	110.809498072
1550.0	0.001671	110.849956036
1550.0	0.001672	110.891375065
1550.0	0.0016695	110.932687998
1550.0	0.001667	110.973501205
1550.0	0.0016635	111.014614105
1550.0	0.001661	111.055529118
1550.0	0.0016595	111.096744061
1550.0	0.0016605	111.137714148
1550.0	0.001661	111.179082155
1550.0	0.001663	111.220382214
1550.0	0.001661	111.2613132
1550.0	0.0016595	111.302308083
1550.0	0.0016595	111.342846155
1550.0	0.0016595	111.384936094
1550.0	0.0016605	111.42952323
1550.0	0.0016605	111.470489025
1550.0	0.001661	111.511804104
1550.0	0.0016595	111.552730083
1560.0	0.001653	111.819647074
1560.0	0.0016505	111.861038208
1560.0	0.001648	111.901955128
1560.0	0.0016445	111.943212032
1560.0	0.001642	111.983939171
1560.0	0.0016395	112.024900198
1560.0	0.0016395	112.066090107
1560.0	0.001637	112.107073069
1560.0	0.0016345	112.148365021
1560.0	0.00163	112.189626217
1560.0	0.001628	112.230578184
1560.0	0.001627	112.271536112
1560.0	0.001626	112.31250906
1560.0	0.001625	112.353805065
1560.0	0.001625	112.395213127
1560.0	0.001625	112.436155081
1560.0	0.0016255	112.477028131
1560.0	0.0016235	112.517637014
1560.0	0.0016225	112.559303045
1560.0	0.0016205	112.600379229
1560.0	0.0016205	112.640850067
1560.0	0.001622	112.682130098
1560.0	0.0016235	112.723801136
1560.0	0.0016235	112.764202118
1560.0	0.001623	112.805442095
1570.0	0.001613	113.072427034
1570.0	0.00161	113.113325119
1570.0	0.001605	113.154897213
1570.0	0.001601	113.19584012
1570.0	0.001596	113.236577034
1570.0	0.0015905	113.277752161
1570.0	0.001587	113.319201231
1570.0	0.0015825	113.360023022
1570.0	0.00158	113.400997162
1570.0	0.001577	113.442354202
1570.0	0.0015755	113.483317137
1570.0	0.001573	113.524614096
1570.0	0.0015725	113.565140009
1570.0	0.001571	113.606544018
1570.0	0.001571	113.647858143
1570.0	0.0015695	113.688725233
1570.0	0.0015695	113.729786158
1570.0	0.001568	113.770745039
1570.0	0.0015695	113.811695099
1570.0	0.001568	113.85297513
1570.0	0.0015675	113.893912077
1570.0	0.0015675	113.935562134
1570.0	0.001567	113.976195097
1570.0	0.0015655	114.017120123
1570.0	0.0015645	114.058451176
1580.0	0.0015495	114.329076052
1580.0	0.0015445	114.370338202
1580.0	0.001537	114.411339998
1580.0	0.0015295	114.452329159
1580.0	0.001522	114.494007111
1580.0	0.0015155	114.534839153
1580.0	0.0015105	114.575902224
1580.0	0.0015075	114.617180109
1580.0	0.0015045	114.65814805
1580.0	0.001502	114.699050188
1580.0	0.001498	114.739990234
1580.0	0.0014945	114.781018019
1580.0	0.001492	114.822300196
1580.0	0.0014895	114.862828016
1580.0	0.001488	114.904221058
1580.0	0.001486	114.945077181
1580.0	0.0014855	114.986390114
1580.0	0.0014855	115.027686119
1580.0	0.001486	115.068670034
1580.0	0.0014855	115.109620094
1580.0	0.0014845	115.150849104
1580.0	0.0014825	115.191842079
1580.0	0.0014825	115.233462095
1580.0	0.0014825	115.273735046
1580.0	0.0014845	115.315217018
1590.0	0.001463	115.586086035
1590.0	0.001456	115.627387047
1590.0	0.0014475	115.668037176
1590.0	0.001442	115.709716082
1590.0	0.001435	115.750581026
1590.0	0.001431	115.791209221
1590.0	0.0014255	115.832496166
1590.0	0.001422	115.873909235
1590.0	0.001416	115.914705038
1590.0	0.001411	115.956208229
1590.0	0.001406	115.996990204
1590.0	0.001402	116.038033009
1590.0	0.001398	116.078923225
1590.0	0.001395	116.119961023
1590.0	0.0013925	116.160828114
1590.0	0.0013905	116.202236176
1590.0	0.00139	116.243221998
1590.0	0.001388	116.284399033
1590.0	0.001387	116.325821161
1590.0	0.0013845	116.366734028
1590.0	0.0013835	116.407705069
1590.0	0.001382	116.448658228
1590.0	0.001382	116.489620209
1590.0	0.001381	116.530962229
1590.0	0.0013825	116.57192111
1600.0	0.001361	116.839017153
1600.0	0.0013545	116.8797822
1600.0	0.001346	116.921276093
1600.0	0.001338	116.962028027
1600.0	0.001331	117.003349066
1600.0	0.001325	117.044239998
1600.0	0.001318	117.085291147
1600.0	0.001315	117.126549006
1600.0	0.00131	117.167835236
1600.0	0.001307	117.208733082
1600.0	0.001301	117.249411106
1600.0	0.001297	117.290709019
1600.0	0.001293	117.331562042
1600.0	0.00129	117.372630119
1600.0	0.0012875	117.413874149
1600.0	0.0012855	117.454517126
1600.0	0.001283	117.495830059
1600.0	0.001281	117.536812067
1600.0	0.00128	117.578123093
1600.0	0.0012795	117.619273186
1600.0	0.0012785	117.660601139
1600.0	0.0012775	117.701612234
1600.0	0.0012775	117.742582083
1600.0	0.0012765	117.78355813
1600.0	0.001276	117.824779034
1610.0	0.001261	118.09543705
1610.0	0.001254	118.136372089
1610.0	0.001246	118.177679062
1610.0	0.001238	118.218640089
1610.0	0.0012305	118.259583235
1610.0	0.001224	118.300924063
1610.0	0.0012185	118.341899157
1610.0	0.001214	118.383128166
1610.0	0.001208	118.424478054
1610.0	0.0012015	118.465070009
1610.0	0.001194	118.510082006
1610.0	0.0011905	118.551490068
1610.0	0.0011875	118.592493057
1610.0	0.001186	118.634104013
1610.0	0.001183	118.674753189
1610.0	0.001181	118.715728998
1610.0	0.0011785	118.757019043
1610.0	0.0011775	118.797829151
1610.0	0.0011775	118.838927031
1610.0	0.0011765	118.880537033
1610.0	0.001176	118.921210051
1610.0	0.001175	118.962477207
1610.0	0.0011735	119.003427029
1610.0	0.001173	119.044592142
1610.0	0.001173	119.085671186
1620.0	0.0011555	119.356353998
1620.0	0.0011485	119.397633076
1620.0	0.0011425	119.438628197
1620.0	0.0011355	119.479896069
1620.0	0.001128	119.520742178
1620.0	0.0011215	119.561719179
1620.0	0.0011165	119.602816105
1620.0	0.0011125	119.643965006
1620.0	0.001108	119.685021162
1620.0	0.0011055	119.726002216
1620.0	0.0011025	119.767168999
1620.0	0.0011	119.808281183
1620.0	0.001096	119.849229097
1620.0	0.001094	119.890524149
1620.0	0.001089	119.931473017
1620.0	0.001084	119.972422123
1620.0	0.0010805	120.013709068
1620.0	0.0010785	120.054713011
1620.0	0.0010775	120.095518112
1620.0	0.0010775	120.136835098
1620.0	0.0010775	120.177775145
1620.0	0.001078	120.219059229
1620.0	0.0010785	120.260400057
1620.0	0.00108	120.301329136
1620.0	0.0010815	120.342378139
1630.0	0.001065	120.613080025
1630.0	0.0010575	120.654367208
1630.0	0.001049	120.695319176
1630.0	0.001041	120.73665309
1630.0	0.001034	120.777807236
1630.0	0.0010305	120.818513155
1630.0	0.001026	120.859415054
1630.0	0.0010225	120.901177168
1630.0	0.001018	120.94176507
1630.0	0.001013	120.983053207
1630.0	0.001009	121.024031162
1630.0	0.001006	121.065184116
1630.0	0.0010035	121.106522083
1630.0	0.001003	121.147516012
1630.0	0.001001	121.188802004
1630.0	0.0010005	121.22973609
1630.0	0.0009985	121.270679235
1630.0	0.000998	121.311765194
1630.0	0.000996	121.352711201
1630.0	0.000996	121.393657207
1630.0	0.0009955	121.434511185
1630.0	0.0009955	121.475823164
1630.0	0.0009935	121.516883135
1630.0	0.000993	121.557841063
1630.0	0.0009915	121.59904623
1640.0	0.000978	121.870380163
1640.0	0.0009725	121.911434174
1640.0	0.0009665	121.951938152
1640.0	0.00096	121.99321413
1640.0	0.000955	122.034168005
1640.0	0.000951	122.075525045
1640.0	0.0009465	122.116923094
1640.0	0.000943	122.15774703
1640.0	0.000939	122.199276209
1640.0	0.0009355	122.239764214
1640.0	0.000931	122.280715227
1640.0	0.000928	122.321662188
1640.0	0.0009255	122.363317013
1640.0	0.000925	122.404299021
1640.0	0.0009225	122.445288181
1640.0	0.0009215	122.486100197
1640.0	0.0009205	122.527453184
1640.0	0.00092	122.568382025
1640.0	0.000918	122.609312057
1640.0	0.0009165	122.650617123
1640.0	0.0009155	122.692041159
1640.0	0.0009175	122.732545137
1640.0	0.0009175	122.774280071
1640.0	0.000918	122.815187216
1640.0	0.000916	122.856107235
1650.0	0.0009005	123.131265163
1650.0	0.0008955	123.171846151
1650.0	0.000891	123.213105202
1650.0	0.0008855	123.254419088
1650.0	0.0008805	123.295365095
1650.0	0.0008755	123.336688042
1650.0	0.0008715	123.377632141
1650.0	0.000868	123.418246031
1650.0	0.000866	123.459568024
1650.0	0.000864	123.500500202
1650.0	0.000861	123.543241024
1650.0	0.000859	123.582840204
1650.0	0.000858	123.624144077
1650.0	0.000856	123.665022135
1650.0	0.000855	123.706344128
1650.0	0.000854	123.747646093
1650.0	0.0008525	123.787917137
1650.0	0.000851	123.82923913
1650.0	0.000849	123.870113134
1650.0	0.000849	123.911084175
1650.0	0.0008485	123.952364206
1650.0	0.0008485	123.993813038
1650.0	0.0008475	124.034643173
1650.0	0.000846	124.076046228
1650.0	0.000845	124.116909027
1660.0	0.000835	124.395872116
1660.0	0.000828	124.436865091
1660.0	0.000821	124.478445053
1660.0	0.0008155	124.51943922
1660.0	0.000811	124.560619116
1660.0	0.0008085	124.601922035
1660.0	0.000806	124.642194033
1660.0	0.0008035	124.683881998
1660.0	0.000801	124.725567102
1660.0	0.000798	124.765820026
1660.0	0.000796	124.806837082
1660.0	0.0007935	124.847777128
1660.0	0.0007925	124.889316082
1660.0	0.0007915	124.93038106
1660.0	0.000791	124.971330166
1660.0	0.00079	125.012305021
1660.0	0.0007875	125.053236008
1660.0	0.000786	125.094422102
1660.0	0.000784	125.135042191
1660.0	0.0007835	125.176701069
1660.0	0.0007825	125.217994213
1660.0	0.0007815	125.258616209
1660.0	0.000781	125.299576998
1660.0	0.000781	125.340535164
1660.0	0.000781	125.381567001
1670.0	0.0007705	125.661480188
1670.0	0.000765	125.702409029
1670.0	0.0007605	125.743766069
1670.0	0.000756	125.784266233
1670.0	0.000753	125.825567007
1670.0	0.0007485	125.866501093
1670.0	0.000744	125.908520222
1670.0	0.0007405	125.949086189
1670.0	0.0007385	125.989699125
1670.0	0.0007365	126.030629158
1670.0	0.0007355	126.071581125
1670.0	0.000734	126.113233089
1670.0	0.000731	126.154307127
1670.0	0.000729	126.195643187
1670.0	0.0007275	126.235803127
1670.0	0.0007265	126.277229071
1670.0	0.000724	126.318537235
1670.0	0.0007235	126.359483004
1670.0	0.0007225	126.400286198
1670.0	0.0007225	126.441753149
1670.0	0.000721	126.482556105
1670.0	0.000721	126.52394104
1670.0	0.000721	126.565190077
1670.0	0.000721	126.606223106
1670.0	0.000721	126.646848202
1680.0	0.0007065	126.930826187
1680.0	0.000703	126.971455097
1680.0	0.0007	127.012279034
1680.0	0.000696	127.05331111
1680.0	0.0006935	127.095000029
1680.0	0.00069	127.135873079
1680.0	0.0006865	127.176926136
1680.0	0.000683	127.217856169
1680.0	0.0006805	127.259221077
1680.0	0.000678	127.300104141
1680.0	0.000676	127.340970039
1680.0	0.000675	127.381927013
1680.0	0.000673	127.423019171
1680.0	0.0006715	127.464279175
1680.0	0.00067	127.505217075
1680.0	0.000669	127.546461105
1680.0	0.000668	127.587429047
1680.0	0.0006675	127.628395081
1680.0	0.000666	127.669656038
1680.0	0.000666	127.710992098
1680.0	0.0006655	127.75153017
1680.0	0.000664	127.792898178
1680.0	0.0006615	127.83380723
1680.0	0.0006605	127.874899149
1680.0	0.000659	127.91644311
1690.0	0.000651	128.199721098
1690.0	0.0006475	128.24071908
1690.0	0.0006435	128.281700134
1690.0	0.00064	128.322277069
1690.0	0.0006365	128.363891125
1690.0	0.0006335	128.405540228
1690.0	0.0006305	128.4458251
1690.0	0.0006285	128.486789227
1690.0	0.0006255	128.527728081
1690.0	0.0006235	128.569036007
1690.0	0.0006215	128.610333204
1690.0	0.0006205	128.651365042
1690.0	0.000619	128.692586184
1690.0	0.000619	128.733654022
1690.0	0.0006175	128.774591208
1690.0	0.000616	128.815253019
1690.0	0.000615	128.856540203
1690.0	0.0006135	128.898151159
1690.0	0.0006125	128.938794136
1690.0	0.000611	128.979772091
1690.0	0.00061	129.020685196
1690.0	0.000609	129.061981201
1690.0	0.00061	129.103297234
1690.0	0.00061	129.144273043
1690.0	0.00061	129.185241222
1700.0	0.0005985	129.464409113
1700.0	0.0005955	129.505626202
1700.0	0.0005915	129.546569109
1700.0	0.0005885	129.587503195
1700.0	0.0005855	129.628488064
1700.0	0.0005825	129.670105219
1700.0	0.000579	129.710727215
1700.0	0.000575	129.751686096
1700.0	0.000571	129.793322086
1700.0	0.000569	129.833927155
1700.0	0.000568	129.874899149
1700.0	0.0005675	129.915831089
1700.0	0.0005655	129.957167149
1700.0	0.000564	129.998546124
1700.0	0.0005625	130.039431095
1700.0	0.0005625	130.080724001
1700.0	0.0005615	130.122101068
1700.0	0.0005615	130.162753105
1700.0	0.000561	130.204073191
1700.0	0.0005605	130.245559216
1700.0	0.0005605	130.285959005
1700.0	0.0005605	130.326931
1700.0	0.000559	130.368238211
1700.0	0.000558	130.409090042
1700.0	0.000558	130.450108051
1710.0	0.000551	130.729590178
1710.0	0.000548	130.770966053
1710.0	0.000544	130.812277079
1710.0	0.0005415	130.852908134
1710.0	0.0005385	130.893715143
1710.0	0.000535	130.934854031
1710.0	0.000531	130.975750208
1710.0	0.000529	131.016619205
1710.0	0.0005265	131.057986021
1710.0	0.0005255	131.098893166
1710.0	0.000524	131.139923096
1710.0	0.0005225	131.181204081
1710.0	0.000521	131.222505093
1710.0	0.00052	131.263479233
1710.0	0.0005185	131.30471921
1710.0	0.000518	131.345641136
1710.0	0.0005165	131.386602163
1710.0	0.000516	131.428584099
1710.0	0.000515	131.468853235
1710.0	0.000514	131.509799004
1710.0	0.0005135	131.55076623
1710.0	0.000513	131.591749191
1710.0	0.0005125	131.632998228
1710.0	0.0005115	131.673938036
1710.0	0.0005115	131.715272188
1720.0	0.0005035	131.998557091
1720.0	0.000501	132.039980173
1720.0	0.0004975	132.080955029
1720.0	0.000494	132.122549057
1720.0	0.00049	132.162739038
1720.0	0.0004875	132.204174042
1720.0	0.0004835	132.245105028
1720.0	0.0004815	132.286077023
1720.0	0.00048	132.327040195
1720.0	0.0004775	132.368337154
1720.0	0.000476	132.409309149
1720.0	0.0004755	132.450947046
1720.0	0.0004755	132.491893053
1720.0	0.000475	132.532757044
1720.0	0.0004735	132.573455095
1720.0	0.000473	132.614768028
1720.0	0.000471	132.656064034
1720.0	0.00047	132.696982145
1720.0	0.0004685	132.737962008
1720.0	0.0004675	132.779251099
1720.0	0.0004665	132.820107222
1720.0	0.0004665	132.861213207
1720.0	0.0004675	132.902408123
1720.0	0.0004675	132.943776131
1720.0	0.000468	132.984734058
1730.0	0.0004605	133.26358223
1730.0	0.0004585	133.304821014
1730.0	0.000455	133.345815182
1730.0	0.0004525	133.386715174
1730.0	0.00045	133.428024054
1730.0	0.0004475	133.4689641
1730.0	0.000444	133.510280132
1730.0	0.0004425	133.551583052
1730.0	0.00044	133.592485189
1730.0	0.000438	133.633086205
1730.0	0.000436	133.674416065
1730.0	0.000435	133.715395212
1730.0	0.000434	133.756455183
1730.0	0.000433	133.797380209
1730.0	0.0004325	133.8390131
1730.0	0.0004315	133.880003214
1730.0	0.000431	133.920976162
1730.0	0.000429	133.961786032
1730.0	0.000429	134.00288105
1730.0	0.0004285	134.043820143
1730.0	0.000428	134.084691048
1730.0	0.000428	134.126066208
1730.0	0.000428	134.167302132
1730.0	0.0004275	134.208368063
1730.0	0.0004275	134.249313116
1740.0	0.0004205	134.524308205
1740.0	0.000418	134.566025019
1740.0	0.0004135	134.606572151
1740.0	0.000409	134.648210049
1740.0	0.0004065	134.688563108
1740.0	0.000405	134.729839087
1740.0	0.000403	134.770858049
1740.0	0.0004015	134.812138081
1740.0	0.000399	134.852995157
1740.0	0.0003975	134.894377232
1740.0	0.000396	134.935230017
1740.0	0.000396	134.976923227
1740.0	0.000395	135.017616034
1740.0	0.000394	135.058441162
1740.0	0.000393	135.099879026
1740.0	0.0003915	135.141085148
1740.0	0.000391	135.182097197
1740.0	0.0003905	135.223010063
1740.0	0.00039	135.263664007
1740.0	0.00039	135.305272102
1740.0	0.000389	135.346231222
1740.0	0.00039	135.386902094
1740.0	0.00039	135.428450108
1740.0	0.0003905	135.469066143
1740.0	0.00039	135.510364056
1750.0	0.0003825	135.789901018
1750.0	0.000379	135.830511093
1750.0	0.000376	135.871458054
1750.0	0.0003735	135.912894011
1750.0	0.0003705	135.954205036
1750.0	0.0003685	135.995040178
1750.0	0.000366	136.035788059
1750.0	0.000365	136.076952219
1750.0	0.000363	136.118267059
1750.0	0.0003615	136.160218
1750.0	0.0003605	136.200839043
1750.0	0.00036	136.241210222
1750.0	0.000358	136.282416105
1750.0	0.0003565	136.323463202
1750.0	0.000356	136.364406109
1750.0	0.000355	136.405655146
1750.0	0.0003535	136.44670105
1750.0	0.000353	136.487683058
1750.0	0.000353	136.528648138
1750.0	0.0003535	136.569946051
1750.0	0.0003525	136.610795021
1750.0	0.0003515	136.652189016
1750.0	0.000351	136.693131208
1750.0	0.0003505	136.73431921
1750.0	0.000351	136.775365114
1760.0	0.000344	137.054811001
1760.0	0.0003425	137.0955441
1760.0	0.000339	137.137201071
1760.0	0.0003365	137.178104162
1760.0	0.000334	137.218782187
1760.0	0.0003325	137.259720087
1760.0	0.00033	137.30133605
1760.0	0.0003285	137.342656136
1760.0	0.000326	137.383244038
1760.0	0.000325	137.424119234
1760.0	0.000323	137.465880156
1760.0	0.0003225	137.506397009
1760.0	0.000321	137.547344208
1760.0	0.000319	137.58864522
1760.0	0.000318	137.629959106
1760.0	0.000318	137.670855045
1760.0	0.0003165	137.712272167
1760.0	0.000316	137.753150225
1760.0	0.0003155	137.79440403
1760.0	0.000315	137.835402012
1760.0	0.000315	137.87601614
1760.0	0.000315	137.91707921
1760.0	0.000315	137.958734035
1760.0	0.0003135	138.000250101
1760.0	0.000314	138.040893078
1770.0	0.0003075	138.324178219
1770.0	0.0003055	138.365233183
1770.0	0.0003025	138.405694008
1770.0	0.0003	138.447482109
1770.0	0.0002965	138.488445044
1770.0	0.000295	138.52899909
1770.0	0.0002935	138.570602179
1770.0	0.0002915	138.61167407
1770.0	0.00029	138.652280092
1770.0	0.000286	138.693594217
1770.0	0.000284	138.734519005
1770.0	0.000283	138.775858164
1770.0	0.0002825	138.816808224
1770.0	0.0002815	138.857756138
1770.0	0.000281	138.899055004
1770.0	0.000281	138.939563036
1770.0	0.0002805	138.981313229
1770.0	0.00028	139.022592068
1770.0	0.00028	139.063224077
1770.0	0.0002785	139.104797125
1770.0	0.0002785	139.14913106
1770.0	0.000278	139.190797091
1770.0	0.0002785	139.231380224
1770.0	0.000278	139.272635221
1770.0	0.000278	139.314776182
1780.0	0.0002715	139.597010136
1780.0	0.000268	139.638338089
1780.0	0.0002655	139.679285049
1780.0	0.0002635	139.720534086
1780.0	0.000261	139.761554003
1780.0	0.000259	139.802746058
1780.0	0.0002575	139.843434095
1780.0	0.0002555	139.884665012
1780.0	0.0002535	139.925703049
1780.0	0.0002525	139.967013121
1780.0	0.000251	140.008263111
1780.0	0.000249	140.048863173
1780.0	0.0002485	140.089544058
1780.0	0.0002475	140.130832195
1780.0	0.0002475	140.171813011
1780.0	0.000246	140.213355064
1780.0	0.0002455	140.25410223
1780.0	0.000245	140.295074224
1780.0	0.0002435	140.336675167
1780.0	0.0002435	140.37731123
1780.0	0.0002435	140.418256044
1780.0	0.0002435	140.459536076
1780.0	0.000243	140.500849009
1780.0	0.000243	140.541824102
1780.0	0.0002425	140.582738161
1790.0	0.000236	140.865954161
1790.0	0.0002335	140.906921148
1790.0	0.000231	140.948218107
1790.0	0.0002285	140.989179134
1790.0	0.000226	141.030426025
1790.0	0.000224	141.071355104
1790.0	0.0002225	141.112399101
1790.0	0.0002205	141.154681206
1790.0	0.0002185	141.19462204
1790.0	0.0002165	141.236054182
1790.0	0.0002155	141.277236223
1790.0	0.000215	141.317638159
1790.0	0.0002135	141.359119177
1790.0	0.000213	141.400472164
1790.0	0.0002115	141.441529036
1790.0	0.000211	141.482448101
1790.0	0.0002105	141.523752213
1790.0	0.00021	141.564725161
1790.0	0.000209	141.605557203
1790.0	0.000209	141.646517038
1790.0	0.0002085	141.687839031
1790.0	0.000208	141.728903055
1790.0	0.000208	141.769876003
1790.0	0.000208	141.811512232
1790.0	0.000208	141.852122068
1800.0	0.0002015	142.135631084
1800.0	0.000199	142.176627159
1800.0	0.0001965	142.221303225
1800.0	0.000194	142.262622118
1800.0	0.0001925	142.303552151
1800.0	0.00019	142.34486413
1800.0	0.000188	142.385837078
1800.0	0.000186	142.426819086
1800.0	0.000184	142.469127178
1800.0	0.000183	142.50873518
1800.0	0.0001815	142.550013065
1800.0	0.0001805	142.591683149
1800.0	0.00018	142.632234097
1800.0	0.000179	142.673195124
1800.0	0.000179	142.714176178
1800.0	0.0001785	142.755117178
1800.0	0.0001775	142.796880007
1800.0	0.0001775	142.838190079
1800.0	0.0001765	142.878688097
1800.0	0.000176	142.920129061
1800.0	0.0001765	142.961415052
1800.0	0.000176	143.0020082
1800.0	0.000176	143.042959213
1800.0	0.0001755	143.084611177
1800.0	0.0001755	143.125891209
