Wavelength[nm], Lock-in voltage[uV], Raw data[0..1023 steps], Timetrace [sec]
1950	6.15835777126	252	0.000392198562622
1950	6.15835777126	252	0.0503940582275
1950	6.15835777126	252	0.100396156311
1950	6.1339198436	251	0.150399208069
1950	6.1339198436	251	0.200401067734
1950	6.1339198436	251	0.250403165817
1950	6.10948191593	250	0.300405025482
1950	6.10948191593	250	0.350406169891
1950	6.08504398827	249	0.400408029556
1950	6.08504398827	249	0.450409173965
1950	6.08504398827	249	0.50041103363
1950	6.08504398827	249	0.55041217804
1950	6.06060606061	248	0.600414037704
1950	6.06060606061	248	0.650415182114
1950	6.06060606061	248	0.700417041779
1950	6.06060606061	248	0.750419139862
1950	6.03616813294	247	0.800420999527
1950	6.01173020528	246	0.850422143936
1950	6.01173020528	246	0.900424003601
1950	6.01173020528	246	0.95042514801
1950	6.01173020528	246	1.00042700768
1950	6.01173020528	246	1.05042815208
1950	6.01173020528	246	1.10042905807
1950	6.01173020528	246	1.15043115616
1950	6.03616813294	247	1.20043301582
1950	6.03616813294	247	1.25043416023
1950	6.03616813294	247	1.3004360199
1950	6.03616813294	247	1.35043716431
1950	6.03616813294	247	1.40043902397
1950	6.03616813294	247	1.45044112206
1950	6.03616813294	247	1.50044417381
1950	6.03616813294	247	1.55044603348
1950	6.06060606061	248	1.60044813156
1950	6.06060606061	248	1.65045022964
1950	6.06060606061	248	1.70045304298
1950	6.06060606061	248	1.75045418739
1950	6.06060606061	248	1.80045604706
1950	6.08504398827	249	1.85045814514
1950	6.08504398827	249	1.90046000481
1950	6.06060606061	248	1.95046114922
1950	6.08504398827	249	2.00046300888
1950	6.08504398827	249	2.05046415329
1950	6.08504398827	249	2.10046601295
1950	6.08504398827	249	2.15046715736
1950	6.08504398827	249	2.20046901703
1950	6.08504398827	249	2.25047016144
1950	6.08504398827	249	2.3004720211
1950	6.08504398827	249	2.35047316551
1950	6.08504398827	249	2.40047502518
1950	6.08504398827	249	2.45047712326
1950	6.10948191593	250	2.50047922134
1950	6.08504398827	249	2.55048108101
1950	6.10948191593	250	2.60048317909
1950	6.10948191593	250	2.65048503876
1950	6.10948191593	250	2.70048618317
1950	6.10948191593	250	2.75048708916
1950	6.1339198436	251	2.80048823357
1950	6.1339198436	251	2.85049104691
1950	6.1339198436	251	2.90049314499
1950	6.1339198436	251	2.95049500465
1960	6.1339198436	251	3.0008430481
1960	6.1339198436	251	3.05084514618
1960	6.1339198436	251	3.10084700584
1960	6.1339198436	251	3.15084910393
1960	6.10948191593	250	3.20085120201
1960	6.10948191593	250	3.25085306168
1960	6.10948191593	250	3.30085515976
1960	6.10948191593	250	3.35085701942
1960	6.08504398827	249	3.40085911751
1960	6.08504398827	249	3.45086121559
1960	6.10948191593	250	3.50086307526
1960	6.08504398827	249	3.55086612701
1960	6.08504398827	249	3.6008682251
1960	6.08504398827	249	3.65087008476
1960	6.08504398827	249	3.70087218285
1960	6.08504398827	249	3.75087404251
1960	6.08504398827	249	3.80087614059
1960	6.08504398827	249	3.85087800026
1960	6.10948191593	250	3.90087914467
1960	6.10948191593	250	3.95088100433
1960	6.08504398827	249	4.00088214874
1960	6.10948191593	250	4.05088400841
1960	6.10948191593	250	4.10088515282
1960	6.10948191593	250	4.15088701248
1960	6.10948191593	250	4.20088815689
1960	6.1339198436	251	4.25089001656
1960	6.10948191593	250	4.30089211464
1960	6.1339198436	251	4.35089421272
1960	6.1339198436	251	4.40089607239
1960	6.1339198436	251	4.45089817047
1960	6.1339198436	251	4.50090122223
1960	6.1339198436	251	4.55090308189
1960	6.1339198436	251	4.60090517998
1960	6.10948191593	250	4.65090918541
1960	6.10948191593	250	4.70091104507
1960	6.08504398827	249	4.75091314316
1960	6.08504398827	249	4.80091500282
1960	6.06060606061	248	4.85091614723
1960	6.06060606061	248	4.90091919899
1960	6.03616813294	247	4.95092105865
1960	6.03616813294	247	5.00092411041
1960	6.01173020528	246	5.05092716217
1960	6.01173020528	246	5.10092902184
1960	6.01173020528	246	5.15093111992
1960	5.98729227761	245	5.20093417168
1960	6.01173020528	246	5.25093603134
1960	5.98729227761	245	5.30093717575
1960	6.01173020528	246	5.35093903542
1960	5.98729227761	245	5.40094017982
1960	6.01173020528	246	5.45094323158
1960	6.01173020528	246	5.50094509125
1960	6.01173020528	246	5.55094718933
1960	6.01173020528	246	5.600949049
1960	6.01173020528	246	5.65095114708
1960	6.01173020528	246	5.70095300674
1960	6.01173020528	246	5.75095510483
1960	6.01173020528	246	5.80095911026
1960	6.01173020528	246	5.85096216202
1960	6.01173020528	246	5.90096402168
1960	6.01173020528	246	5.95096516609
1970	6.01173020528	246	6.00126600266
1970	6.01173020528	246	6.05126714706
1970	6.01173020528	246	6.10127019882
1970	6.03616813294	247	6.15127301216
1970	6.03616813294	247	6.20127511024
1970	6.06060606061	248	6.251278162
1970	6.08504398827	249	6.30128121376
1970	6.08504398827	249	6.35128307343
1970	6.08504398827	249	6.40128612518
1970	6.10948191593	250	6.45128822327
1970	6.10948191593	250	6.50130105019
1970	6.10948191593	250	6.55130410194
1970	6.10948191593	250	6.60130620003
1970	6.10948191593	250	6.65130901337
1970	6.10948191593	250	6.70131015778
1970	6.10948191593	250	6.75131320953
1970	6.10948191593	250	6.8013150692
1970	6.10948191593	250	6.85131716728
1970	6.10948191593	250	6.90131902695
1970	6.08504398827	249	6.95132112503
1970	6.08504398827	249	7.00132417679
1970	6.06060606061	248	7.05132722855
1970	6.06060606061	248	7.10132908821
1970	6.03616813294	247	7.15133213997
1970	6.03616813294	247	7.20133399963
1970	6.01173020528	246	7.25133609772
1970	5.98729227761	245	7.3013381958
1970	5.98729227761	245	7.35134005547
1970	5.96285434995	244	7.40134310722
1970	5.96285434995	244	7.45134520531
1970	5.96285434995	244	7.50134706497
1970	5.93841642229	243	7.55134916306
1970	5.93841642229	243	7.60135221481
1970	5.93841642229	243	7.65135407448
1970	5.93841642229	243	7.70135712624
1970	5.96285434995	244	7.75135922432
1970	5.96285434995	244	7.80136108398
1970	5.96285434995	244	7.85136318207
1970	5.96285434995	244	7.90136504173
1970	5.96285434995	244	7.95136618614
1970	5.98729227761	245	8.00136899948
1970	5.98729227761	245	8.05137014389
1970	6.01173020528	246	8.10137200356
1970	6.01173020528	246	8.15137314796
1970	6.01173020528	246	8.20137500763
1970	6.01173020528	246	8.25137615204
1970	6.03616813294	247	8.3013780117
1970	6.03616813294	247	8.35138010979
1970	6.03616813294	247	8.40138220787
1970	6.06060606061	248	8.45138406754
1970	6.06060606061	248	8.50138711929
1970	6.06060606061	248	8.55139017105
1970	6.06060606061	248	8.60139203072
1970	6.06060606061	248	8.65139317513
1970	6.06060606061	248	8.70139622688
1970	6.06060606061	248	8.75139808655
1970	6.03616813294	247	8.80140113831
1970	6.03616813294	247	8.85140419006
1970	6.03616813294	247	8.90140604973
1970	6.03616813294	247	8.95140814781
1980	6.03616813294	247	9.00191903114
1980	6.03616813294	247	9.05192017555
1980	6.03616813294	247	9.10192203522
1980	6.03616813294	247	9.15192317963
1980	6.06060606061	248	9.20192623138
1980	6.06060606061	248	9.25192809105
1980	6.06060606061	248	9.30193018913
1980	6.08504398827	249	9.3519320488
1980	6.10948191593	250	9.40193414688
1980	6.10948191593	250	9.45193600655
1980	6.1339198436	251	9.50193715096
1980	6.1339198436	251	9.55193901062
1980	6.15835777126	252	9.60194015503
1980	6.18279569892	253	9.65194201469
1980	6.18279569892	253	9.7019431591
1980	6.20723362659	254	9.75194501877
1980	6.20723362659	254	9.80194711685
1980	6.20723362659	254	9.85194921494
1980	6.20723362659	254	9.9019510746
1980	6.20723362659	254	9.95195317268
1980	6.20723362659	254	10.0019550323
1980	6.18279569892	253	10.0519552231
1980	6.18279569892	253	10.1019570827
1980	6.18279569892	253	10.1519591808
1980	6.15835777126	252	10.2019610405
1980	6.15835777126	252	10.2519631386
1980	6.15835777126	252	10.3019649982
1980	6.1339198436	251	10.3519661427
1980	6.1339198436	251	10.4019680023
1980	6.1339198436	251	10.4519691467
1980	6.10948191593	250	10.5019710064
1980	6.10948191593	250	10.5519721508
1980	6.08504398827	249	10.6019740105
1980	6.08504398827	249	10.6519761086
1980	6.06060606061	248	10.7019782066
1980	6.03616813294	247	10.7519800663
1980	6.03616813294	247	10.8019831181
1980	6.03616813294	247	10.8519871235
1980	6.01173020528	246	10.9019892216
1980	6.01173020528	246	10.9519910812
1980	5.98729227761	245	11.0019931793
1980	5.96285434995	244	11.051995039
1980	5.96285434995	244	11.1019961834
1980	5.93841642229	243	11.1519980431
1980	5.91397849462	242	11.2020001411
1980	5.91397849462	242	11.2520031929
1980	5.91397849462	242	11.3020050526
1980	5.91397849462	242	11.3520071507
1980	5.91397849462	242	11.4020102024
1980	5.91397849462	242	11.4520120621
1980	5.91397849462	242	11.5020141602
1980	5.93841642229	243	11.5520172119
1980	5.93841642229	243	11.6020190716
1980	5.96285434995	244	11.6520211697
1980	5.98729227761	245	11.7020230293
1980	5.98729227761	245	11.7520241737
1980	6.01173020528	246	11.8020260334
1980	5.98729227761	245	11.8520290852
1980	6.01173020528	246	11.9020311832
1980	6.01173020528	246	11.9520330429
1990	6.01173020528	246	12.0025629997
1990	6.03616813294	247	12.0525641441
1990	6.03616813294	247	12.1025660038
1990	6.03616813294	247	12.1525671482
1990	6.03616813294	247	12.2025702
1990	6.03616813294	247	12.2525720596
1990	6.06060606061	248	12.3025741577
1990	6.06060606061	248	12.3525760174
1990	6.06060606061	248	12.4025771618
1990	6.06060606061	248	12.4525802135
1990	6.08504398827	249	12.5025830269
1990	6.08504398827	249	12.5525841713
1990	6.10948191593	250	12.6025872231
1990	6.10948191593	250	12.6525890827
1990	6.10948191593	250	12.7025911808
1990	6.10948191593	250	12.7525930405
1990	6.10948191593	250	12.8025941849
1990	6.10948191593	250	12.8525969982
1990	6.10948191593	250	12.9025981426
1990	6.1339198436	251	12.9526000023
1990	6.10948191593	250	13.0026011467
1990	6.1339198436	251	13.0526030064
1990	6.10948191593	250	13.1026041508
1990	6.10948191593	250	13.1526060104
1990	6.10948191593	250	13.2026081085
1990	6.08504398827	249	13.2526102066
1990	6.08504398827	249	13.3026120663
1990	6.08504398827	249	13.3526141644
1990	6.08504398827	249	13.402616024
1990	6.06060606061	248	13.4526171684
1990	6.06060606061	248	13.5026202202
1990	6.03616813294	247	13.5526220798
1990	6.03616813294	247	13.6026241779
1990	6.01173020528	246	13.6526260376
1990	6.01173020528	246	13.702627182
1990	6.01173020528	246	13.7526290417
1990	5.98729227761	245	13.8026301861
1990	5.96285434995	244	13.8526320457
1990	5.96285434995	244	13.9026350975
1990	5.96285434995	244	13.9526381493
1990	5.96285434995	244	14.0026400089
1990	5.96285434995	244	14.052642107
1990	5.96285434995	244	14.1026451588
1990	5.96285434995	244	14.1526482105
1990	5.96285434995	244	14.2026510239
1990	5.98729227761	245	14.2526531219
1990	5.98729227761	245	14.3028421402
1990	5.98729227761	245	14.3528439999
1990	5.98729227761	245	14.4028460979
1990	5.98729227761	245	14.452848196
1990	6.01173020528	246	14.5028500557
1990	6.03616813294	247	14.5528521538
1990	6.03616813294	247	14.6028540134
1990	6.03616813294	247	14.6528551579
1990	6.06060606061	248	14.7028570175
1990	6.06060606061	248	14.7528581619
1990	6.06060606061	248	14.8028600216
1990	6.08504398827	249	14.852861166
1990	6.08504398827	249	14.9028630257
1990	6.08504398827	249	14.9528641701
2000	6.08504398827	249	15.0033330917
2000	6.08504398827	249	15.0533351898
2000	6.08504398827	249	15.1033370495
2000	6.08504398827	249	15.1533391476
2000	6.08504398827	249	15.2033410072
2000	6.10948191593	250	15.2533421516
2000	6.10948191593	250	15.3033440113
2000	6.10948191593	250	15.3533461094
2000	6.10948191593	250	15.4033482075
2000	6.08504398827	249	15.4533500671
2000	6.10948191593	250	15.5033531189
2000	6.08504398827	249	15.553355217
2000	6.08504398827	249	15.6033570766
2000	6.08504398827	249	15.6533591747
2000	6.08504398827	249	15.7033610344
2000	6.08504398827	249	15.7533631325
2000	6.08504398827	249	15.8033652306
2000	6.06060606061	248	15.8533680439
2000	6.06060606061	248	15.903370142
2000	6.06060606061	248	15.9533720016
2000	6.06060606061	248	16.0033731461
2000	6.06060606061	248	16.0533750057
2000	6.06060606061	248	16.1033761501
2000	6.03616813294	247	16.1533780098
2000	6.06060606061	248	16.2033791542
2000	6.06060606061	248	16.2533810139
2000	6.03616813294	247	16.303383112
2000	6.03616813294	247	16.3533861637
2000	6.01173020528	246	16.4033880234
2000	6.01173020528	246	16.4533901215
2000	5.98729227761	245	16.5033931732
2000	5.98729227761	245	16.5533950329
2000	5.98729227761	245	16.6033961773
2000	5.96285434995	244	16.653398037
2000	5.96285434995	244	16.7033991814
2000	5.96285434995	244	16.753401041
2000	5.96285434995	244	16.8034021854
2000	5.96285434995	244	16.8534040451
2000	5.96285434995	244	16.9034061432
2000	5.96285434995	244	16.9534091949
2000	5.96285434995	244	17.0034110546
2000	5.98729227761	245	17.0534141064
2000	5.98729227761	245	17.1034162045
2000	5.98729227761	245	17.1534180641
2000	6.01173020528	246	17.2034201622
2000	6.03616813294	247	17.2534220219
2000	6.03616813294	247	17.3034241199
2000	6.03616813294	247	17.353426218
2000	6.06060606061	248	17.4034280777
2000	6.06060606061	248	17.4534301758
2000	6.06060606061	248	17.5034332275
2000	6.06060606061	248	17.5534350872
2000	6.06060606061	248	17.6034371853
2000	6.06060606061	248	17.653439045
2000	6.08504398827	249	17.703441143
2000	6.08504398827	249	17.7534430027
2000	6.08504398827	249	17.8034441471
2000	6.08504398827	249	17.8534450531
2000	6.08504398827	249	17.9034471512
2000	6.08504398827	249	17.9534490108
2010	6.08504398827	249	18.0041480064
2010	6.08504398827	249	18.0541491508
2010	6.06060606061	248	18.1041510105
2010	6.08504398827	249	18.1541521549
2010	6.06060606061	248	18.2041540146
2010	6.06060606061	248	18.254155159
2010	6.06060606061	248	18.3041582108
2010	6.06060606061	248	18.3541600704
2010	6.06060606061	248	18.4041631222
2010	6.03616813294	247	18.4541640282
2010	6.03616813294	247	18.5041651726
2010	6.03616813294	247	18.5541670322
2010	6.03616813294	247	18.6041681767
2010	6.03616813294	247	18.6541700363
2010	6.01173020528	246	18.7041711807
2010	6.01173020528	246	18.7541730404
2010	6.01173020528	246	18.8041751385
2010	6.01173020528	246	18.8541769981
2010	6.01173020528	246	18.9041781425
2010	6.01173020528	246	18.9541800022
2010	5.98729227761	245	19.0041811466
2010	5.96285434995	244	19.0541841984
2010	5.96285434995	244	19.104186058
2010	5.96285434995	244	19.1541881561
2010	5.96285434995	244	19.2041890621
2010	5.96285434995	244	19.2541911602
2010	5.98729227761	245	19.3041930199
2010	5.98729227761	245	19.3541941643
2010	5.98729227761	245	19.4041960239
2010	6.01173020528	246	19.454198122
2010	6.01173020528	246	19.5042002201
2010	6.03616813294	247	19.5542020798
2010	6.06060606061	248	19.6042051315
2010	6.06060606061	248	19.6542081833
2010	6.08504398827	249	19.704210043
2010	6.08504398827	249	19.7542200089
2010	6.10948191593	250	19.8042211533
2010	6.1339198436	251	19.8542230129
2010	6.1339198436	251	19.9042241573
2010	6.1339198436	251	19.954226017
2010	6.1339198436	251	20.0042271614
2010	6.1339198436	251	20.0542290211
2010	6.1339198436	251	20.1042301655
2010	6.1339198436	251	20.1542320251
2010	6.15835777126	252	20.2042331696
2010	6.15835777126	252	20.2542350292
2010	6.15835777126	252	20.3042361736
2010	6.15835777126	252	20.3542380333
2010	6.1339198436	251	20.4042391777
2010	6.1339198436	251	20.4542422295
2010	6.1339198436	251	20.5042440891
2010	6.1339198436	251	20.5542461872
2010	6.1339198436	251	20.6042480469
2010	6.1339198436	251	20.654250145
2010	6.10948191593	250	20.7042520046
2010	6.10948191593	250	20.754253149
2010	6.10948191593	250	20.8042550087
2010	6.10948191593	250	20.8542561531
2010	6.10948191593	250	20.9042580128
2010	6.08504398827	249	20.9542591572
2020	6.08504398827	249	21.0047111511
2020	6.06060606061	248	21.0547130108
2020	6.06060606061	248	21.1047151089
2020	6.03616813294	247	21.1547181606
2020	6.03616813294	247	21.2047212124
2020	6.03616813294	247	21.2547240257
2020	6.03616813294	247	21.3047270775
2020	6.03616813294	247	21.3547310829
2020	6.03616813294	247	21.4047341347
2020	6.01173020528	246	21.4547362328
2020	6.03616813294	247	21.5047380924
2020	6.03616813294	247	21.5547411442
2020	6.03616813294	247	21.6047430038
2020	6.03616813294	247	21.6547441483
2020	6.03616813294	247	21.7047472
2020	6.03616813294	247	21.7547490597
2020	6.03616813294	247	21.8047530651
2020	6.03616813294	247	21.8547551632
2020	6.03616813294	247	21.9047570229
2020	6.03616813294	247	21.9547591209
2020	6.03616813294	247	22.004761219
2020	6.06060606061	248	22.0547630787
2020	6.06060606061	248	22.1047670841
2020	6.03616813294	247	22.1547691822
2020	6.06060606061	248	22.204772234
2020	6.03616813294	247	22.2547740936
2020	6.03616813294	247	22.3047761917
2020	6.06060606061	248	22.3547790051
2020	6.03616813294	247	22.4047811031
2020	6.06060606061	248	22.4547832012
2020	6.06060606061	248	22.5047860146
2020	6.08504398827	249	22.554787159
2020	6.08504398827	249	22.6047890186
2020	6.08504398827	249	22.654790163
2020	6.08504398827	249	22.7047920227
2020	6.08504398827	249	22.7547941208
2020	6.08504398827	249	22.8047962189
2020	6.08504398827	249	22.8547990322
2020	6.08504398827	249	22.9048011303
2020	6.08504398827	249	22.9548041821
2020	6.06060606061	248	23.0048060417
2020	6.06060606061	248	23.0548071861
2020	6.03616813294	247	23.1048111916
2020	6.03616813294	247	23.1548140049
2020	6.03616813294	247	23.204816103
2020	6.01173020528	246	23.2548191547
2020	6.01173020528	246	23.3048222065
2020	6.01173020528	246	23.3548262119
2020	6.01173020528	246	23.4048280716
2020	6.03616813294	247	23.4548311234
2020	6.03616813294	247	23.5048332214
2020	6.06060606061	248	23.5548350811
2020	6.06060606061	248	23.6048381329
2020	6.08504398827	249	23.6548402309
2020	6.08504398827	249	23.7048420906
2020	6.08504398827	249	23.7548451424
2020	6.10948191593	250	23.804847002
2020	6.10948191593	250	23.8548481464
2020	6.10948191593	250	23.9048511982
2020	6.10948191593	250	23.9548530579
2030	6.10948191593	250	24.0054130554
2030	6.10948191593	250	24.0554151535
2030	6.10948191593	250	24.1054170132
2030	6.10948191593	250	24.1554191113
2030	6.08504398827	249	24.2054212093
2030	6.10948191593	250	24.255423069
2030	6.08504398827	249	24.3054261208
2030	6.08504398827	249	24.3554291725
2030	6.06060606061	248	24.4054322243
2030	6.06060606061	248	24.4554340839
2030	6.03616813294	247	24.5054371357
2030	6.03616813294	247	24.5554392338
2030	6.03616813294	247	24.6054410934
2030	6.03616813294	247	24.6554441452
2030	6.01173020528	246	24.705447197
2030	6.01173020528	246	24.7554500103
2030	6.03616813294	247	24.8054511547
2030	6.03616813294	247	24.8554542065
2030	6.06060606061	248	24.9054560661
2030	6.06060606061	248	24.9554581642
2030	6.08504398827	249	25.0054600239
2030	6.06060606061	248	25.0554611683
2030	6.08504398827	249	25.105463028
2030	6.08504398827	249	25.155465126
2030	6.08504398827	249	25.2054681778
2030	6.10948191593	250	25.2554712296
2030	6.10948191593	250	25.3054740429
2030	6.10948191593	250	25.3554751873
2030	6.1339198436	251	25.4054780006
2030	6.1339198436	251	25.4554791451
2030	6.1339198436	251	25.5054821968
2030	6.15835777126	252	25.5554831028
2030	6.18279569892	253	25.6054852009
2030	6.18279569892	253	25.6554870605
2030	6.18279569892	253	25.7054891586
2030	6.20723362659	254	25.7554910183
2030	6.20723362659	254	25.8054931164
2030	6.23167155425	255	25.8554952145
2030	6.25610948192	256	25.9054970741
2030	6.25610948192	256	25.9554991722
2030	6.25610948192	256	26.0055010319
2030	6.28054740958	257	26.0555021763
2030	6.28054740958	257	26.1055040359
2030	6.28054740958	257	26.1555070877
2030	6.28054740958	257	26.2055091858
2030	6.25610948192	256	26.2555110455
2030	6.25610948192	256	26.3055131435
2030	6.25610948192	256	26.3555150032
2030	6.25610948192	256	26.4055171013
2030	6.23167155425	255	26.4555191994
2030	6.23167155425	255	26.505521059
2030	6.20723362659	254	26.5555231571
2030	6.18279569892	253	26.6055250168
2030	6.15835777126	252	26.6555261612
2030	6.15835777126	252	26.7055280209
2030	6.1339198436	251	26.7555301189
2030	6.10948191593	250	26.805532217
2030	6.10948191593	250	26.8555350304
2030	6.08504398827	249	26.9055361748
2030	6.08504398827	249	26.9555380344
2040	6.08504398827	249	27.0062971115
2040	6.08504398827	249	27.0562992096
2040	6.08504398827	249	27.1063010693
2040	6.08504398827	249	27.156304121
2040	6.08504398827	249	27.2063081264
2040	6.08504398827	249	27.2563102245
2040	6.06060606061	248	27.3063120842
2040	6.06060606061	248	27.3563141823
2040	6.06060606061	248	27.406317234
2040	6.08504398827	249	27.4563190937
2040	6.08504398827	249	27.5063221455
2040	6.10948191593	250	27.5563240051
2040	6.1339198436	251	27.6063261032
2040	6.1339198436	251	27.6563282013
2040	6.1339198436	251	27.7063310146
2040	6.15835777126	252	27.756332159
2040	6.15835777126	252	27.8063340187
2040	6.15835777126	252	27.8563351631
2040	6.18279569892	253	27.9063382149
2040	6.18279569892	253	27.9563400745
2040	6.18279569892	253	28.0063421726
2040	6.18279569892	253	28.0563440323
2040	6.20723362659	254	28.1063451767
2040	6.20723362659	254	28.1563470364
2040	6.20723362659	254	28.2063481808
2040	6.20723362659	254	28.2563512325
2040	6.20723362659	254	28.3063530922
2040	6.20723362659	254	28.356356144
2040	6.20723362659	254	28.4063591957
2040	6.20723362659	254	28.4563610554
2040	6.20723362659	254	28.5063631535
2040	6.20723362659	254	28.5563662052
2040	6.18279569892	253	28.6063680649
2040	6.18279569892	253	28.656370163
2040	6.18279569892	253	28.7063732147
2040	6.15835777126	252	28.7563750744
2040	6.15835777126	252	28.8063771725
2040	6.18279569892	253	28.8563790321
2040	6.18279569892	253	28.9063801765
2040	6.15835777126	252	28.9563820362
2040	6.15835777126	252	29.0063831806
2040	6.15835777126	252	29.0563850403
2040	6.15835777126	252	29.1063861847
2040	6.1339198436	251	29.1563880444
2040	6.10948191593	250	29.2063901424
2040	6.08504398827	249	29.2563920021
2040	6.08504398827	249	29.3063931465
2040	6.06060606061	248	29.3563950062
2040	6.03616813294	247	29.4063961506
2040	6.03616813294	247	29.4563980103
2040	6.03616813294	247	29.5064001083
2040	6.01173020528	246	29.5564031601
2040	6.01173020528	246	29.6064050198
2040	6.01173020528	246	29.6564061642
2040	6.01173020528	246	29.7064080238
2040	6.01173020528	246	29.7564091682
2040	6.01173020528	246	29.8064110279
2040	5.98729227761	245	29.8564121723
2040	5.98729227761	245	29.906414032
2040	5.98729227761	245	29.9564151764
2050	5.98729227761	245	30.006975174
2050	5.98729227761	245	30.0569782257
2050	5.98729227761	245	30.1069800854
2050	5.98729227761	245	30.1569821835
2050	5.98729227761	245	30.2069849968
2050	5.98729227761	245	30.2569870949
2050	5.98729227761	245	30.3069901466
2050	5.98729227761	245	30.3569920063
2050	5.96285434995	244	30.4069941044
2050	5.98729227761	245	30.4569971561
2050	5.96285434995	244	30.5070002079
2050	5.96285434995	244	30.5570030212
2050	5.96285434995	244	30.6070041656
2050	5.96285434995	244	30.6570072174
2050	5.96285434995	244	30.7070100307
2050	5.96285434995	244	30.7570111752
2050	5.96285434995	244	30.8070130348
2050	5.96285434995	244	30.8570141792
2050	5.96285434995	244	30.9070160389
2050	5.98729227761	245	30.9570171833
2050	5.98729227761	245	31.007019043
2050	5.98729227761	245	31.0570201874
2050	5.98729227761	245	31.107022047
2050	5.98729227761	245	31.1570241451
2050	6.01173020528	246	31.2070260048
2050	6.01173020528	246	31.2570281029
2050	6.01173020528	246	31.307030201
2050	6.01173020528	246	31.3570330143
2050	5.98729227761	245	31.4070341587
2050	5.98729227761	245	31.4570360184
2050	5.96285434995	244	31.5070371628
2050	5.96285434995	244	31.5570390224
2050	5.96285434995	244	31.6070420742
2050	5.93841642229	243	31.6570441723
2050	5.93841642229	243	31.707046032
2050	5.93841642229	243	31.7570471764
2050	5.93841642229	243	31.807049036
2050	5.93841642229	243	31.8570501804
2050	5.93841642229	243	31.9070520401
2050	5.93841642229	243	31.9570531845
2050	5.93841642229	243	32.0070559978
2050	5.96285434995	244	32.0570580959
2050	5.96285434995	244	32.107060194
2050	5.98729227761	245	32.1570620537
2050	5.98729227761	245	32.2070641518
2050	6.01173020528	246	32.2570660114
2050	6.01173020528	246	32.3070681095
2050	6.01173020528	246	32.3570711613
2050	6.03616813294	247	32.4070720673
2050	6.03616813294	247	32.4570741653
2050	6.06060606061	248	32.5070772171
2050	6.06060606061	248	32.5570790768
2050	6.06060606061	248	32.6070821285
2050	6.06060606061	248	32.6570842266
2050	6.06060606061	248	32.7070860863
2050	6.03616813294	247	32.7570881844
2050	6.03616813294	247	32.807090044
2050	6.03616813294	247	32.8570921421
2050	6.03616813294	247	32.9070940018
2050	6.06060606061	248	32.9570951462
2060	6.06060606061	248	33.0075860023
2060	6.06060606061	248	33.0575881004
2060	6.06060606061	248	33.1075901985
2060	6.08504398827	249	33.1575920582
2060	6.08504398827	249	33.2075951099
2060	6.10948191593	250	33.257597208
2060	6.08504398827	249	33.3075990677
2060	6.10948191593	250	33.3576021194
2060	6.10948191593	250	33.4076042175
2060	6.08504398827	249	33.4576051235
2060	6.10948191593	250	33.5076072216
2060	6.10948191593	250	33.5576090813
2060	6.10948191593	250	33.6076111794
2060	6.10948191593	250	33.6576142311
2060	6.10948191593	250	33.7076160908
2060	6.10948191593	250	33.7576191425
2060	6.10948191593	250	33.8076210022
2060	6.10948191593	250	33.8576221466
2060	6.1339198436	251	33.9076251984
2060	6.10948191593	250	33.957627058
2060	6.10948191593	250	34.0076301098
2060	6.10948191593	250	34.0576331615
2060	6.10948191593	250	34.1076350212
2060	6.10948191593	250	34.1576361656
2060	6.10948191593	250	34.2076392174
2060	6.10948191593	250	34.257641077
2060	6.08504398827	249	34.3076431751
2060	6.08504398827	249	34.3576462269
2060	6.08504398827	249	34.4076480865
2060	6.06060606061	248	34.4576501846
2060	6.06060606061	248	34.5076520443
2060	6.03616813294	247	34.5576541424
2060	6.03616813294	247	34.607656002
2060	6.03616813294	247	34.6576571465
2060	6.03616813294	247	34.7076590061
2060	6.03616813294	247	34.7576601505
2060	6.01173020528	246	34.807664156
2060	6.01173020528	246	34.8576660156
2060	6.03616813294	247	34.90766716
2060	6.01173020528	246	34.9576690197
2060	6.03616813294	247	35.0076780319
2060	6.01173020528	246	35.0576791763
2060	6.01173020528	246	35.107681036
2060	6.01173020528	246	35.1576821804
2060	6.01173020528	246	35.2076840401
2060	6.01173020528	246	35.2576851845
2060	6.01173020528	246	35.3076870441
2060	6.01173020528	246	35.3576900959
2060	5.98729227761	245	35.407692194
2060	5.98729227761	245	35.4576940536
2060	5.96285434995	244	35.5076961517
2060	5.96285434995	244	35.5576980114
2060	5.96285434995	244	35.6076991558
2060	5.93841642229	243	35.6577022076
2060	5.93841642229	243	35.7077050209
2060	5.93841642229	243	35.7578401566
2060	5.93841642229	243	35.8078432083
2060	5.91397849462	242	35.857845068
2060	5.91397849462	242	35.9078471661
2060	5.91397849462	242	35.9578490257
2070	5.91397849462	242	36.0081732273
2070	5.91397849462	242	36.058175087
2070	5.91397849462	242	36.1081781387
2070	5.93841642229	243	36.1581799984
2070	5.93841642229	243	36.2081811428
2070	5.93841642229	243	36.2581830025
2070	5.93841642229	243	36.3081841469
2070	5.93841642229	243	36.3581871986
2070	5.93841642229	243	36.408190012
2070	5.93841642229	243	36.4581921101
2070	5.93841642229	243	36.5081942081
2070	5.96285434995	244	36.5581960678
2070	5.96285434995	244	36.6081981659
2070	5.96285434995	244	36.6582000256
2070	5.98729227761	245	36.70820117
2070	5.98729227761	245	36.7582030296
2070	5.98729227761	245	36.808204174
2070	6.01173020528	246	36.8582060337
2070	6.01173020528	246	36.9082071781
2070	6.03616813294	247	36.9582090378
2070	6.06060606061	248	37.0082111359
2070	6.06060606061	248	37.0582132339
2070	6.08504398827	249	37.1082150936
2070	6.08504398827	249	37.1582171917
2070	6.10948191593	250	37.2082190514
2070	6.10948191593	250	37.2582221031
2070	6.10948191593	250	37.3082251549
2070	6.10948191593	250	37.3582282066
2070	6.10948191593	250	37.40823102
2070	6.10948191593	250	37.4582331181
2070	6.10948191593	250	37.5082361698
2070	6.10948191593	250	37.5582392216
2070	6.10948191593	250	37.6082410812
2070	6.10948191593	250	37.6582431793
2070	6.10948191593	250	37.708245039
2070	6.08504398827	249	37.7582471371
2070	6.10948191593	250	37.8082489967
2070	6.10948191593	250	37.8582501411
2070	6.08504398827	249	37.9082520008
2070	6.08504398827	249	37.9582531452
2070	6.06060606061	248	38.008256197
2070	6.06060606061	248	38.0582580566
2070	6.06060606061	248	38.1082611084
2070	6.06060606061	248	38.1582641602
2070	6.06060606061	248	38.2082660198
2070	6.06060606061	248	38.2582681179
2070	6.06060606061	248	38.308270216
2070	6.06060606061	248	38.3582720757
2070	6.06060606061	248	38.4082741737
2070	6.06060606061	248	38.4582772255
2070	6.06060606061	248	38.5082800388
2070	6.06060606061	248	38.5582811832
2070	6.06060606061	248	38.6082830429
2070	6.06060606061	248	38.6582841873
2070	6.06060606061	248	38.708286047
2070	6.06060606061	248	38.7582881451
2070	6.08504398827	249	38.8082900047
2070	6.08504398827	249	38.8582921028
2070	6.08504398827	249	38.9082942009
2070	6.08504398827	249	38.9582960606
2080	6.08504398827	249	39.0088031292
2080	6.06060606061	248	39.058806181
2080	6.06060606061	248	39.1088080406
2080	6.06060606061	248	39.158809185
2080	6.06060606061	248	39.2088110447
2080	6.03616813294	247	39.2588272095
2080	6.03616813294	247	39.3088290691
2080	6.03616813294	247	39.3588321209
2080	6.03616813294	247	39.408834219
2080	6.03616813294	247	39.4588360786
2080	6.03616813294	247	39.5088381767
2080	6.03616813294	247	39.5588400364
2080	6.06060606061	248	39.6088421345
2080	6.03616813294	247	39.6588442326
2080	6.06060606061	248	39.7088460922
2080	6.03616813294	247	39.7588481903
2080	6.06060606061	248	39.80885005
2080	6.03616813294	247	39.8588521481
2080	6.03616813294	247	39.9088551998
2080	6.03616813294	247	39.9588570595
2080	6.03616813294	247	40.0088601112
2080	6.03616813294	247	40.0588622093
2080	6.03616813294	247	40.108864069
2080	6.06060606061	248	40.1588671207
2080	6.06060606061	248	40.2088692188
2080	6.06060606061	248	40.2588710785
2080	6.06060606061	248	40.3088731766
2080	6.06060606061	248	40.3588762283
2080	6.06060606061	248	40.4088790417
2080	6.06060606061	248	40.4588801861
2080	6.08504398827	249	40.5088820457
2080	6.08504398827	249	40.5588841438
2080	6.08504398827	249	40.6088871956
2080	6.08504398827	249	40.6588890553
2080	6.10948191593	250	40.708892107
2080	6.08504398827	249	40.7588951588
2080	6.08504398827	249	40.8088970184
2080	6.08504398827	249	40.8588981628
2080	6.08504398827	249	40.9089000225
2080	6.06060606061	248	40.9589021206
2080	6.06060606061	248	41.0089042187
2080	6.06060606061	248	41.0589060783
2080	6.06060606061	248	41.1089081764
2080	6.03616813294	247	41.1589112282
2080	6.03616813294	247	41.2089130878
2080	6.01173020528	246	41.2589161396
2080	6.03616813294	247	41.3089191914
2080	6.01173020528	246	41.3589220047
2080	5.98729227761	245	41.4089241028
2080	5.96285434995	244	41.4589262009
2080	5.96285434995	244	41.5089290142
2080	5.96285434995	244	41.5589301586
2080	5.96285434995	244	41.6089320183
2080	5.96285434995	244	41.6589331627
2080	5.96285434995	244	41.7089350224
2080	5.98729227761	245	41.7589361668
2080	5.98729227761	245	41.8089392185
2080	5.98729227761	245	41.8589410782
2080	5.98729227761	245	41.9089441299
2080	5.98729227761	245	41.958946228
2090	6.01173020528	246	42.0092520714
2090	6.01173020528	246	42.0592541695
2090	6.01173020528	246	42.1092560291
2090	6.01173020528	246	42.1592571735
2090	6.01173020528	246	42.2092590332
2090	6.01173020528	246	42.2592611313
2090	5.98729227761	245	42.3092632294
2090	6.01173020528	246	42.359265089
2090	5.98729227761	245	42.4092671871
2090	6.01173020528	246	42.4592690468
2090	6.01173020528	246	42.5092720985
2090	6.01173020528	246	42.5592741966
2090	6.01173020528	246	42.6092760563
2090	6.01173020528	246	42.659279108
2090	6.01173020528	246	42.7092812061
2090	6.03616813294	247	42.7592830658
2090	6.01173020528	246	42.8092851639
2090	6.01173020528	246	42.8592870235
2090	6.01173020528	246	42.909288168
2090	6.01173020528	246	42.9592912197
2090	6.01173020528	246	43.0092930794
2090	5.98729227761	245	43.0592961311
2090	5.98729227761	245	43.1092982292
2090	5.98729227761	245	43.1593010426
2090	5.96285434995	244	43.209302187
2090	5.96285434995	244	43.2593040466
2090	5.96285434995	244	43.3093080521
2090	5.96285434995	244	43.3593120575
2090	5.98729227761	245	43.4093141556
2090	5.98729227761	245	43.4593160152
2090	5.98729227761	245	43.5093171597
2090	5.98729227761	245	43.5593190193
2090	5.98729227761	245	43.6093201637
2090	5.98729227761	245	43.6593210697
2090	5.98729227761	245	43.7093241215
2090	5.98729227761	245	43.7593262196
2090	5.96285434995	244	43.8093280792
2090	5.96285434995	244	43.8593301773
2090	5.96285434995	244	43.9093332291
2090	5.93841642229	243	43.9593350887
2090	5.91397849462	242	44.0093381405
2090	5.91397849462	242	44.0593400002
2090	5.88954056696	241	44.1093411446
2090	5.88954056696	241	44.1593430042
2090	5.88954056696	241	44.2093451023
2090	5.88954056696	241	44.2593472004
2090	5.88954056696	241	44.3093490601
2090	5.88954056696	241	44.3593511581
2090	5.88954056696	241	44.4093530178
2090	5.88954056696	241	44.4593541622
2090	5.88954056696	241	44.5093560219
2090	5.91397849462	242	44.55935812
2090	5.91397849462	242	44.6093611717
2090	5.91397849462	242	44.6593630314
2090	5.88954056696	241	44.7093641758
2090	5.88954056696	241	44.7593660355
2090	5.88954056696	241	44.8093681335
2090	5.8651026393	240	44.8593711853
2090	5.8651026393	240	44.909373045
2090	5.8651026393	240	44.9593751431
2100	5.8651026393	240	45.0096311569
2100	5.8651026393	240	45.0596342087
2100	5.8651026393	240	45.1096360683
2100	5.8651026393	240	45.1596381664
2100	5.8651026393	240	45.2096400261
2100	5.8651026393	240	45.2596411705
2100	5.8651026393	240	45.3096430302
2100	5.8651026393	240	45.3596441746
2100	5.8651026393	240	45.4096460342
2100	5.88954056696	241	45.4596471786
2100	5.88954056696	241	45.5096490383
2100	5.91397849462	242	45.5596501827
2100	5.91397849462	242	45.6096529961
2100	5.93841642229	243	45.6596550941
2100	5.93841642229	243	45.7096571922
2100	5.93841642229	243	45.7596600056
2100	5.96285434995	244	45.80966115
2100	5.96285434995	244	45.8596642017
2100	5.96285434995	244	45.9096660614
2100	5.96285434995	244	45.9596681595
2100	5.96285434995	244	46.0096700191
2100	5.96285434995	244	46.0596721172
2100	5.96285434995	244	46.109675169
2100	5.96285434995	244	46.1596770287
2100	5.96285434995	244	46.2096781731
2100	5.93841642229	243	46.2596800327
2100	5.93841642229	243	46.3097081184
2100	5.93841642229	243	46.3597102165
2100	5.93841642229	243	46.4097120762
2100	5.93841642229	243	46.4597151279
2100	5.93841642229	243	46.509717226
2100	5.93841642229	243	46.5597200394
2100	5.96285434995	244	46.6097221375
2100	5.96285434995	244	46.6597239971
2100	5.98729227761	245	46.7097251415
2100	5.98729227761	245	46.7597281933
2100	6.01173020528	246	46.8097300529
2100	6.03616813294	247	46.859732151
2100	6.03616813294	247	46.9097340107
2100	6.03616813294	247	46.9597361088
2100	6.06060606061	248	47.0097382069
2100	6.06060606061	248	47.0597400665
2100	6.06060606061	248	47.1097431183
2100	6.08504398827	249	47.15974617
2100	6.08504398827	249	47.2097480297
2100	6.08504398827	249	47.2597491741
2100	6.08504398827	249	47.3097510338
2100	6.08504398827	249	47.3597531319
2100	6.08504398827	249	47.4097552299
2100	6.08504398827	249	47.4597570896
2100	6.08504398827	249	47.5097591877
2100	6.10948191593	250	47.5597610474
2100	6.10948191593	250	47.6097631454
2100	6.10948191593	250	47.6597661972
2100	6.10948191593	250	47.7097690105
2100	6.08504398827	249	47.759770155
2100	6.10948191593	250	47.8097720146
2100	6.08504398827	249	47.859773159
2100	6.08504398827	249	47.9097781181
2100	6.10948191593	250	47.9597802162
