Wavelength[nm], Lock-in voltage[uV], Raw data[0..1023 steps], Timetrace [sec]
1950	12.6344086022	517	0.000174999237061
1950	12.4633431085	510	0.100177049637
1950	12.3167155425	504	0.200179100037
1950	12.1700879765	498	0.300181150436
1950	12.0478983382	493	0.400182962418
1950	11.9012707722	487	0.500184059143
1950	11.7790811339	482	0.600186109543
1950	11.6568914956	477	0.700189113617
1950	11.5347018573	472	0.800192117691
1950	11.412512219	467	0.900195121765
1950	11.2903225806	462	1.00019717216
1950	11.1681329423	457	1.10021805763
1950	11.0703812317	453	1.20022010803
1950	10.9481915934	448	1.30022311211
1950	10.8504398827	444	1.40022516251
1950	10.752688172	440	1.50022816658
1950	10.6549364614	436	1.60023117065
1950	10.5571847507	432	1.70023298264
1950	10.4594330401	428	1.80023503304
1950	10.3616813294	424	1.90023803711
1950	10.2883675464	421	2.00025105476
1950	10.1906158358	417	2.10025310516
1950	10.1173020528	414	2.20025515556
1950	10.0439882698	411	2.30025815964
1950	9.94623655914	407	2.40025997162
1950	9.87292277615	404	2.50026297569
1950	9.79960899316	401	2.60026407242
1950	9.75073313783	399	2.70026612282
1950	9.67741935484	396	2.80027413368
1950	9.60410557185	393	2.9003469944
1960	9.53079178886	390	3.00076603889
1960	9.48191593353	388	3.10077214241
1960	9.4330400782	386	3.20077610016
1960	9.35972629521	383	3.30078005791
1960	9.31085043988	381	3.4007871151
1960	9.26197458456	379	3.5007891655
1960	9.21309872923	377	3.60079216957
1960	9.1642228739	375	3.70079398155
1960	9.11534701857	373	3.80079507828
1960	9.06647116325	371	3.90079712868
1960	9.01759530792	369	4.00079917908
1960	8.99315738025	368	4.10080194473
1960	8.94428152493	366	4.20080399513
1960	8.8954056696	364	4.30080509186
1960	8.87096774194	363	4.40080714226
1960	8.84652981427	362	4.50081014633
1960	8.79765395894	360	4.60081911087
1960	8.77321603128	359	4.70082211494
1960	8.74877810362	358	4.80082416534
1960	8.72434017595	357	4.90082716942
1960	8.67546432063	355	5.0008289814
1960	8.65102639296	354	5.1008310318
1960	8.6265884653	353	5.20083212852
1960	8.60215053763	352	5.30083417892
1960	8.57771260997	351	5.40083694458
1960	8.55327468231	350	5.50083899498
1960	8.52883675464	349	5.60084009171
1960	8.52883675464	349	5.70084214211
1960	8.50439882698	348	5.80084514618
1960	8.47996089932	347	5.9008500576
1970	8.45552297165	346	6.00144815445
1970	8.45552297165	346	6.10145115852
1970	8.43108504399	345	6.2014529705
1970	8.43108504399	345	6.3014550209
1970	8.40664711632	344	6.40145611763
1970	8.40664711632	344	6.50145816803
1970	8.38220918866	343	6.60145998001
1970	8.38220918866	343	6.70146203041
1970	8.357771261	342	6.80146503448
1970	8.357771261	342	6.90146708488
1970	8.357771261	342	7.00146913528
1970	8.33333333333	341	7.10147595406
1970	8.33333333333	341	7.20147705078
1970	8.33333333333	341	7.30147910118
1970	8.33333333333	341	7.40148210526
1970	8.30889540567	340	7.50148701668
1970	8.30889540567	340	7.6014881134
1970	8.30889540567	340	7.70149111748
1970	8.30889540567	340	7.80149316788
1970	8.28445747801	339	7.90149497986
1970	8.28445747801	339	8.00149798393
1970	8.28445747801	339	8.10150003433
1970	8.26001955034	338	8.20150113106
1970	8.26001955034	338	8.30150413513
1970	8.26001955034	338	8.40150713921
1970	8.26001955034	338	8.50150895119
1970	8.26001955034	338	8.60151004791
1970	8.23558162268	337	8.70151305199
1970	8.23558162268	337	8.80151700974
1970	8.23558162268	337	8.90151906013
1980	8.23558162268	337	9.00210499763
1980	8.23558162268	337	9.10210609436
1980	8.23558162268	337	9.20210814476
1980	8.23558162268	337	9.30210995674
1980	8.21114369501	336	9.40211105347
1980	8.23558162268	337	9.50211310387
1980	8.21114369501	336	9.60211515427
1980	8.21114369501	336	9.70211815834
1980	8.21114369501	336	9.80212116241
1980	8.21114369501	336	9.9021229744
1980	8.21114369501	336	10.0021240711
1980	8.21114369501	336	10.1021261215
1980	8.21114369501	336	10.2021281719
1980	8.18670576735	335	10.3021299839
1980	8.18670576735	335	10.4021310806
1980	8.18670576735	335	10.5021340847
1980	8.18670576735	335	10.6021370888
1980	8.18670576735	335	10.7021400928
1980	8.18670576735	335	10.8021421432
1980	8.18670576735	335	10.902146101
1980	8.18670576735	335	11.0021481514
1980	8.18670576735	335	11.1021499634
1980	8.18670576735	335	11.2021510601
1980	8.18670576735	335	11.3021581173
1980	8.18670576735	335	11.4021630287
1980	8.18670576735	335	11.5021650791
1980	8.18670576735	335	11.6021680832
1980	8.18670576735	335	11.7021701336
1980	8.18670576735	335	11.8021719456
1980	8.18670576735	335	11.9021780491
1990	8.18670576735	335	12.002712965
1990	8.18670576735	335	12.1027140617
1990	8.18670576735	335	12.2027170658
1990	8.18670576735	335	12.3027219772
1990	8.18670576735	335	12.4027240276
1990	8.18670576735	335	12.502726078
1990	8.18670576735	335	12.6027281284
1990	8.18670576735	335	12.7027320862
1990	8.18670576735	335	12.8027350903
1990	8.18670576735	335	12.9027380943
1990	8.18670576735	335	13.0027401447
1990	8.18670576735	335	13.1027419567
1990	8.18670576735	335	13.2027430534
1990	8.18670576735	335	13.3027451038
1990	8.18670576735	335	13.4027471542
1990	8.18670576735	335	13.5027489662
1990	8.18670576735	335	13.6027500629
1990	8.18670576735	335	13.702753067
1990	8.18670576735	335	13.8027560711
1990	8.18670576735	335	13.9027581215
1990	8.18670576735	335	14.0027601719
1990	8.18670576735	335	14.102763176
1990	8.18670576735	335	14.20276618
1990	8.18670576735	335	14.302767992
1990	8.18670576735	335	14.4027690887
1990	8.18670576735	335	14.5027720928
1990	8.18670576735	335	14.6027741432
1990	8.18670576735	335	14.7027771473
1990	8.18670576735	335	14.8027801514
1990	8.18670576735	335	14.9027831554
2000	8.18670576735	335	15.0044181347
2000	8.18670576735	335	15.105230093
2000	8.18670576735	335	15.2052371502
2000	8.18670576735	335	15.3052389622
2000	8.18670576735	335	15.4052400589
2000	8.18670576735	335	15.5052421093
2000	8.18670576735	335	15.6052451134
2000	8.18670576735	335	15.7052471638
2000	8.18670576735	335	15.8052501678
2000	8.18670576735	335	15.9052519798
2000	8.18670576735	335	16.0052549839
2000	8.18670576735	335	16.105257988
2000	8.18670576735	335	16.2052600384
2000	8.18670576735	335	16.3052620888
2000	8.18670576735	335	16.4052641392
2000	8.18670576735	335	16.5052659512
2000	8.18670576735	335	16.6052670479
2000	8.18670576735	335	16.705270052
2000	8.18670576735	335	16.8052721024
2000	8.18670576735	335	16.9052751064
2000	8.18670576735	335	17.0052771568
2000	8.18670576735	335	17.1052801609
2000	8.18670576735	335	17.2052819729
2000	8.16226783969	334	17.3052830696
2000	8.16226783969	334	17.40528512
2000	8.18670576735	335	17.5052881241
2000	8.16226783969	334	17.6052911282
2000	8.18670576735	335	17.7052931786
2000	8.18670576735	335	17.8052949905
2000	8.16226783969	334	17.9053010941
2010	8.16226783969	334	18.005810976
2010	8.16226783969	334	18.1058120728
2010	8.16226783969	334	18.2058141232
2010	8.16226783969	334	18.3058171272
2010	8.16226783969	334	18.4058191776
2010	8.16226783969	334	18.5058221817
2010	8.16226783969	334	18.6058239937
2010	8.16226783969	334	18.7058250904
2010	8.16226783969	334	18.8058280945
2010	8.16226783969	334	18.9058310986
2010	8.16226783969	334	19.0058341026
2010	8.16226783969	334	19.1058371067
2010	8.16226783969	334	19.2058391571
2010	8.16226783969	334	19.3058409691
2010	8.16226783969	334	19.4058420658
2010	8.16226783969	334	19.5058450699
2010	8.16226783969	334	19.6058471203
2010	8.16226783969	334	19.705851078
2010	8.16226783969	334	19.8058540821
2010	8.16226783969	334	19.9058561325
2010	8.16226783969	334	20.0058579445
2010	8.16226783969	334	20.1058590412
2010	8.16226783969	334	20.2058610916
2010	8.16226783969	334	20.3058650494
2010	8.16226783969	334	20.4058680534
2010	8.16226783969	334	20.5058701038
2010	8.16226783969	334	20.6058731079
2010	8.16226783969	334	20.7058780193
2010	8.16226783969	334	20.8058810234
2010	8.16226783969	334	20.9058861732
2020	8.16226783969	334	21.0063769817
2020	8.16226783969	334	21.1063780785
2020	8.16226783969	334	21.2063810825
2020	8.16226783969	334	21.3063869476
2020	8.16226783969	334	21.406388998
2020	8.16226783969	334	21.5063910484
2020	8.16226783969	334	21.6063930988
2020	8.16226783969	334	21.7063951492
2020	8.16226783969	334	21.8063969612
2020	8.16226783969	334	21.9063990116
2020	8.16226783969	334	22.006401062
2020	8.16226783969	334	22.1064040661
2020	8.16226783969	334	22.2064061165
2020	8.16226783969	334	22.3064091206
2020	8.16226783969	334	22.406411171
2020	8.16226783969	334	22.5064151287
2020	8.16226783969	334	22.6064190865
2020	8.16226783969	334	22.7064239979
2020	8.16226783969	334	22.8064250946
2020	8.16226783969	334	22.906427145
2020	8.16226783969	334	23.006428957
2020	8.16226783969	334	23.1064310074
2020	8.16226783969	334	23.2064321041
2020	8.16226783969	334	23.3064341545
2020	8.16226783969	334	23.4064359665
2020	8.16226783969	334	23.5064389706
2020	8.16226783969	334	23.606441021
2020	8.16226783969	334	23.7064449787
2020	8.16226783969	334	23.8064470291
2020	8.16226783969	334	23.9080541134
2030	8.16226783969	334	24.0087759495
2030	8.16226783969	334	24.1087779999
2030	8.16226783969	334	24.2087790966
2030	8.16226783969	334	24.308784008
2030	8.16226783969	334	24.4087851048
2030	8.16226783969	334	24.5087871552
2030	8.16226783969	334	24.6087889671
2030	8.16226783969	334	24.7087900639
2030	8.16226783969	334	24.8087921143
2030	8.16226783969	334	24.9087941647
2030	8.16226783969	334	25.0087959766
2030	8.16226783969	334	25.108798027
2030	8.16226783969	334	25.2088000774
2030	8.16226783969	334	25.3088030815
2030	8.16226783969	334	25.4088051319
2030	8.16226783969	334	25.5088071823
2030	8.16226783969	334	25.608809948
2030	8.16226783969	334	25.7088160515
2030	8.16226783969	334	25.8088181019
2030	8.16226783969	334	25.908821106
2030	8.16226783969	334	26.00882411
2030	8.16226783969	334	26.1088271141
2030	8.16226783969	334	26.2088291645
2030	8.16226783969	334	26.3088390827
2030	8.16226783969	334	26.4088411331
2030	8.16226783969	334	26.5088441372
2030	8.16226783969	334	26.6088459492
2030	8.16226783969	334	26.7088479996
2030	8.16226783969	334	26.80885005
2030	8.16226783969	334	26.9088611603
2040	8.16226783969	334	27.0093619823
2040	8.16226783969	334	27.1093630791
2040	8.16226783969	334	27.2093660831
2040	8.16226783969	334	27.3093690872
2040	8.16226783969	334	27.4093711376
2040	8.18670576735	335	27.5093741417
2040	8.18670576735	335	27.6093759537
2040	8.18670576735	335	27.7093780041
2040	8.16226783969	334	27.8093800545
2040	8.16226783969	334	27.9093840122
2040	8.16226783969	334	28.0093860626
2040	8.16226783969	334	28.1093890667
2040	8.16226783969	334	28.2093911171
2040	8.16226783969	334	28.3093950748
2040	8.16226783969	334	28.4093971252
2040	8.16226783969	334	28.5094001293
2040	8.16226783969	334	28.6094040871
2040	8.16226783969	334	28.7094061375
2040	8.16226783969	334	28.8094091415
2040	8.16226783969	334	28.9094121456
2040	8.16226783969	334	29.0094151497
2040	8.16226783969	334	29.1094200611
2040	8.16226783969	334	29.2094230652
2040	8.16226783969	334	29.3094260693
2040	8.16226783969	334	29.4094281197
2040	8.16226783969	334	29.5094301701
2040	8.16226783969	334	29.609431982
2040	8.16226783969	334	29.7094340324
2040	8.16226783969	334	29.8094360828
2040	8.16226783969	334	29.9094390869
2050	8.16226783969	334	30.0099050999
2050	8.16226783969	334	30.1099081039
2050	8.16226783969	334	30.2099101543
2050	8.16226783969	334	30.3099119663
2050	8.16226783969	334	30.409913063
2050	8.16226783969	334	30.5099160671
2050	8.16226783969	334	30.6099181175
2050	8.16226783969	334	30.7099211216
2050	8.16226783969	334	30.8099241257
2050	8.16226783969	334	30.9099261761
2050	8.16226783969	334	31.0099291801
2050	8.16226783969	334	31.1099309921
2050	8.16226783969	334	31.2099330425
2050	8.16226783969	334	31.3099350929
2050	8.16226783969	334	31.4099371433
2050	8.16226783969	334	31.5099401474
2050	8.16226783969	334	31.6099419594
2050	8.16226783969	334	31.7099440098
2050	8.16226783969	334	31.8099460602
2050	8.16226783969	334	31.9099481106
2050	8.16226783969	334	32.0099511147
2050	8.16226783969	334	32.1099541187
2050	8.16226783969	334	32.2099561691
2050	8.16226783969	334	32.3099591732
2050	8.16226783969	334	32.4099609852
2050	8.16226783969	334	32.5099630356
2050	8.16226783969	334	32.6099641323
2050	8.16226783969	334	32.7099659443
2050	8.16226783969	334	32.8099689484
2050	8.16226783969	334	32.9099831581
2060	8.16226783969	334	33.0104131699
2060	8.16226783969	334	33.1104149818
2060	8.16226783969	334	33.2104160786
2060	8.16226783969	334	33.310418129
2060	8.16226783969	334	33.4104201794
2060	8.16226783969	334	33.5104241371
2060	8.16226783969	334	33.6104259491
2060	8.16226783969	334	33.7104279995
2060	8.16226783969	334	33.8104300499
2060	8.16226783969	334	33.9104321003
2060	8.16226783969	334	34.0104341507
2060	8.16226783969	334	34.1104371548
2060	8.16226783969	334	34.2104389668
2060	8.16226783969	334	34.3104410172
2060	8.16226783969	334	34.4104421139
2060	8.16226783969	334	34.5104441643
2060	8.16226783969	334	34.6104459763
2060	8.16226783969	334	34.7104480267
2060	8.16226783969	334	34.8104491234
2060	8.16226783969	334	34.9104521275
2060	8.16226783969	334	35.0104551315
2060	8.16226783969	334	35.1104581356
2060	8.16226783969	334	35.2104611397
2060	8.16226783969	334	35.3104641438
2060	8.16226783969	334	35.4104659557
2060	8.16226783969	334	35.5104680061
2060	8.16226783969	334	35.6104691029
2060	8.16226783969	334	35.7104730606
2060	8.16226783969	334	35.810477972
2060	8.16226783969	334	35.9104800224
2070	8.16226783969	334	36.0111410618
2070	8.16226783969	334	36.1111440659
2070	8.16226783969	334	36.2111470699
2070	8.16226783969	334	36.311150074
2070	8.16226783969	334	36.4111521244
2070	8.16226783969	334	36.5111551285
2070	8.16226783969	334	36.6111571789
2070	8.16226783969	334	36.7111611366
2070	8.16226783969	334	36.8111629486
2070	8.16226783969	334	36.911164999
2070	8.16226783969	334	37.0111660957
2070	8.16226783969	334	37.1111690998
2070	8.16226783969	334	37.2111721039
2070	8.16226783969	334	37.3111741543
2070	8.16226783969	334	37.4111759663
2070	8.16226783969	334	37.511177063
2070	8.16226783969	334	37.6111791134
2070	8.16226783969	334	37.7111821175
2070	8.16226783969	334	37.8111841679
2070	8.16226783969	334	37.9111871719
2070	8.16226783969	334	38.0111889839
2070	8.16226783969	334	38.111189127
2070	8.16226783969	334	38.211192131
2070	8.16226783969	334	38.3111951351
2070	8.16226783969	334	38.4111969471
2070	8.16226783969	334	38.5111989975
2070	8.16226783969	334	38.6112010479
2070	8.16226783969	334	38.711204052
2070	8.16226783969	334	38.811207056
2070	8.16226783969	334	38.9112100601
2080	8.16226783969	334	39.0118279457
2080	8.16226783969	334	39.1118290424
2080	8.16226783969	334	39.2118310928
2080	8.16226783969	334	39.3118340969
2080	8.16226783969	334	39.4118361473
2080	8.16226783969	334	39.5118379593
2080	8.16226783969	334	39.611839056
2080	8.16226783969	334	39.7118420601
2080	8.16226783969	334	39.811850071
2080	8.16226783969	334	39.9118521214
2080	8.16226783969	334	40.0118541718
2080	8.16226783969	334	40.1119070053
2080	8.16226783969	334	40.211908102
2080	8.16226783969	334	40.3119161129
2080	8.16226783969	334	40.4119181633
2080	8.16226783969	334	40.5119199753
2080	8.16226783969	334	40.611921072
2080	8.16226783969	334	40.7119240761
2080	8.16226783969	334	40.8119320869
2080	8.16226783969	334	40.9119341373
2080	8.16226783969	334	41.0119359493
2080	8.16226783969	334	41.1119370461
2080	8.16226783969	334	41.2119400501
2080	8.16226783969	334	41.3119471073
2080	8.16226783969	334	41.4119501114
2080	8.16226783969	334	41.5119531155
2080	8.16226783969	334	41.6119551659
2080	8.16226783969	334	41.7119581699
2080	8.16226783969	334	41.8119671345
2080	8.16226783969	334	41.9119689465
2090	8.16226783969	334	42.0123741627
2090	8.16226783969	334	42.1123771667
2090	8.16226783969	334	42.2123801708
2090	8.16226783969	334	42.3123891354
2090	8.16226783969	334	42.4123909473
2090	8.16226783969	334	42.5123929977
2090	8.16226783969	334	42.6124010086
2090	8.16226783969	334	42.712403059
2090	8.16226783969	334	42.8124129772
2090	8.16226783969	334	42.9124140739
2090	8.16226783969	334	43.0124161243
2090	8.16226783969	334	43.1124200821
2090	8.16226783969	334	43.2124221325
2090	8.16226783969	334	43.3124339581
2090	8.16226783969	334	43.4124350548
2090	8.16226783969	334	43.5124371052
2090	8.16226783969	334	43.6124410629
2090	8.16226783969	334	43.712444067
2090	8.16226783969	334	43.8124470711
2090	8.16226783969	334	43.9124500751
2090	8.16226783969	334	44.0124521255
2090	8.16226783969	334	44.1124541759
2090	8.16226783969	334	44.21245718
2090	8.16226783969	334	44.3124661446
2090	8.16226783969	334	44.4124679565
2090	8.16226783969	334	44.5124690533
2090	8.16226783969	334	44.6124839783
2090	8.16226783969	334	44.7125070095
2090	8.16226783969	334	44.8125240803
2090	8.16226783969	334	44.9125339985
2100	8.16226783969	334	45.0137071609
2100	8.16226783969	334	45.1137089729
2100	8.16226783969	334	45.2137100697
2100	8.16226783969	334	45.3137149811
2100	8.16226783969	334	45.4137179852
2100	8.16226783969	334	45.5137190819
2100	8.16226783969	334	45.613722086
2100	8.16226783969	334	45.71372509
2100	8.16226783969	334	45.8137409687
2100	8.16226783969	334	45.9137420654
2125	8.16226783969	334	46.0141050816
2125	8.16226783969	334	46.1141080856
2125	8.16226783969	334	46.214110136
2125	8.16226783969	334	46.3143041134
2125	8.16226783969	334	46.4143061638
2125	8.16226783969	334	46.5143091679
2125	8.16226783969	334	46.6143109798
2125	8.16226783969	334	46.7143130302
2125	8.16226783969	334	46.8143150806
2125	8.16226783969	334	46.9143180847
2150	8.16226783969	334	47.0150699615
2150	8.16226783969	334	47.1150710583
2150	8.16226783969	334	47.2150731087
2150	8.16226783969	334	47.31508708
2150	8.16226783969	334	47.4150891304
2150	8.16226783969	334	47.5150911808
2150	8.16226783969	334	47.6150929928
2150	8.16226783969	334	47.7150940895
2150	8.16226783969	334	47.8150961399
2150	8.16226783969	334	47.9150979519
2175	8.16226783969	334	48.0156350136
2175	8.16226783969	334	48.1156361103
2175	8.16226783969	334	48.2156381607
2175	8.16226783969	334	48.3156399727
2175	8.16226783969	334	48.4156420231
2175	8.16226783969	334	48.5156431198
2175	8.16226783969	334	48.6156451702
2175	8.16226783969	334	48.7156469822
2175	8.16226783969	334	48.8156499863
2175	8.16226783969	334	48.9156520367
2200	8.16226783969	334	49.015969038
2200	8.16226783969	334	49.1159701347
2200	8.16226783969	334	49.2159719467
2200	8.16226783969	334	49.3159730434
2200	8.16226783969	334	49.4159760475
2200	8.16226783969	334	49.5159800053
2200	8.16226783969	334	49.615981102
2200	8.16226783969	334	49.7159981728
2200	8.16226783969	334	49.8160021305
2200	8.16226783969	334	49.9160041809
2225	8.16226783969	334	50.0164680481
2225	8.16226783969	334	50.1164700985
2225	8.16226783969	334	50.2164731026
2225	8.16226783969	334	50.316475153
2225	8.16226783969	334	50.416476965
2225	8.16226783969	334	50.5164780617
2225	8.16226783969	334	50.6164801121
2225	8.16226783969	334	50.7164831161
2225	8.16226783969	334	50.8164861202
2225	8.16226783969	334	50.9164891243
2250	8.16226783969	334	51.0170581341
2250	8.13782991202	333	51.1170599461
2250	8.13782991202	333	51.2170619965
2250	8.13782991202	333	51.3170630932
2250	8.13782991202	333	51.4170651436
2250	8.13782991202	333	51.5170669556
2250	8.13782991202	333	51.6170680523
2250	8.16226783969	334	51.7170701027
2250	8.16226783969	334	51.8170721531
2250	8.16226783969	334	51.9170739651
2275	8.16226783969	334	52.0174360275
2275	8.16226783969	334	52.1174371243
2275	8.16226783969	334	52.2174391747
2275	8.16226783969	334	52.3174409866
2275	8.16226783969	334	52.4174420834
2275	8.16226783969	334	52.5174450874
2275	8.16226783969	334	52.6174471378
2275	8.16226783969	334	52.7174501419
2275	8.16226783969	334	52.817453146
2275	8.16226783969	334	52.9174561501
2300	8.16226783969	334	53.0179829597
2300	8.16226783969	334	53.1179840565
2300	8.16226783969	334	53.2179861069
2300	8.16226783969	334	53.3179881573
2300	8.16226783969	334	53.4179899693
2300	8.16226783969	334	53.517991066
2300	8.16226783969	334	53.6179931164
2300	8.16226783969	334	53.7179951668
2300	8.16226783969	334	53.8179969788
2300	8.16226783969	334	53.9179980755
2325	8.13782991202	333	54.0184249878
2325	8.16226783969	334	54.1184260845
2325	8.16226783969	334	54.2184290886
2325	8.16226783969	334	54.318431139
2325	8.16226783969	334	54.418432951
2325	8.16226783969	334	54.5184350014
2325	8.16226783969	334	54.6184360981
2325	8.16226783969	334	54.7184391022
2325	8.16226783969	334	54.8184430599
2325	8.16226783969	334	54.9184501171
2350	8.16226783969	334	55.0188059807
2350	8.16226783969	334	55.1188070774
2350	8.16226783969	334	55.2188100815
2350	8.16226783969	334	55.3188130856
2350	8.16226783969	334	55.418815136
2350	8.16226783969	334	55.5188169479
2350	8.16226783969	334	55.6188180447
2350	8.16226783969	334	55.7188200951
2350	8.16226783969	334	55.8188230991
2350	8.16226783969	334	55.9188251495
2375	8.16226783969	334	56.0201251507
2375	8.16226783969	334	56.1201291084
2375	8.16226783969	334	56.2201330662
2375	8.16226783969	334	56.3201351166
2375	8.16226783969	334	56.4201421738
2375	8.16226783969	334	56.5201451778
2375	8.16226783969	334	56.6201469898
2375	8.16226783969	334	56.7201490402
2375	8.16226783969	334	56.8201539516
2375	8.16226783969	334	56.9201550484
2400	8.16226783969	334	57.0206730366
2400	8.16226783969	334	57.1206741333
2400	8.16226783969	334	57.2206759453
2400	8.16226783969	334	57.3206779957
2400	8.16226783969	334	57.4206800461
2400	8.16226783969	334	57.5206820965
2400	8.16226783969	334	57.6206841469
2400	8.16226783969	334	57.7206859589
2400	8.16226783969	334	57.8206870556
2400	8.16226783969	334	57.9206900597
