Wavelength[nm], Lock-in voltage[uV], Raw data[0..1023 steps], Timetrace [sec]
1950	13.0009775171	532	0.00512290000916
1950	12.8543499511	526	0.105127096176
1950	12.7321603128	521	0.20513010025
1950	12.6099706745	516	0.305131912231
1950	12.5122189638	512	0.405133008957
1950	12.3900293255	507	0.505136013031
1950	12.2922776149	503	0.605138063431
1950	12.1945259042	499	0.705140113831
1950	12.0967741935	495	0.805141925812
1950	11.9745845552	490	0.905143976212
1950	11.9012707722	487	1.00514793396
1950	11.8035190616	483	1.10514998436
1950	11.7057673509	479	1.20515394211
1950	11.6080156403	475	1.30515599251
1950	11.5347018573	472	1.40515899658
1950	11.4369501466	468	1.50516200066
1950	11.3636363636	465	1.60516500473
1950	11.265884653	461	1.7051680088
1950	11.19257087	458	1.80517196655
1950	11.119257087	455	1.90517401695
1950	11.045943304	452	2.00517606735
1950	10.972629521	449	2.10517907143
1950	10.899315738	446	2.2051820755
1950	10.826001955	443	2.30518507957
1950	10.752688172	440	2.40518808365
1950	10.6793743891	437	2.50519108772
1950	10.6060606061	434	2.6051940918
1950	10.5571847507	432	2.70519709587
1950	10.4838709677	429	2.80520009995
1950	10.4349951124	427	2.90520310402
1960	10.3616813294	424	3.00568008423
1960	10.3128054741	422	3.1056830883
1960	10.2639296188	420	3.20568490028
1960	10.1906158358	417	3.30568695068
1960	10.1661779081	416	3.40568900108
1960	10.1173020528	414	3.50569105148
1960	10.0439882698	411	3.60569310188
1960	10.0195503421	410	3.70569491386
1960	9.9706744868	408	3.80569696426
1960	9.92179863148	406	3.90569901466
1960	9.87292277615	404	4.00570106506
1960	9.84848484848	403	4.10570597649
1960	9.79960899316	401	4.20570898056
1960	9.75073313783	399	4.30571198463
1960	9.72629521017	398	4.40571498871
1960	9.67741935484	396	4.50571703911
1960	9.65298142717	395	4.60572004318
1960	9.60410557185	393	4.70572209358
1960	9.57966764418	392	4.80572390556
1960	9.55522971652	391	4.90572595596
1960	9.53079178886	390	5.00572705269
1960	9.50635386119	389	5.10573005676
1960	9.45747800587	387	5.20573306084
1960	9.4330400782	386	5.30573511124
1960	9.40860215054	385	5.40573692322
1960	9.38416422287	384	5.50573801994
1960	9.38416422287	384	5.60574102402
1960	9.35972629521	383	5.70574402809
1960	9.33528836755	382	5.80574703217
1960	9.31085043988	381	5.90575003624
1970	9.28641251222	380	6.00751399994
1970	9.26197458456	379	6.10828995705
1970	9.23753665689	378	6.20829796791
1970	9.21309872923	377	6.30830001831
1970	9.21309872923	377	6.40830206871
1970	9.18866080156	376	6.50830507278
1970	9.18866080156	376	6.60830807686
1970	9.1642228739	375	6.70830988884
1970	9.1642228739	375	6.80831098557
1970	9.13978494624	374	6.90831303596
1970	9.11534701857	373	7.00831508636
1970	9.11534701857	373	7.10831809044
1970	9.09090909091	372	7.20832109451
1970	9.09090909091	372	7.30832290649
1970	9.06647116325	371	7.40832495689
1970	9.06647116325	371	7.50832796097
1970	9.04203323558	370	7.60832905769
1970	9.04203323558	370	7.70833301544
1970	9.01759530792	369	7.80833601952
1970	9.01759530792	369	7.90833902359
1970	8.99315738025	368	8.00834202766
1970	8.99315738025	368	8.10834503174
1970	8.99315738025	368	8.20834803581
1970	8.99315738025	368	8.30835103989
1970	8.96871945259	367	8.40835309029
1970	8.96871945259	367	8.50835609436
1970	8.96871945259	367	8.60836005211
1970	8.96871945259	367	8.70836305618
1970	8.96871945259	367	8.80836606026
1970	8.94428152493	366	8.90837097168
1980	8.94428152493	366	9.00904893875
1980	8.94428152493	366	9.10905003548
1980	8.91984359726	365	9.20905399323
1980	8.91984359726	365	9.3090569973
1980	8.91984359726	365	9.4090590477
1980	8.91984359726	365	9.5090610981
1980	8.91984359726	365	9.60906291008
1980	8.91984359726	365	9.70906400681
1980	8.91984359726	365	9.80906605721
1980	8.8954056696	364	9.90906906128
1980	8.8954056696	364	10.0090711117
1980	8.8954056696	364	10.1090729237
1980	8.8954056696	364	10.2090749741
1980	8.8954056696	364	10.3090860844
1980	8.8954056696	364	10.4090890884
1980	8.8954056696	364	10.5090909004
1980	8.87096774194	363	10.6090919971
1980	8.87096774194	363	10.7090959549
1980	8.87096774194	363	10.8090970516
1980	8.87096774194	363	10.9091010094
1980	8.87096774194	363	11.0091030598
1980	8.87096774194	363	11.1091051102
1980	8.87096774194	363	11.2091069221
1980	8.84652981427	362	11.3091080189
1980	8.87096774194	363	11.4091110229
1980	8.84652981427	362	11.509114027
1980	8.84652981427	362	11.6091170311
1980	8.87096774194	363	11.7091200352
1980	8.84652981427	362	11.8091220856
1980	8.84652981427	362	11.9091250896
1990	8.84652981427	362	12.0096130371
1990	8.84652981427	362	12.1096150875
1990	8.87096774194	363	12.2096180916
1990	8.84652981427	362	12.3097019196
1990	8.84652981427	362	12.4097030163
1990	8.84652981427	362	12.5097050667
1990	8.84652981427	362	12.6097080708
1990	8.84652981427	362	12.7097098827
1990	8.84652981427	362	12.8097109795
1990	8.84652981427	362	12.9097139835
1990	8.84652981427	362	13.0097160339
1990	8.84652981427	362	13.1097180843
1990	8.84652981427	362	13.2097210884
1990	8.82209188661	361	13.3097240925
1990	8.82209188661	361	13.4097259045
1990	8.84652981427	362	13.5097270012
1990	8.84652981427	362	13.6097300053
1990	8.84652981427	362	13.7097320557
1990	8.84652981427	362	13.8097341061
1990	8.84652981427	362	13.9097380638
1990	8.84652981427	362	14.0097401142
1990	8.82209188661	361	14.1097419262
1990	8.82209188661	361	14.2097430229
1990	8.82209188661	361	14.309746027
1990	8.82209188661	361	14.4097490311
1990	8.84652981427	362	14.5097510815
1990	8.84652981427	362	14.6097528934
1990	8.82209188661	361	14.7097549438
1990	8.82209188661	361	14.8097569942
1990	8.82209188661	361	14.9097599983
2000	8.82209188661	361	15.0103039742
2000	8.82209188661	361	15.1103079319
2000	8.82209188661	361	15.2103099823
2000	8.82209188661	361	15.3103129864
2000	8.82209188661	361	15.4103159904
2000	8.82209188661	361	15.5103199482
2000	8.82209188661	361	15.6103219986
2000	8.82209188661	361	15.7103250027
2000	8.82209188661	361	15.8103280067
2000	8.82209188661	361	15.9103310108
2000	8.82209188661	361	16.0103340149
2000	8.82209188661	361	16.110337019
2000	8.82209188661	361	16.210340023
2000	8.82209188661	361	16.3103439808
2000	8.82209188661	361	16.4103469849
2000	8.79765395894	360	16.5103499889
2000	8.82209188661	361	16.610352993
2000	8.82209188661	361	16.7103569508
2000	8.82209188661	361	16.8103599548
2000	8.79765395894	360	16.9103610516
2000	8.82209188661	361	17.0103640556
2000	8.82209188661	361	17.1103670597
2000	8.82209188661	361	17.2103691101
2000	8.82209188661	361	17.3103709221
2000	8.82209188661	361	17.4103720188
2000	8.82209188661	361	17.5103750229
2000	8.82209188661	361	17.6103770733
2000	8.82209188661	361	17.7103800774
2000	8.82209188661	361	17.8103830814
2000	8.82209188661	361	17.9103860855
2010	8.82209188661	361	18.0109200478
2010	8.82209188661	361	18.1109230518
2010	8.82209188661	361	18.2109260559
2010	8.82209188661	361	18.3109281063
2010	8.82209188661	361	18.4109299183
2010	8.82209188661	361	18.5109319687
2010	8.82209188661	361	18.6109359264
2010	8.82209188661	361	18.7109370232
2010	8.82209188661	361	18.8109390736
2010	8.82209188661	361	18.9109420776
2010	8.82209188661	361	19.0109450817
2010	8.82209188661	361	19.1109480858
2010	8.82209188661	361	19.2109520435
2010	8.82209188661	361	19.3109550476
2010	8.82209188661	361	19.410957098
2010	8.82209188661	361	19.5109601021
2010	8.82209188661	361	19.6109631062
2010	8.82209188661	361	19.7109649181
2010	8.82209188661	361	19.8109660149
2010	8.82209188661	361	19.9109690189
2010	8.82209188661	361	20.010972023
2010	8.82209188661	361	20.1109740734
2010	8.82209188661	361	20.2109780312
2010	8.82209188661	361	20.3109800816
2010	8.82209188661	361	20.4109830856
2010	8.82209188661	361	20.5109848976
2010	8.82209188661	361	20.610986948
2010	8.82209188661	361	20.7109899521
2010	8.82209188661	361	20.8109910488
2010	8.82209188661	361	20.9109930992
2020	8.82209188661	361	21.0114350319
2020	8.82209188661	361	21.111438036
2020	8.82209188661	361	21.21144104
2020	8.82209188661	361	21.3114440441
2020	8.82209188661	361	21.4114460945
2020	8.82209188661	361	21.5114490986
2020	8.82209188661	361	21.6114521027
2020	8.82209188661	361	21.7114551067
2020	8.82209188661	361	21.8114569187
2020	8.82209188661	361	21.9114589691
2020	8.82209188661	361	22.0114600658
2020	8.79765395894	360	22.1114630699
2020	8.82209188661	361	22.2114648819
2020	8.79765395894	360	22.3114669323
2020	8.82209188661	361	22.411468029
2020	8.82209188661	361	22.5114710331
2020	8.82209188661	361	22.6114730835
2020	8.82209188661	361	22.7114760876
2020	8.82209188661	361	22.8114778996
2020	8.82209188661	361	22.91147995
2020	8.79765395894	360	23.0114820004
2020	8.82209188661	361	23.1114850044
2020	8.82209188661	361	23.2114870548
2020	8.82209188661	361	23.3114891052
2020	8.82209188661	361	23.4114909172
2020	8.79765395894	360	23.5114929676
2020	8.82209188661	361	23.6114940643
2020	8.82209188661	361	23.7114980221
2020	8.82209188661	361	23.8115000725
2020	8.79765395894	360	23.9115030766
2030	8.82209188661	361	24.0118379593
2030	8.82209188661	361	24.1118400097
2030	8.82209188661	361	24.2118449211
2030	8.82209188661	361	24.3118469715
2030	8.82209188661	361	24.4118490219
2030	8.82209188661	361	24.5118510723
2030	8.82209188661	361	24.6118528843
2030	8.82209188661	361	24.7118549347
2030	8.82209188661	361	24.8118560314
2030	8.82209188661	361	24.9118590355
2030	8.82209188661	361	25.0118620396
2030	8.82209188661	361	25.1118650436
2030	8.82209188661	361	25.211867094
2030	8.82209188661	361	25.3118710518
2030	8.82209188661	361	25.4118731022
2030	8.82209188661	361	25.5118761063
2030	8.82209188661	361	25.611880064
2030	8.82209188661	361	25.7118821144
2030	8.82209188661	361	25.8118860722
2030	8.79765395894	360	25.9118890762
2030	8.82209188661	361	26.0118920803
2030	8.82209188661	361	26.1118938923
2030	8.82209188661	361	26.2118959427
2030	8.82209188661	361	26.3118970394
2030	8.79765395894	360	26.4118990898
2030	8.82209188661	361	26.5119009018
2030	8.82209188661	361	26.6119029522
2030	8.82209188661	361	26.7119050026
2030	8.82209188661	361	26.811907053
2030	8.82209188661	361	26.9119091034
2040	8.82209188661	361	27.0124540329
2040	8.82209188661	361	27.112457037
2040	8.79765395894	360	27.212460041
2040	8.82209188661	361	27.3124630451
2040	8.82209188661	361	27.4124660492
2040	8.82209188661	361	27.5124690533
2040	8.82209188661	361	27.6124720573
2040	8.82209188661	361	27.7124760151
2040	8.82209188661	361	27.8124780655
2040	8.82209188661	361	27.9124801159
2040	8.82209188661	361	28.0124819279
2040	8.82209188661	361	28.1124839783
2040	8.82209188661	361	28.2124860287
2040	8.82209188661	361	28.3124880791
2040	8.79765395894	360	28.4124898911
2040	8.82209188661	361	28.5124919415
2040	8.82209188661	361	28.6124930382
2040	8.82209188661	361	28.7124969959
2040	8.79765395894	360	28.8124990463
2040	8.82209188661	361	28.9125020504
2040	8.82209188661	361	29.0125041008
2040	8.79765395894	360	29.1125071049
2040	8.82209188661	361	29.2125101089
2040	8.82209188661	361	29.312513113
2040	8.82209188661	361	29.4125161171
2040	8.82209188661	361	29.5125188828
2040	8.79765395894	360	29.6125199795
2040	8.82209188661	361	29.7125229836
2040	8.82209188661	361	29.812525034
2040	8.82209188661	361	29.9125270844
2050	8.82209188661	361	30.012994051
2050	8.82209188661	361	30.1129970551
2050	8.82209188661	361	30.2130000591
2050	8.82209188661	361	30.3130021095
2050	8.82209188661	361	30.4130039215
2050	8.82209188661	361	30.5130059719
2050	8.79765395894	360	30.6130070686
2050	8.82209188661	361	30.7130100727
2050	8.79765395894	360	30.8130130768
2050	8.82209188661	361	30.9130148888
2050	8.82209188661	361	31.0130159855
2050	8.82209188661	361	31.1130180359
2050	8.82209188661	361	31.21302104
2050	8.82209188661	361	31.313024044
2050	8.82209188661	361	31.4130260944
2050	8.82209188661	361	31.5130279064
2050	8.82209188661	361	31.6130309105
2050	8.82209188661	361	31.7130320072
2050	8.82209188661	361	31.8130340576
2050	8.82209188661	361	31.9130370617
2050	8.82209188661	361	32.0130400658
2050	8.82209188661	361	32.1130430698
2050	8.82209188661	361	32.2130460739
2050	8.82209188661	361	32.313049078
2050	8.82209188661	361	32.4130520821
2050	8.82209188661	361	32.5130550861
2050	8.82209188661	361	32.6130590439
2050	8.82209188661	361	32.7130610943
2050	8.82209188661	361	32.8130629063
2050	8.82209188661	361	32.9130671024
2060	8.82209188661	361	33.0134630203
2060	8.82209188661	361	33.1134660244
2060	8.82209188661	361	33.2134690285
2060	8.82209188661	361	33.3134710789
2060	8.82209188661	361	33.4134728909
2060	8.82209188661	361	33.5134749413
2060	8.82209188661	361	33.6134769917
2060	8.82209188661	361	33.7134799957
2060	8.82209188661	361	33.8134820461
2060	8.82209188661	361	33.9134850502
2060	8.82209188661	361	34.0134871006
2060	8.82209188661	361	34.1134889126
2060	8.82209188661	361	34.213490963
2060	8.79765395894	360	34.3134920597
2060	8.79765395894	360	34.4134941101
2060	8.82209188661	361	34.5134971142
2060	8.82209188661	361	34.6134989262
2060	8.82209188661	361	34.7135000229
2060	8.82209188661	361	34.8135020733
2060	8.82209188661	361	34.9135038853
2060	8.79765395894	360	35.0135059357
2060	8.79765395894	360	35.1135079861
2060	8.79765395894	360	35.2135109901
2060	8.82209188661	361	35.3135130405
2060	8.79765395894	360	35.4135160446
2060	8.79765395894	360	35.5135190487
2060	8.82209188661	361	35.6135210991
2060	8.82209188661	361	35.7135241032
2060	8.82209188661	361	35.8135259151
2060	8.82209188661	361	35.9135270119
2070	8.82209188661	361	36.0140891075
2070	8.82209188661	361	36.1140921116
2070	8.82209188661	361	36.2140951157
2070	8.82209188661	361	36.3140978813
2070	8.82209188661	361	36.4140999317
2070	8.82209188661	361	36.5141010284
2070	8.79765395894	360	36.6141030788
2070	8.82209188661	361	36.7141048908
2070	8.82209188661	361	36.8141059875
2070	8.79765395894	360	36.9141089916
2070	8.82209188661	361	37.014111042
2070	8.82209188661	361	37.1141130924
2070	8.82209188661	361	37.2141170502
2070	8.82209188661	361	37.3141200542
2070	8.82209188661	361	37.4141230583
2070	8.82209188661	361	37.5141260624
2070	8.79765395894	360	37.6141281128
2070	8.79765395894	360	37.7141299248
2070	8.82209188661	361	37.8141310215
2070	8.82209188661	361	37.9141340256
2070	8.82209188661	361	38.014136076
2070	8.82209188661	361	38.114137888
2070	8.82209188661	361	38.2141389847
2070	8.82209188661	361	38.3141410351
2070	8.82209188661	361	38.4141430855
2070	8.79765395894	360	38.5141460896
2070	8.82209188661	361	38.6141500473
2070	8.82209188661	361	38.7141520977
2070	8.82209188661	361	38.8141539097
2070	8.82209188661	361	38.9141550064
2080	8.82209188661	361	39.0144639015
2080	8.82209188661	361	39.1144649982
2080	8.79765395894	360	39.2144680023
2080	8.82209188661	361	39.3144700527
2080	8.82209188661	361	39.4144721031
2080	8.82209188661	361	39.5144751072
2080	8.82209188661	361	39.6144781113
2080	8.82209188661	361	39.7144799232
2080	8.82209188661	361	39.81448102
2080	8.82209188661	361	39.9144830704
2080	8.82209188661	361	40.0144860744
2080	8.82209188661	361	40.1144878864
2080	8.79765395894	360	40.2144899368
2080	8.82209188661	361	40.3144919872
2080	8.82209188661	361	40.4144940376
2080	8.82209188661	361	40.5144970417
2080	8.82209188661	361	40.6144990921
2080	8.82209188661	361	40.7145030499
2080	8.82209188661	361	40.8145051003
2080	8.82209188661	361	40.9145069122
2080	8.82209188661	361	41.014508009
2080	8.82209188661	361	41.1145100594
2080	8.82209188661	361	41.2145130634
2080	8.82209188661	361	41.3145151138
2080	8.82209188661	361	41.4145169258
2080	8.82209188661	361	41.5145189762
2080	8.82209188661	361	41.614522934
2080	8.82209188661	361	41.7145249844
2080	8.79765395894	360	41.8145270348
2080	8.82209188661	361	41.9145419598
2090	8.79765395894	360	42.0151340961
2090	8.79765395894	360	42.1151359081
2090	8.82209188661	361	42.2151370049
2090	8.79765395894	360	42.3151409626
2090	8.82209188661	361	42.415143013
2090	8.82209188661	361	42.5151460171
2090	8.82209188661	361	42.6151490211
2090	8.82209188661	361	42.7151520252
2090	8.82209188661	361	42.8151550293
2090	8.82209188661	361	42.9151570797
2090	8.82209188661	361	43.0151588917
2090	8.82209188661	361	43.1151609421
2090	8.82209188661	361	43.2151629925
2090	8.82209188661	361	43.3151650429
2090	8.82209188661	361	43.4151699543
2090	8.82209188661	361	43.5151720047
2090	8.82209188661	361	43.6151759624
2090	8.82209188661	361	43.715184927
2090	8.82209188661	361	43.8151879311
2090	8.82209188661	361	43.9151899815
2090	8.82209188661	361	44.0167200565
2090	8.82209188661	361	44.1167230606
2090	8.79765395894	360	44.216725111
2090	8.79765395894	360	44.3167281151
2090	8.82209188661	361	44.4167308807
2090	8.82209188661	361	44.5167319775
2090	8.82209188661	361	44.6167368889
2090	8.82209188661	361	44.7167389393
2090	8.82209188661	361	44.816740036
2090	8.82209188661	361	44.9167420864
2100	8.82209188661	361	45.0171020031
2100	8.82209188661	361	45.1171050072
2100	8.82209188661	361	45.2171070576
2100	8.82209188661	361	45.3171100616
2100	8.82209188661	361	45.41711092
2100	8.82209188661	361	45.517113924
2100	8.82209188661	361	45.6171150208
2100	8.82209188661	361	45.7171180248
2100	8.82209188661	361	45.8171200752
2100	8.82209188661	361	45.9171230793
2125	8.82209188661	361	46.0174388885
2125	8.82209188661	361	46.1174409389
2125	8.82209188661	361	46.2174420357
2125	8.82209188661	361	46.3174450397
2125	8.82209188661	361	46.4174489975
2125	8.82209188661	361	46.5174520016
2125	8.82209188661	361	46.6174600124
2125	8.82209188661	361	46.7174620628
2125	8.82209188661	361	46.8174641132
2125	8.82209188661	361	46.9174671173
2150	8.82209188661	361	47.0185570717
2150	8.82209188661	361	47.1185588837
2150	8.82209188661	361	47.2185618877
2150	8.82209188661	361	47.3185629845
2150	8.82209188661	361	47.4185659885
2150	8.82209188661	361	47.5185689926
2150	8.82209188661	361	47.6185719967
2150	8.82209188661	361	47.7185750008
2150	8.82209188661	361	47.8185770512
2150	8.82209188661	361	47.9185800552
2175	8.82209188661	361	48.0193901062
2175	8.82209188661	361	48.1193919182
2175	8.82209188661	361	48.2193939686
2175	8.82209188661	361	48.3193950653
2175	8.82209188661	361	48.4193980694
2175	8.82209188661	361	48.5194010735
2175	8.82209188661	361	48.6194069386
2175	8.82209188661	361	48.7194080353
2175	8.82209188661	361	48.8194110394
2175	8.79765395894	360	48.9194130898
2200	8.82209188661	361	49.0199139118
2200	8.79765395894	360	49.1199150085
2200	8.82209188661	361	49.2199170589
2200	8.82209188661	361	49.3199191093
2200	8.82209188661	361	49.4216139317
2200	8.82209188661	361	49.5216159821
2200	8.82209188661	361	49.6216189861
2200	8.82209188661	361	49.7216219902
2200	8.82209188661	361	49.8216879368
2200	8.79765395894	360	49.9216899872
2225	8.79765395894	360	50.0223839283
2225	8.82209188661	361	50.122385025
2225	8.82209188661	361	50.2223880291
2225	8.82209188661	361	50.3223910332
2225	8.82209188661	361	50.4223940372
2225	8.82209188661	361	50.5223960876
2225	8.82209188661	361	50.6224040985
2225	8.82209188661	361	50.7224059105
2225	8.82209188661	361	50.8224079609
2225	8.82209188661	361	50.9224090576
2250	8.82209188661	361	51.0258789062
2250	8.79765395894	360	51.125880003
2250	8.82209188661	361	51.225883007
2250	8.82209188661	361	51.3258860111
2250	8.82209188661	361	51.4258880615
2250	8.79765395894	360	51.5258901119
2250	8.79765395894	360	51.625893116
2250	8.79765395894	360	51.725894928
2250	8.79765395894	360	51.8259060383
2250	8.79765395894	360	51.9259080887
2275	8.82209188661	361	52.0278120041
2275	8.82209188661	361	52.1278150082
2275	8.82209188661	361	52.2278220654
2275	8.82209188661	361	52.3278300762
2275	8.82209188661	361	52.4278330803
2275	8.82209188661	361	52.5278360844
2275	8.79765395894	360	52.6278390884
2275	8.82209188661	361	52.7278409004
2275	8.82209188661	361	52.8278460503
2275	8.82209188661	361	52.9278481007
2300	8.82209188661	361	53.0284790993
2300	8.82209188661	361	53.1284809113
2300	8.82209188661	361	53.228482008
2300	8.82209188661	361	53.3284850121
2300	8.79765395894	360	53.4284880161
2300	8.82209188661	361	53.5284900665
2300	8.82209188661	361	53.6284959316
2300	8.82209188661	361	53.7284970284
2300	8.82209188661	361	53.8285000324
2300	8.82209188661	361	53.9285020828
2325	8.82209188661	361	54.0292749405
2325	8.82209188661	361	54.1292769909
2325	8.82209188661	361	54.2292790413
2325	8.82209188661	361	54.3292810917
2325	8.79765395894	360	54.4292840958
2325	8.79765395894	360	54.5292859077
2325	8.82209188661	361	54.6292901039
2325	8.82209188661	361	54.7292919159
2325	8.82209188661	361	54.8292930126
2325	8.82209188661	361	54.9292960167
2350	8.82209188661	361	55.0299789906
2350	8.82209188661	361	55.1299829483
2350	8.82209188661	361	55.2299859524
2350	8.82209188661	361	55.3299880028
2350	8.82209188661	361	55.4299919605
2350	8.79765395894	360	55.5299930573
2350	8.82209188661	361	55.6299960613
2350	8.79765395894	360	55.7299981117
2350	8.82209188661	361	55.8300011158
2350	8.82209188661	361	55.9300029278
2375	8.82209188661	361	56.0304028988
2375	8.82209188661	361	56.1304039955
2375	8.82209188661	361	56.2304060459
2375	8.79765395894	360	56.3304080963
2375	8.82209188661	361	56.4304120541
2375	8.82209188661	361	56.5304141045
2375	8.82209188661	361	56.6304171085
2375	8.82209188661	361	56.7304189205
2375	8.79765395894	360	56.8304200172
2375	8.82209188661	361	56.9304220676
2400	8.79765395894	360	57.0307040215
2400	8.82209188661	361	57.1307079792
2400	8.79765395894	360	57.2307109833
2400	8.82209188661	361	57.3307139874
2400	8.82209188661	361	57.4307200909
2400	8.82209188661	361	57.5307230949
2400	8.82209188661	361	57.630726099
2400	8.82209188661	361	57.730727911
2400	8.82209188661	361	57.8307299614
2400	8.79765395894	360	57.9307320118
