Your edit line - do NOT delete this line
Wavelength [nm], Voltage [mV], Raw output [bit step], Elapsed time [s]
900.0	674.486803519	138	5.14100003242
900.0	581.622678397	119	5.34400010109
900.0	522.971652004	107	5.54699993134
900.0	493.646138807	101	5.75
900.0	469.208211144	96	5.95300006866
900.0	459.433040078	94	6.15600013733
900.0	459.433040078	94	6.35899996758
900.0	454.545454545	93	6.56200003624
900.0	459.433040078	94	6.76600003242
900.0	459.433040078	94	6.96900010109
910.0	464.320625611	95	7.34400010109
910.0	488.758553275	100	7.54699993134
910.0	498.53372434	102	7.75
910.0	508.308895406	104	7.95300006866
910.0	508.308895406	104	8.15600013733
910.0	508.308895406	104	8.35899996758
910.0	513.196480938	105	8.56200003624
910.0	513.196480938	105	8.76600003242
910.0	518.084066471	106	8.96900010109
910.0	518.084066471	106	9.17199993134
920.0	522.971652004	107	9.54699993134
920.0	552.2971652	113	9.75
920.0	566.959921799	116	9.95300006866
920.0	571.847507331	117	10.1560001373
920.0	576.735092864	118	10.3589999676
920.0	581.622678397	119	10.5620000362
920.0	576.735092864	118	10.7660000324
920.0	581.622678397	119	10.9690001011
920.0	581.622678397	119	11.1719999313
920.0	581.622678397	119	11.375
930.0	591.397849462	121	11.75
930.0	610.948191593	125	11.9530000687
930.0	630.498533724	129	12.1560001373
930.0	640.27370479	131	12.3589999676
930.0	650.048875855	133	12.5620000362
930.0	650.048875855	133	12.7660000324
930.0	650.048875855	133	12.9690001011
930.0	654.936461388	134	13.1719999313
930.0	654.936461388	134	13.375
930.0	650.048875855	133	13.5780000687
940.0	664.711632454	136	13.9530000687
940.0	694.03714565	142	14.1560001373
940.0	713.587487781	146	14.3589999676
940.0	713.587487781	146	14.5620000362
940.0	718.475073314	147	14.7660000324
940.0	723.362658847	148	14.9690001011
940.0	728.250244379	149	15.1719999313
940.0	728.250244379	149	15.375
940.0	723.362658847	148	15.5780000687
940.0	723.362658847	148	15.7810001373
950.0	733.137829912	150	16.1410000324
950.0	767.350928641	157	16.3440001011
950.0	782.013685239	160	16.5469999313
950.0	796.676441838	163	16.75
950.0	801.56402737	164	16.9530000687
950.0	806.451612903	165	17.1560001373
950.0	811.339198436	166	17.3589999676
950.0	806.451612903	165	17.5620000362
950.0	801.56402737	164	17.7660000324
950.0	801.56402737	164	17.9690001011
960.0	806.451612903	165	18.3280000687
960.0	835.7771261	171	18.5310001373
960.0	855.327468231	175	18.7339999676
960.0	869.990224829	178	18.9370000362
960.0	874.877810362	179	19.1410000324
960.0	874.877810362	179	19.3440001011
960.0	874.877810362	179	19.5469999313
960.0	879.765395894	180	19.75
960.0	879.765395894	180	19.9530000687
960.0	874.877810362	179	20.1560001373
970.0	889.54056696	182	20.5160000324
970.0	913.978494624	187	20.7190001011
970.0	938.416422287	192	20.9219999313
970.0	948.191593353	194	21.125
970.0	953.079178886	195	21.3280000687
970.0	953.079178886	195	21.5310001373
970.0	953.079178886	195	21.7339999676
970.0	953.079178886	195	21.9370000362
970.0	957.966764418	196	22.1410000324
970.0	962.854349951	197	22.3440001011
980.0	967.741935484	198	22.7030000687
980.0	997.06744868	204	22.9060001373
980.0	1011.73020528	207	23.1089999676
980.0	1026.39296188	210	23.3120000362
980.0	1036.16813294	212	23.5160000324
980.0	1041.05571848	213	23.7190001011
980.0	1045.94330401	214	23.9219999313
980.0	1050.83088954	215	24.125
980.0	1045.94330401	214	24.3280000687
980.0	1045.94330401	214	24.5310001373
990.0	1055.71847507	216	24.8910000324
990.0	1089.9315738	223	25.0940001011
990.0	1119.257087	229	25.2969999313
990.0	1124.14467253	230	25.5
990.0	1129.03225806	231	25.7030000687
990.0	1133.9198436	232	25.9060001373
990.0	1129.03225806	231	26.1089999676
990.0	1133.9198436	232	26.3120000362
990.0	1138.80742913	233	26.5160000324
990.0	1143.69501466	234	26.7190001011
1000.0	1143.69501466	234	27.0780000687
1000.0	1182.79569892	242	27.2810001373
1000.0	1207.23362659	247	27.4839999676
1000.0	1212.12121212	248	27.6870000362
1000.0	1217.00879765	249	27.8910000324
1000.0	1221.89638319	250	28.0940001011
1000.0	1221.89638319	250	28.2969999313
1000.0	1221.89638319	250	28.5
1000.0	1221.89638319	250	28.7030000687
1000.0	1226.78396872	251	28.9060001373
1010.0	1241.44672532	254	29.2660000324
1010.0	1275.65982405	261	29.4690001011
1010.0	1300.09775171	266	29.6719999313
1010.0	1314.76050831	269	29.875
1010.0	1319.64809384	270	30.0780000687
1010.0	1329.42326491	272	30.2810001373
1010.0	1334.31085044	273	30.4839999676
1010.0	1334.31085044	273	30.6870000362
1010.0	1334.31085044	273	30.8910000324
1010.0	1329.42326491	272	31.0940001011
1020.0	1334.31085044	273	31.4530000687
1020.0	1373.4115347	281	31.6560001373
1020.0	1407.62463343	288	31.8589999676
1020.0	1417.3998045	290	32.0620000362
1020.0	1427.17497556	292	32.2660000324
1020.0	1427.17497556	292	32.4690001011
1020.0	1432.06256109	293	32.6719999313
1020.0	1427.17497556	292	32.875
1020.0	1427.17497556	292	33.0780000687
1020.0	1432.06256109	293	33.2810001373
1030.0	1446.72531769	296	33.6410000324
1030.0	1485.82600196	304	33.8440001011
1030.0	1515.15151515	310	34.0469999313
1030.0	1529.81427175	313	34.25
1030.0	1534.70185728	314	34.4530000687
1030.0	1534.70185728	314	34.6560001373
1030.0	1544.47702835	316	34.8589999676
1030.0	1544.47702835	316	35.0620000362
1030.0	1544.47702835	316	35.2660000324
1030.0	1539.58944282	315	35.4690001011
1040.0	1559.13978495	319	35.8280000687
1040.0	1603.12805474	328	36.0310001373
1040.0	1632.45356794	334	36.2339999676
1040.0	1647.11632454	337	36.4370000362
1040.0	1661.77908113	340	36.6410000324
1040.0	1666.66666667	341	36.8440001011
1040.0	1661.77908113	340	37.0469999313
1040.0	1666.66666667	341	37.25
1040.0	1661.77908113	340	37.4530000687
1040.0	1661.77908113	340	37.6560001373
1050.0	1666.66666667	341	38.0160000324
1050.0	1705.76735093	349	38.2190001011
1050.0	1735.09286413	355	38.4219999313
1050.0	1754.64320626	359	38.625
1050.0	1759.53079179	360	38.8280000687
1050.0	1764.41837732	361	39.0310001373
1050.0	1769.30596285	362	39.2339999676
1050.0	1774.19354839	363	39.4370000362
1050.0	1774.19354839	363	39.6410000324
1050.0	1774.19354839	363	39.8440001011
1060.0	1788.85630499	366	40.2030000687
1060.0	1823.06940371	373	40.4060001373
1060.0	1857.28250244	380	40.6089999676
1060.0	1871.94525904	383	40.8120000362
1060.0	1881.72043011	385	41.0160000324
1060.0	1891.49560117	387	41.2190001011
1060.0	1891.49560117	387	41.4219999313
1060.0	1896.38318671	388	41.625
1060.0	1891.49560117	387	41.8280000687
1060.0	1886.60801564	386	42.0310001373
1070.0	1911.0459433	391	42.375
1070.0	1945.25904203	398	42.5780000687
1070.0	1974.58455523	404	42.7810001373
1070.0	1994.13489736	408	42.9839999676
1070.0	1999.02248289	409	43.1870000362
1070.0	2003.91006843	410	43.3910000324
1070.0	2008.79765396	411	43.5940001011
1070.0	2008.79765396	411	43.7969999313
1070.0	2008.79765396	411	44.0
1070.0	2013.68523949	412	44.2030000687
1080.0	2028.34799609	415	44.5469999313
1080.0	2067.44868035	423	44.75
1080.0	2091.88660802	428	44.9530000687
1080.0	2106.54936461	431	45.1560001373
1080.0	2116.32453568	433	45.3589999676
1080.0	2121.21212121	434	45.5620000362
1080.0	2121.21212121	434	45.7660000324
1080.0	2121.21212121	434	45.9690001011
1080.0	2126.09970674	435	46.1719999313
1080.0	2121.21212121	434	46.375
1090.0	2130.98729228	436	46.7190001011
1090.0	2170.08797654	444	46.9219999313
1090.0	2199.41348974	450	47.125
1090.0	2214.07624633	453	47.3280000687
1090.0	2223.8514174	455	47.5310001373
1090.0	2223.8514174	455	47.7339999676
1090.0	2223.8514174	455	47.9370000362
1090.0	2218.96383187	454	48.1410000324
1090.0	2228.73900293	456	48.3440001011
1090.0	2233.62658847	457	48.5469999313
1100.0	2243.40175953	459	48.8910000324
1100.0	2272.72727273	465	49.0940001011
1100.0	2292.27761486	469	49.2969999313
1100.0	2306.94037146	472	49.5
1100.0	2311.82795699	473	49.7030000687
1100.0	2316.71554252	474	49.9060001373
1100.0	2321.60312805	475	50.1089999676
1100.0	2321.60312805	475	50.3120000362
1100.0	2321.60312805	475	50.5160000324
1100.0	2321.60312805	475	50.7190001011
1110.0	2326.49071359	476	51.0620000362
1110.0	2355.81622678	482	51.2660000324
1110.0	2385.14173998	488	51.4690001011
1110.0	2394.91691105	490	51.6719999313
1110.0	2404.69208211	492	51.875
1110.0	2409.57966764	493	52.0780000687
1110.0	2414.46725318	494	52.2810001373
1110.0	2409.57966764	493	52.4839999676
1110.0	2414.46725318	494	52.6870000362
1110.0	2414.46725318	494	52.8910000324
1120.0	2414.46725318	494	53.2339999676
1120.0	2438.90518084	499	53.4370000362
1120.0	2458.45552297	503	53.6410000324
1120.0	2468.23069404	505	53.8440001011
1120.0	2478.0058651	507	54.0469999313
1120.0	2478.0058651	507	54.25
1120.0	2478.0058651	507	54.4530000687
1120.0	2487.78103617	509	54.6560001373
1120.0	2487.78103617	509	54.8589999676
1120.0	2482.89345064	508	55.0620000362
1130.0	2492.6686217	510	55.4060001373
1130.0	2517.10654936	515	55.6089999676
1130.0	2536.6568915	519	55.8120000362
1130.0	2546.43206256	521	56.0160000324
1130.0	2556.20723363	523	56.2190001011
1130.0	2551.31964809	522	56.4219999313
1130.0	2551.31964809	522	56.625
1130.0	2551.31964809	522	56.8280000687
1130.0	2551.31964809	522	57.0310001373
1130.0	2551.31964809	522	57.2339999676
1140.0	2556.20723363	523	57.5780000687
1140.0	2580.64516129	528	57.7810001373
1140.0	2595.30791789	531	57.9839999676
1140.0	2609.97067449	534	58.1870000362
1140.0	2609.97067449	534	58.3910000324
1140.0	2609.97067449	534	58.5940001011
1140.0	2614.85826002	535	58.7969999313
1140.0	2619.74584555	536	59.0
1140.0	2619.74584555	536	59.2030000687
1140.0	2619.74584555	536	59.4060001373
1150.0	2624.63343109	537	59.75
1150.0	2644.18377322	541	59.9530000687
1150.0	2653.95894428	543	60.1560001373
1150.0	2658.84652981	544	60.3589999676
1150.0	2653.95894428	543	60.5620000362
1150.0	2658.84652981	544	60.7660000324
1150.0	2663.73411535	545	60.9690001011
1150.0	2663.73411535	545	61.1719999313
1150.0	2663.73411535	545	61.375
1150.0	2663.73411535	545	61.5780000687
1160.0	2668.62170088	546	61.9219999313
1160.0	2678.39687195	548	62.125
1160.0	2693.05962854	551	62.3280000687
1160.0	2697.94721408	552	62.5310001373
1160.0	2697.94721408	552	62.7339999676
1160.0	2702.83479961	553	62.9370000362
1160.0	2707.72238514	554	63.1410000324
1160.0	2707.72238514	554	63.3440001011
1160.0	2707.72238514	554	63.5469999313
1160.0	2712.60997067	555	63.75
1170.0	2712.60997067	555	64.0940001011
1170.0	2727.27272727	558	64.2969999313
1170.0	2732.16031281	559	64.5
1170.0	2741.93548387	561	64.7030000687
1170.0	2746.8230694	562	64.9060001373
1170.0	2746.8230694	562	65.1089999676
1170.0	2746.8230694	562	65.3120000362
1170.0	2746.8230694	562	65.5160000324
1170.0	2746.8230694	562	65.7190001011
1170.0	2751.71065494	563	65.9219999313
1180.0	2746.8230694	562	66.2660000324
1180.0	2761.485826	565	66.4690001011
1180.0	2771.26099707	567	66.6719999313
1180.0	2776.1485826	568	66.875
1180.0	2781.03616813	569	67.0780000687
1180.0	2781.03616813	569	67.2810001373
1180.0	2781.03616813	569	67.4839999676
1180.0	2781.03616813	569	67.6870000362
1180.0	2776.1485826	568	67.8910000324
1180.0	2781.03616813	569	68.0940001011
1190.0	2785.92375367	570	68.4370000362
1190.0	2795.69892473	572	68.6410000324
1190.0	2800.58651026	573	68.8440001011
1190.0	2805.4740958	574	69.0469999313
1190.0	2805.4740958	574	69.25
1190.0	2805.4740958	574	69.4530000687
1190.0	2810.36168133	575	69.6560001373
1190.0	2810.36168133	575	69.8589999676
1190.0	2810.36168133	575	70.0620000362
1190.0	2815.24926686	576	70.2660000324
1200.0	2815.24926686	576	70.6089999676
1200.0	2820.13685239	577	70.8120000362
1200.0	2829.91202346	579	71.0160000324
1200.0	2834.79960899	580	71.2190001011
1200.0	2834.79960899	580	71.4219999313
1200.0	2834.79960899	580	71.625
1200.0	2834.79960899	580	71.8280000687
1200.0	2834.79960899	580	72.0310001373
1200.0	2844.57478006	582	72.2339999676
1200.0	2849.46236559	583	72.4370000362
1210.0	2844.57478006	582	72.7810001373
1210.0	2849.46236559	583	72.9839999676
1210.0	2849.46236559	583	73.1870000362
1210.0	2854.34995112	584	73.3910000324
1210.0	2854.34995112	584	73.5940001011
1210.0	2864.12512219	586	73.7969999313
1210.0	2869.01270772	587	74.0
1210.0	2869.01270772	587	74.2030000687
1210.0	2864.12512219	586	74.4060001373
1210.0	2859.23753666	585	74.6089999676
1220.0	2869.01270772	587	74.9530000687
1220.0	2873.90029326	588	75.1560001373
1220.0	2878.78787879	589	75.3589999676
1220.0	2883.67546432	590	75.5620000362
1220.0	2878.78787879	589	75.7660000324
1220.0	2883.67546432	590	75.9690001011
1220.0	2888.56304985	591	76.1719999313
1220.0	2883.67546432	590	76.375
1220.0	2888.56304985	591	76.5780000687
1220.0	2883.67546432	590	76.7810001373
1230.0	2883.67546432	590	77.125
1230.0	2893.45063539	592	77.3280000687
1230.0	2903.22580645	594	77.5310001373
1230.0	2903.22580645	594	77.7339999676
1230.0	2913.00097752	596	77.9370000362
1230.0	2913.00097752	596	78.1410000324
1230.0	2908.11339198	595	78.3440001011
1230.0	2903.22580645	594	78.5469999313
1230.0	2903.22580645	594	78.75
1230.0	2903.22580645	594	78.9530000687
1240.0	2908.11339198	595	79.2969999313
1240.0	2913.00097752	596	79.5
1240.0	2917.88856305	597	79.7030000687
1240.0	2922.77614858	598	79.9060001373
1240.0	2927.66373412	599	80.1089999676
1240.0	2927.66373412	599	80.3120000362
1240.0	2937.43890518	601	80.5160000324
1240.0	2937.43890518	601	80.7190001011
1240.0	2932.55131965	600	80.9219999313
1240.0	2927.66373412	599	81.125
1250.0	2927.66373412	599	81.4690001011
1250.0	2937.43890518	601	81.6719999313
1250.0	2947.21407625	603	81.875
1250.0	2947.21407625	603	82.0780000687
1250.0	2947.21407625	603	82.2810001373
1250.0	2947.21407625	603	82.4839999676
1250.0	2952.10166178	604	82.6870000362
1250.0	2942.32649071	602	82.8910000324
1250.0	2942.32649071	602	83.0940001011
1250.0	2947.21407625	603	83.2969999313
1260.0	2952.10166178	604	83.6410000324
1260.0	2956.98924731	605	83.8440001011
1260.0	2956.98924731	605	84.0469999313
1260.0	2961.87683284	606	84.25
1260.0	2961.87683284	606	84.4530000687
1260.0	2966.76441838	607	84.6560001373
1260.0	2966.76441838	607	84.8589999676
1260.0	2966.76441838	607	85.0620000362
1260.0	2966.76441838	607	85.2660000324
1260.0	2961.87683284	606	85.4690001011
1270.0	2956.98924731	605	85.8120000362
1270.0	2961.87683284	606	86.0160000324
1270.0	2966.76441838	607	86.2190001011
1270.0	2966.76441838	607	86.4219999313
1270.0	2966.76441838	607	86.625
1270.0	2966.76441838	607	86.8280000687
1270.0	2971.65200391	608	87.0310001373
1270.0	2971.65200391	608	87.2339999676
1270.0	2966.76441838	607	87.4370000362
1270.0	2966.76441838	607	87.6410000324
1280.0	2961.87683284	606	87.9839999676
1280.0	2966.76441838	607	88.1870000362
1280.0	2971.65200391	608	88.3910000324
1280.0	2976.53958944	609	88.5940001011
1280.0	2971.65200391	608	88.7969999313
1280.0	2976.53958944	609	89.0
1280.0	2976.53958944	609	89.2030000687
1280.0	2976.53958944	609	89.4060001373
1280.0	2971.65200391	608	89.6089999676
1280.0	2971.65200391	608	89.8120000362
1290.0	2966.76441838	607	90.1560001373
1290.0	2976.53958944	609	90.3589999676
1290.0	2966.76441838	607	90.5620000362
1290.0	2961.87683284	606	90.7660000324
1290.0	2956.98924731	605	90.9690001011
1290.0	2956.98924731	605	91.1719999313
1290.0	2961.87683284	606	91.375
1290.0	2956.98924731	605	91.5780000687
1290.0	2956.98924731	605	91.7810001373
1290.0	2956.98924731	605	91.9839999676
1300.0	2956.98924731	605	92.3280000687
1300.0	2947.21407625	603	92.5310001373
1300.0	2942.32649071	602	92.7339999676
1300.0	2937.43890518	601	92.9370000362
1300.0	2937.43890518	601	93.1410000324
1300.0	2927.66373412	599	93.3440001011
1300.0	2927.66373412	599	93.5469999313
1300.0	2927.66373412	599	93.75
1300.0	2927.66373412	599	93.9530000687
1300.0	2927.66373412	599	94.1560001373
1310.0	2922.77614858	598	94.5
1310.0	2908.11339198	595	94.7030000687
1310.0	2893.45063539	592	94.9060001373
1310.0	2893.45063539	592	95.1089999676
1310.0	2893.45063539	592	95.3120000362
1310.0	2888.56304985	591	95.5160000324
1310.0	2888.56304985	591	95.7190001011
1310.0	2888.56304985	591	95.9219999313
1310.0	2883.67546432	590	96.125
1310.0	2888.56304985	591	96.3280000687
1320.0	2873.90029326	588	96.6719999313
1320.0	2849.46236559	583	96.875
1320.0	2829.91202346	579	97.0780000687
1320.0	2815.24926686	576	97.2810001373
1320.0	2810.36168133	575	97.4839999676
1320.0	2810.36168133	575	97.6870000362
1320.0	2810.36168133	575	97.8910000324
1320.0	2815.24926686	576	98.0940001011
1320.0	2810.36168133	575	98.2969999313
1320.0	2815.24926686	576	98.5
1330.0	2800.58651026	573	98.8440001011
1330.0	2756.59824047	564	99.0469999313
1330.0	2727.27272727	558	99.25
1330.0	2717.49755621	556	99.4530000687
1330.0	2712.60997067	555	99.6560001373
1330.0	2702.83479961	553	99.8589999676
1330.0	2702.83479961	553	100.062000036
1330.0	2702.83479961	553	100.266000032
1330.0	2702.83479961	553	100.469000101
1330.0	2702.83479961	553	100.671999931
1340.0	2693.05962854	551	101.016000032
1340.0	2658.84652981	544	101.219000101
1340.0	2624.63343109	537	101.421999931
1340.0	2605.08308895	533	101.625
1340.0	2590.42033236	530	101.828000069
1340.0	2585.53274682	529	102.031000137
1340.0	2585.53274682	529	102.233999968
1340.0	2580.64516129	528	102.437000036
1340.0	2580.64516129	528	102.641000032
1340.0	2585.53274682	529	102.844000101
1350.0	2561.09481916	524	103.187000036
1350.0	2521.9941349	516	103.391000032
1350.0	2487.78103617	509	103.594000101
1350.0	2468.23069404	505	103.796999931
1350.0	2458.45552297	503	104.0
1350.0	2453.56793744	502	104.203000069
1350.0	2448.68035191	501	104.406000137
1350.0	2448.68035191	501	104.608999968
1350.0	2448.68035191	501	104.812000036
1350.0	2448.68035191	501	105.016000032
1360.0	2434.01759531	498	105.358999968
1360.0	2385.14173998	488	105.562000036
1360.0	2346.04105572	480	105.766000032
1360.0	2326.49071359	476	105.969000101
1360.0	2326.49071359	476	106.171999931
1360.0	2321.60312805	475	106.375
1360.0	2311.82795699	473	106.578000069
1360.0	2311.82795699	473	106.781000137
1360.0	2311.82795699	473	106.983999968
1360.0	2311.82795699	473	107.187000036
1370.0	2306.94037146	472	107.531000137
1370.0	2262.95210166	463	107.733999968
1370.0	2223.8514174	455	107.937000036
1370.0	2209.1886608	452	108.141000032
1370.0	2199.41348974	450	108.344000101
1370.0	2189.63831867	448	108.546999931
1370.0	2189.63831867	448	108.75
1370.0	2184.75073314	447	108.953000069
1370.0	2184.75073314	447	109.156000137
1370.0	2184.75073314	447	109.358999968
1380.0	2184.75073314	447	109.703000069
1380.0	2135.87487781	437	109.906000137
1380.0	2106.54936461	431	110.108999968
1380.0	2091.88660802	428	110.312000036
1380.0	2082.11143695	426	110.516000032
1380.0	2072.33626588	424	110.719000101
1380.0	2072.33626588	424	110.921999931
1380.0	2072.33626588	424	111.125
1380.0	2072.33626588	424	111.328000069
1380.0	2072.33626588	424	111.531000137
1390.0	2062.56109482	422	111.875
1390.0	2028.34799609	415	112.078000069
1390.0	1999.02248289	409	112.281000137
1390.0	1984.3597263	406	112.483999968
1390.0	1984.3597263	406	112.687000036
1390.0	1984.3597263	406	112.891000032
1390.0	1979.47214076	405	113.094000101
1390.0	1974.58455523	404	113.296999931
1390.0	1974.58455523	404	113.5
1390.0	1974.58455523	404	113.703000069
1400.0	1964.80938416	402	114.046999931
1400.0	1935.48387097	396	114.25
1400.0	1911.0459433	391	114.453000069
1400.0	1901.27077224	389	114.656000137
1400.0	1901.27077224	389	114.858999968
1400.0	1901.27077224	389	115.062000036
1400.0	1891.49560117	387	115.266000032
1400.0	1886.60801564	386	115.469000101
1400.0	1886.60801564	386	115.671999931
1400.0	1891.49560117	387	115.875
