Your edit line - do NOT delete this line
X-pos [um], Y-pos [um], Max voltage [V]
600	0.0	0.5021
500	-200.0	0.4077
100	-400.0	0.2855
0	-600.0	0.1307
-100	-800.0	0.0584
-300	-1000.0	0.0309
-800	-1200.0	0.028
-900	-1400.0	0.0294
-900	-1600.0	0.0276
-900	-1800.0	0.0252
-900	-2000.0	0.0177
-900	-2200.0	0.0117
-900	-2400.0	0.0095
-900	-2600.0	0.007
200	-2800.0	0.0068
300	-3000.0	0.005
-900	-3200.0	0.0043
-900	-3400.0	0.0039
-900	-3600.0	0.0034
-800	-3800.0	0.0034
-900	-4000.0	0.0033
-900	-4200.0	0.0031
-900	-4400.0	0.0029
-800	-4600.0	0.0028
-600	-4800.0	0.0029
-400	-5000.0	0.0027
0	-5200.0	0.0028
0	-5400.0	0.0028
200	-5600.0	0.003
200	-5800.0	0.003
100	-6000.0	0.0026

Y_new [um], Max voltage [V]
0.0	0.5021
-200.69324298	0.4077
-401.38648596	0.2855
-602.07972894	0.1307
-802.772971919	0.0584
-1003.4662149	0.0309
-1204.15945788	0.028
-1404.85270086	0.0294
-1605.54594384	0.0276
-1806.23918682	0.0252
-2006.9324298	0.0177
-2207.62567278	0.0117
-2408.31891576	0.0095
-2609.01215874	0.007
-2809.70540172	0.0068
-3010.3986447	0.005
-3211.09188768	0.0043
-3411.78513066	0.0039
-3612.47837364	0.0034
-3813.17161662	0.0034
-4013.8648596	0.0033
-4214.55810258	0.0031
-4415.25134556	0.0029
-4615.94458854	0.0028
-4816.63783152	0.0029
-5017.3310745	0.0027
-5218.02431748	0.0028
-5418.71756046	0.0028
-5619.41080344	0.003
-5820.10404642	0.003
-6020.7972894	0.0026
