Your edit line - do NOT delete this line
X-pos [um], Y-pos [um], Max voltage [V]
0	0.0	0.037209
0	-100.0	0.03138
-200	-200.0	0.028617
-200	-300.0	0.024195
-200	-400.0	0.019257
-200	-500.0	0.015288
200	-600.0	0.014073
400	-700.0	0.014316
400	-800.0	0.016221
400	-900.0	0.017871
400	-1000.0	0.019164
400	-1100.0	0.018852
400	-1200.0	0.017328
200	-1300.0	0.015399
200	-1400.0	0.013158
200	-1500.0	0.010404
200	-1600.0	0.007893
200	-1700.0	0.00567
-1800	-1800.0	0.000225
800	-1900.0	3e-05
1600	-2000.0	3e-05
1200	-2100.0	3e-05
-800	-2200.0	3e-05
1800	-2300.0	3e-05
-200	-2400.0	3e-05
-400	-2500.0	3e-05
-800	-2600.0	3e-05
800	-2700.0	3e-05
1000	-2800.0	3e-05
1800	-2900.0	2.7e-05
0	-3000.0	3e-05
-1200	-3100.0	3e-05
-1800	-3200.0	3e-05
1400	-3300.0	3e-05
-1600	-3400.0	3e-05
1400	-3500.0	3e-05
-800	-3600.0	2.7e-05
1200	-3700.0	3e-05
-1800	-3800.0	3e-05
-1400	-3900.0	3e-05
400	-4000.0	3e-05
-800	-4100.0	3e-05
-400	-4200.0	3e-05
600	-4300.0	3e-05
200	-4400.0	3e-05
-1600	-4500.0	3e-05
400	-4600.0	3e-05
1800	-4700.0	3e-05
-1800	-4800.0	3e-05
-400	-4900.0	3e-05
1400	-5000.0	3e-05

Y_new [um], Max voltage [V]
0.0	0.037209
-103.846039886	0.03138
-207.692079772	0.028617
-311.538119658	0.024195
-415.384159544	0.019257
-519.23019943	0.015288
-623.076239316	0.014073
-726.922279202	0.014316
-830.768319088	0.016221
-934.614358974	0.017871
-1038.46039886	0.019164
-1142.30643875	0.018852
-1246.15247863	0.017328
-1349.99851852	0.015399
-1453.8445584	0.013158
-1557.69059829	0.010404
-1661.53663818	0.007893
-1765.38267806	0.00567
-1869.22871795	0.000225
-1973.07475783	3e-05
-2076.92079772	3e-05
-2180.76683761	3e-05
-2284.61287749	3e-05
-2388.45891738	3e-05
-2492.30495726	3e-05
-2596.15099715	3e-05
-2699.99703704	3e-05
-2803.84307692	3e-05
-2907.68911681	3e-05
-3011.53515669	2.7e-05
-3115.38119658	3e-05
-3219.22723647	3e-05
-3323.07327635	3e-05
-3426.91931624	3e-05
-3530.76535612	3e-05
-3634.61139601	3e-05
-3738.4574359	2.7e-05
-3842.30347578	3e-05
-3946.14951567	3e-05
-4049.99555555	3e-05
-4153.84159544	3e-05
-4257.68763533	3e-05
-4361.53367521	3e-05
-4465.3797151	3e-05
-4569.22575498	3e-05
-4673.07179487	3e-05
-4776.91783475	3e-05
-4880.76387464	3e-05
-4984.60991453	3e-05
-5088.45595441	3e-05
-5192.3019943	3e-05
