Your edit line - do NOT delete this line
X-pos [um], Y-pos [um], Max voltage [V]
-800	0.0	0.016068
-800	-100.0	0.014827
-1000	-200.0	0.013416
-1000	-300.0	0.012002
-1000	-400.0	0.009977
-1000	-500.0	0.008923
-1000	-600.0	0.008025
-1000	-700.0	0.007228
-1000	-800.0	0.007045
-1200	-900.0	0.007076
-1200	-1000.0	0.007131
-1200	-1100.0	0.007488
-1200	-1200.0	0.008692
-1200	-1300.0	0.009841
-1200	-1400.0	0.0104
-1200	-1500.0	0.009875
-1200	-1600.0	0.009084
-1200	-1700.0	0.00804
-1200	-1800.0	0.007115
-1200	-1900.0	0.00609
-1200	-2000.0	0.005486
-1200	-2100.0	0.004825
-1400	-2200.0	0.004242
-1400	-2300.0	0.003664
-1400	-2400.0	0.003136
-1400	-2500.0	0.002996
-1400	-2600.0	0.002876
-1600	-2700.0	0.002736
-1600	-2800.0	0.002656
-1600	-2900.0	0.002686
-1600	-3000.0	0.00276
-1800	-3100.0	0.002932
-1800	-3200.0	0.00306
-1800	-3300.0	0.003119
-1800	-3400.0	0.003112
-1800	-3500.0	0.003121
-1800	-3600.0	0.003085
-1800	-3700.0	0.002811
-1800	-3800.0	0.002532
-1800	-3900.0	0.002245
-1800	-4000.0	0.002031
-2000	-4100.0	0.001878
-2000	-4200.0	0.001773
-2000	-4300.0	0.001634
-2000	-4400.0	0.001527
-2000	-4500.0	0.00144
-2000	-4600.0	0.001384
-2000	-4700.0	0.0013
-2000	-4800.0	0.001238
-2000	-4900.0	0.001169
-2000	-5000.0	0.001088

Y_new [um], Max voltage [V]
0.0	0.016068
-102.839681057	0.014827
-205.679362115	0.013416
-308.519043172	0.012002
-411.35872423	0.009977
-514.198405287	0.008923
-617.038086345	0.008025
-719.877767402	0.007228
-822.71744846	0.007045
-925.557129517	0.007076
-1028.39681057	0.007131
-1131.23649163	0.007488
-1234.07617269	0.008692
-1336.91585375	0.009841
-1439.7555348	0.0104
-1542.59521586	0.009875
-1645.43489692	0.009084
-1748.27457798	0.00804
-1851.11425903	0.007115
-1953.95394009	0.00609
-2056.79362115	0.005486
-2159.63330221	0.004825
-2262.47298326	0.004242
-2365.31266432	0.003664
-2468.15234538	0.003136
-2570.99202644	0.002996
-2673.83170749	0.002876
-2776.67138855	0.002736
-2879.51106961	0.002656
-2982.35075067	0.002686
-3085.19043172	0.00276
-3188.03011278	0.002932
-3290.86979384	0.00306
-3393.7094749	0.003119
-3496.54915595	0.003112
-3599.38883701	0.003121
-3702.22851807	0.003085
-3805.06819913	0.002811
-3907.90788018	0.002532
-4010.74756124	0.002245
-4113.5872423	0.002031
-4216.42692336	0.001878
-4319.26660441	0.001773
-4422.10628547	0.001634
-4524.94596653	0.001527
-4627.78564759	0.00144
-4730.62532864	0.001384
-4833.4650097	0.0013
-4936.30469076	0.001238
-5039.14437182	0.001169
-5141.98405287	0.001088
