Your comment line - do NOT delete this line
X-pos [m], Y-pos [m], Voltage [V]
-0.001	-0.0005	0.0218812
-0.00075	-0.0005	0.0332949
-0.0005	-0.0005	0.0569766
-0.00025	-0.0005	0.0754094
0.0	-0.0005	0.059418
0.00025	-0.0005	0.0304261
0.0005	-0.0005	0.0191346
0.00075	-0.0005	0.0151673
0.001	-0.0005	0.0132447
0.001	-0.0007499	0.0135193
0.00075	-0.0007499	0.0151368
0.0005	-0.0007499	0.0183412
0.00025	-0.0007499	0.0260011
0.0	-0.0007499	0.049103
-0.00025	-0.0007499	0.0750432
-0.0005	-0.0007499	0.0667424
-0.00075	-0.0007499	0.0442202
-0.001	-0.0007499	0.0269471
-0.001	-0.0009999	0.0319521
-0.00075	-0.0009999	0.0497744
-0.0005	-0.0009999	0.0681767
-0.00025	-0.0009999	0.0666509
0.0	-0.0009999	0.0389712
0.00025	-0.0009999	0.0234376
0.0005	-0.0009999	0.0176393
0.00075	-0.0009999	0.0150147
0.001	-0.0009999	0.0136109
0.001	-0.0012499	0.0135804
0.00075	-0.0012499	0.0148011
0.0005	-0.0012499	0.0169984
0.00025	-0.0012499	0.0216066
0.0	-0.0012499	0.031647
-0.00025	-0.0012499	0.05246
-0.0005	-0.0012499	0.0618594
-0.00075	-0.0012499	0.0509036
-0.001	-0.0012499	0.0358584
-0.001	-0.0014999	0.0384219
-0.00075	-0.0014999	0.049866
-0.0005	-0.0014999	0.0538638
-0.00025	-0.0014999	0.0408633
0.0	-0.0014999	0.0272523
0.00025	-0.0014999	0.0201112
0.0005	-0.0014999	0.0164796
0.00075	-0.0014999	0.0145875
0.001	-0.0014999	0.0134583
0.001	-0.0017499	0.0133362
0.00075	-0.0017499	0.0143128
0.0005	-0.0017499	0.0159913
0.00025	-0.0017499	0.0188905
0.0	-0.0017499	0.024048
-0.00025	-0.0017499	0.0339358
-0.0005	-0.0017499	0.0477297
-0.00075	-0.0017499	0.0489504
-0.001	-0.0017499	0.0390627
-0.001	-0.0019999	0.03949
-0.00075	-0.0019999	0.0480349
-0.0005	-0.0019999	0.0428774
-0.00025	-0.0019999	0.0288087
0.0	-0.0019999	0.0218507
0.00025	-0.0019999	0.0180665
0.0005	-0.0019999	0.0156251
0.00075	-0.0019999	0.0141602
0.001	-0.0019999	0.0132752
0.001	-0.0022499	0.0133057
0.00075	-0.0022499	0.0141297
0.0005	-0.0022499	0.0153504
0.00025	-0.0022499	0.0172731
0.0	-0.0022499	0.0202333
-0.00025	-0.0022499	0.0250245
-0.0005	-0.0022499	0.0367129
-0.00075	-0.0022499	0.0466311
-0.001	-0.0022499	0.0415041
-0.001	-0.0024999	0.0442202
-0.00075	-0.0024999	0.0459292
-0.0005	-0.0024999	0.0310975
-0.00025	-0.0024999	0.0226747
0.0	-0.0024999	0.0190431
0.00025	-0.0024999	0.0167543
0.0005	-0.0024999	0.0152283
0.00075	-0.0024999	0.0140076
0.001	-0.0024999	0.0131226
0.001	-0.0027499	0.0128785
0.00075	-0.0027499	0.0136719
0.0005	-0.0027499	0.014679
0.00025	-0.0027499	0.0160524
0.0	-0.0027499	0.017975
-0.00025	-0.0027499	0.0209047
-0.0005	-0.0027499	0.0268861
-0.00075	-0.0027499	0.0423281
-0.001	-0.0027499	0.044678
-0.001	-0.0029999	0.039551
-0.00075	-0.0029999	0.0329897
-0.0005	-0.0029999	0.0234071
-0.00025	-0.0029999	0.0195009
0.0	-0.0029999	0.0172426
0.00025	-0.0029999	0.0156251
0.0005	-0.0029999	0.0143738
0.00075	-0.0029999	0.0134278
0.001	-0.0029999	0.0127259
0.001	-0.0032499	0.0126649
0.00075	-0.0032499	0.0132752
0.0005	-0.0032499	0.0141297
0.00025	-0.0032499	0.0151978
0.0	-0.0032499	0.0165406
-0.00025	-0.0032499	0.0183107
-0.0005	-0.0032499	0.0210267
-0.00075	-0.0032499	0.0270997
-0.001	-0.0032499	0.0371706
-0.001	-0.0034999	0.0339968
-0.00075	-0.0034999	0.0240785
-0.0005	-0.0034999	0.0194398
-0.00025	-0.0034999	0.0173951
0.0	-0.0034999	0.0159608
0.00025	-0.0034999	0.0148011
0.0005	-0.0034999	0.0139161
0.00075	-0.0034999	0.0132142
0.001	-0.0034999	0.0126343
0.001	-0.0037499	0.0126038
0.00075	-0.0037499	0.0130616
0.0005	-0.0037499	0.0136109
0.00025	-0.0037499	0.0143738
0.0	-0.0037499	0.0153809
-0.00025	-0.0037499	0.0165712
-0.0005	-0.0037499	0.0182191
-0.00075	-0.0037499	0.0210878
-0.001	-0.0037499	0.0269471
-0.001	-0.0039999	0.0223085
-0.00075	-0.0039999	0.0192567
-0.0005	-0.0039999	0.0173646
-0.00025	-0.0039999	0.0160218
0.0	-0.0039999	0.0148621
0.00025	-0.0039999	0.0140076
0.0005	-0.0039999	0.0133973
0.00075	-0.0039999	0.012909
0.001	-0.0039999	0.0124817
0.001	-0.0042499	0.0124207
0.00075	-0.0042499	0.0127869
0.0005	-0.0042499	0.0132447
0.00025	-0.0042499	0.013794
0.0	-0.0042499	0.0145569
-0.00025	-0.0042499	0.0155335
-0.0005	-0.0042499	0.0166627
-0.00075	-0.0042499	0.018036
-0.001	-0.0042499	0.0203859
-0.001	-0.0044999	0.0188905
-0.00075	-0.0044999	0.0171205
-0.0005	-0.0044999	0.0160218
-0.00025	-0.0044999	0.0150452
0.0	-0.0044999	0.0142823
0.00025	-0.0044999	0.0136109
0.0005	-0.0044999	0.0131226
0.00075	-0.0044999	0.0127564
0.001	-0.0044999	0.0125428
0.001	-0.0047499	0.0127564
0.00075	-0.0047499	0.0127869
0.0005	-0.0047499	0.0130311
0.00025	-0.0047499	0.0134278
0.0	-0.0047499	0.0139466
-0.00025	-0.0047499	0.0145569
-0.0005	-0.0047499	0.0153809
-0.00075	-0.0047499	0.0163881
-0.001	-0.0047499	0.0178224
-0.001	-0.0049999	0.0169374
-0.00075	-0.0049999	0.0158387
-0.0005	-0.0049999	0.0148621
-0.00025	-0.0049999	0.0141602
0.0	-0.0049999	0.0136719
0.00025	-0.0049999	0.0132142
0.0005	-0.0049999	0.0128785
0.00075	-0.0049999	0.012848
0.001	-0.0049999	0.0129395
