Your comment line - do NOT delete this line
X-pos [m], Y-pos [m], Voltage [V]
-0.004	-0.004	0.000549
-0.0039	-0.004	1.98e-09
-0.0038	-0.004	0.00066
-0.0037	-0.004	2.34e-09
-0.0036	-0.004	0.000699
-0.0035	-0.004	0.000702
-0.0034	-0.004	0.000726
-0.0033	-0.004	2.49e-09
-0.0032	-0.004	0.000768
-0.0031	-0.004	0.00081
-0.003	-0.004	0.000846
-0.0029	-0.004	0.000882
-0.0028	-0.004	0.000912
-0.0027	-0.004	3.04e-09
-0.0026	-0.004	0.000933
-0.0025	-0.004	0.00096
-0.0024	-0.004	3.34e-09
-0.0023	-0.004	0.001068
-0.0022	-0.004	0.001074
-0.0021	-0.004	0.001104
-0.002	-0.004	0.001134
-0.0019	-0.004	3.76e-09
-0.0018	-0.004	0.001122
-0.0017	-0.004	3.8e-09
-0.0016	-0.004	0.001137
-0.0015	-0.004	0.00111
-0.0014	-0.004	0.001107
-0.0013	-0.004	0.001089
-0.0012	-0.004	3.58e-09
-0.0011	-0.004	3.48e-09
-0.001	-0.004	3.37e-09
-0.0009	-0.004	0.000978
-0.0008	-0.004	0.00096
-0.0007	-0.004	0.000954
-0.0006	-0.004	0.000912
-0.0005	-0.004	2.98e-09
-0.0004	-0.004	0.000861
-0.0003	-0.004	0.000843
-0.0002	-0.004	2.74e-09
-0.0001	-0.004	0.000801
0.0	-0.004	0.000762
0.0001	-0.004	0.000729
0.0002	-0.004	0.00069
0.0003	-0.004	2.2e-09
0.0004	-0.004	0.000636
0.0005	-0.004	2.06e-09
0.0006	-0.004	2e-09
0.0007	-0.004	0.000564
0.0008	-0.004	0.000534
0.0009	-0.004	1.63e-09
0.001	-0.004	0.000471
0.001	-0.0039001	0.000471
0.0009	-0.0039001	0.000495
0.0008	-0.0039001	1.82e-09
0.0007	-0.0039001	0.000579
0.0006	-0.0039001	0.000621
0.0005	-0.0039001	0.000654
0.0004	-0.0039001	0.000648
0.0003	-0.0039001	0.000663
0.0002	-0.0039001	0.000702
0.0001	-0.0039001	0.000726
0.0	-0.0039001	0.000774
-0.0001	-0.0039001	0.000831
-0.0002	-0.0039001	0.000864
-0.0003	-0.0039001	0.000861
-0.0004	-0.0039001	2.96e-09
-0.0005	-0.0039001	0.000903
-0.0006	-0.0039001	3.06e-09
-0.0007	-0.0039001	0.000945
-0.0008	-0.0039001	0.000978
-0.0009	-0.0039001	0.000984
-0.001	-0.0039001	0.001023
-0.0011	-0.0039001	0.001056
-0.0012	-0.0039001	0.001092
-0.0013	-0.0039001	0.001122
-0.0014	-0.0039001	3.64e-09
-0.0015	-0.0039001	3.73e-09
-0.0016	-0.0039001	0.001149
-0.0017	-0.0039001	0.001167
-0.0018	-0.0039001	3.82e-09
-0.0019	-0.0039001	3.82e-09
-0.002	-0.0039001	3.89e-09
-0.0021	-0.0039001	0.001104
-0.0022	-0.0039001	3.66e-09
-0.0023	-0.0039001	0.001098
-0.0024	-0.0039001	0.001041
-0.0025	-0.0039001	0.000993
-0.0026	-0.0039001	3.18e-09
-0.0027	-0.0039001	3.14e-09
-0.0028	-0.0039001	0.000924
-0.0029	-0.0039001	0.000906
-0.003	-0.0039001	0.000858
-0.0031	-0.0039001	0.000837
-0.0032	-0.0039001	0.00078
-0.0033	-0.0039001	0.000759
-0.0034	-0.0039001	0.000726
-0.0035	-0.0039001	2.38e-09
-0.0036	-0.0039001	0.000702
-0.0037	-0.0039001	0.000735
-0.0038	-0.0039001	2.34e-09
-0.0039	-0.0039001	0.000615
-0.004	-0.0039001	0.000543
-0.004	-0.0038001	0.000549
-0.0039	-0.0038001	0.000609
-0.0038	-0.0038001	0.000678
-0.0037	-0.0038001	0.000711
-0.0036	-0.0038001	0.000699
-0.0035	-0.0038001	0.000735
-0.0034	-0.0038001	0.000747
-0.0033	-0.0038001	2.6e-09
-0.0032	-0.0038001	0.000816
-0.0031	-0.0038001	2.84e-09
-0.003	-0.0038001	0.000882
-0.0029	-0.0038001	0.000921
-0.0028	-0.0038001	0.000948
-0.0027	-0.0038001	0.000966
-0.0026	-0.0038001	0.001005
-0.0025	-0.0038001	0.001056
-0.0024	-0.0038001	0.001065
-0.0023	-0.0038001	0.00114
-0.0022	-0.0038001	0.001164
-0.0021	-0.0038001	0.001194
-0.002	-0.0038001	0.001215
-0.0019	-0.0038001	0.001206
-0.0018	-0.0038001	0.001266
-0.0017	-0.0038001	0.001236
-0.0016	-0.0038001	0.001227
-0.0015	-0.0038001	4.08e-09
-0.0014	-0.0038001	0.001185
-0.0013	-0.0038001	3.93e-09
-0.0012	-0.0038001	0.001116
-0.0011	-0.0038001	0.001101
-0.001	-0.0038001	0.001101
-0.0009	-0.0038001	0.001053
-0.0008	-0.0038001	0.001041
-0.0007	-0.0038001	3.35e-09
-0.0006	-0.0038001	3.25e-09
-0.0005	-0.0038001	0.000942
-0.0004	-0.0038001	0.000924
-0.0003	-0.0038001	0.000909
-0.0002	-0.0038001	0.0009
-0.0001	-0.0038001	0.000876
0.0	-0.0038001	0.00084
0.0001	-0.0038001	0.000771
0.0002	-0.0038001	0.000726
0.0003	-0.0038001	0.000699
0.0004	-0.0038001	0.000657
0.0005	-0.0038001	0.000651
0.0006	-0.0038001	0.00063
0.0007	-0.0038001	0.000597
0.0008	-0.0038001	0.000552
0.0009	-0.0038001	1.7e-09
0.001	-0.0038001	0.000477
0.001	-0.0037001	0.000483
0.0009	-0.0037001	0.000501
0.0008	-0.0037001	0.000546
0.0007	-0.0037001	0.0006
0.0006	-0.0037001	0.000615
0.0005	-0.0037001	0.00066
0.0004	-0.0037001	0.000675
0.0003	-0.0037001	0.000711
0.0002	-0.0037001	0.000756
0.0001	-0.0037001	0.000777
0.0	-0.0037001	2.87e-09
-0.0001	-0.0037001	0.000906
-0.0002	-0.0037001	0.000942
-0.0003	-0.0037001	0.000963
-0.0004	-0.0037001	0.000939
-0.0005	-0.0037001	3.19e-09
-0.0006	-0.0037001	0.000999
-0.0007	-0.0037001	0.001026
-0.0008	-0.0037001	0.001026
-0.0009	-0.0037001	0.001041
-0.001	-0.0037001	0.001077
-0.0011	-0.0037001	0.001131
-0.0012	-0.0037001	0.00114
-0.0013	-0.0037001	0.001179
-0.0014	-0.0037001	0.001185
-0.0015	-0.0037001	0.001236
-0.0016	-0.0037001	0.001254
-0.0017	-0.0037001	0.001275
-0.0018	-0.0037001	4.26e-09
-0.0019	-0.0037001	0.001272
-0.002	-0.0037001	0.001257
-0.0021	-0.0037001	0.001203
-0.0022	-0.0037001	3.92e-09
-0.0023	-0.0037001	0.001152
-0.0024	-0.0037001	0.001125
-0.0025	-0.0037001	0.001092
-0.0026	-0.0037001	0.001047
-0.0027	-0.0037001	0.000999
-0.0028	-0.0037001	0.000975
-0.0029	-0.0037001	0.000948
-0.003	-0.0037001	0.000912
-0.0031	-0.0037001	2.94e-09
-0.0032	-0.0037001	0.000831
-0.0033	-0.0037001	0.000801
-0.0034	-0.0037001	0.00078
-0.0035	-0.0037001	0.000732
-0.0036	-0.0037001	2.4e-09
-0.0037	-0.0037001	2.29e-09
-0.0038	-0.0037001	0.000654
-0.0039	-0.0037001	0.000612
-0.004	-0.0037001	0.000564
-0.004	-0.0036001	0.000564
-0.0039	-0.0036001	0.000582
-0.0038	-0.0036001	0.000618
-0.0037	-0.0036001	0.000678
-0.0036	-0.0036001	2.38e-09
-0.0035	-0.0036001	0.000747
-0.0034	-0.0036001	0.000807
-0.0033	-0.0036001	0.000834
-0.0032	-0.0036001	0.000855
-0.0031	-0.0036001	0.000912
-0.003	-0.0036001	0.000975
-0.0029	-0.0036001	0.000993
-0.0028	-0.0036001	0.001011
-0.0027	-0.0036001	0.001056
-0.0026	-0.0036001	0.001107
-0.0025	-0.0036001	0.001125
-0.0024	-0.0036001	0.001176
-0.0023	-0.0036001	0.001185
-0.0022	-0.0036001	0.001209
-0.0021	-0.0036001	0.001266
-0.002	-0.0036001	4.31e-09
-0.0019	-0.0036001	0.001311
-0.0018	-0.0036001	0.001305
-0.0017	-0.0036001	0.001317
-0.0016	-0.0036001	0.001299
-0.0015	-0.0036001	0.001245
-0.0014	-0.0036001	4.04e-09
-0.0013	-0.0036001	0.001203
-0.0012	-0.0036001	0.001191
-0.0011	-0.0036001	0.001188
-0.001	-0.0036001	0.001149
-0.0009	-0.0036001	3.71e-09
-0.0008	-0.0036001	0.001074
-0.0007	-0.0036001	3.5e-09
-0.0006	-0.0036001	0.001029
-0.0005	-0.0036001	0.000999
-0.0004	-0.0036001	0.000993
-0.0003	-0.0036001	0.001005
-0.0002	-0.0036001	0.000972
-0.0001	-0.0036001	0.000948
0.0	-0.0036001	0.0009
0.0001	-0.0036001	2.75e-09
0.0002	-0.0036001	0.000783
0.0003	-0.0036001	0.000726
0.0004	-0.0036001	0.000693
0.0005	-0.0036001	0.000657
0.0006	-0.0036001	0.000621
0.0007	-0.0036001	0.000591
0.0008	-0.0036001	1.81e-09
0.0009	-0.0036001	0.00051
0.001	-0.0036001	1.62e-09
0.001	-0.0035001	0.000486
0.0009	-0.0035001	0.00051
0.0008	-0.0035001	0.000543
0.0007	-0.0035001	1.95e-09
0.0006	-0.0035001	0.000615
0.0005	-0.0035001	0.000666
0.0004	-0.0035001	0.000699
0.0003	-0.0035001	0.000744
0.0002	-0.0035001	2.63e-09
0.0001	-0.0035001	0.000846
0.0	-0.0035001	0.000903
-0.0001	-0.0035001	0.000966
-0.0002	-0.0035001	0.00099
-0.0003	-0.0035001	0.001026
-0.0004	-0.0035001	0.001047
-0.0005	-0.0035001	0.001029
-0.0006	-0.0035001	0.00105
-0.0007	-0.0035001	0.001068
-0.0008	-0.0035001	3.61e-09
-0.0009	-0.0035001	3.73e-09
-0.001	-0.0035001	3.82e-09
-0.0011	-0.0035001	0.00117
-0.0012	-0.0035001	0.001206
-0.0013	-0.0035001	0.001194
-0.0014	-0.0035001	4.08e-09
-0.0015	-0.0035001	0.001254
-0.0016	-0.0035001	4.19e-09
-0.0017	-0.0035001	0.001281
-0.0018	-0.0035001	0.001317
-0.0019	-0.0035001	4.37e-09
-0.002	-0.0035001	0.001305
-0.0021	-0.0035001	0.001284
-0.0022	-0.0035001	0.001227
-0.0023	-0.0035001	0.001176
-0.0024	-0.0035001	0.001179
-0.0025	-0.0035001	0.001143
-0.0026	-0.0035001	0.001125
-0.0027	-0.0035001	3.63e-09
-0.0028	-0.0035001	0.001056
-0.0029	-0.0035001	0.001011
-0.003	-0.0035001	0.000984
-0.0031	-0.0035001	0.000939
-0.0032	-0.0035001	0.000894
-0.0033	-0.0035001	0.000864
-0.0034	-0.0035001	0.000822
-0.0035	-0.0035001	0.000768
-0.0036	-0.0035001	0.000723
-0.0037	-0.0035001	0.000693
-0.0038	-0.0035001	0.000648
-0.0039	-0.0035001	1.97e-09
-0.004	-0.0035001	1.86e-09
-0.004	-0.0034001	0.000564
-0.0039	-0.0034001	0.000594
-0.0038	-0.0034001	0.000645
-0.0037	-0.0034001	0.000702
-0.0036	-0.0034001	2.54e-09
-0.0035	-0.0034001	0.000804
-0.0034	-0.0034001	2.9e-09
-0.0033	-0.0034001	0.000906
-0.0032	-0.0034001	0.000969
-0.0031	-0.0034001	0.001017
-0.003	-0.0034001	0.001029
-0.0029	-0.0034001	0.001089
-0.0028	-0.0034001	0.00111
-0.0027	-0.0034001	0.001164
-0.0026	-0.0034001	0.001188
-0.0025	-0.0034001	0.001206
-0.0024	-0.0034001	0.001224
-0.0023	-0.0034001	4.15e-09
-0.0022	-0.0034001	0.001266
-0.0021	-0.0034001	0.001296
-0.002	-0.0034001	0.001332
-0.0019	-0.0034001	0.001356
-0.0018	-0.0034001	4.5e-09
-0.0017	-0.0034001	0.00132
-0.0016	-0.0034001	0.001326
-0.0015	-0.0034001	0.001341
-0.0014	-0.0034001	4.34e-09
-0.0013	-0.0034001	0.001266
-0.0012	-0.0034001	0.001236
-0.0011	-0.0034001	0.001227
-0.001	-0.0034001	0.0012
-0.0009	-0.0034001	3.87e-09
-0.0008	-0.0034001	0.001137
-0.0007	-0.0034001	0.001122
-0.0006	-0.0034001	0.001122
-0.0005	-0.0034001	0.001128
-0.0004	-0.0034001	0.001116
-0.0003	-0.0034001	0.001104
-0.0002	-0.0034001	0.00105
-0.0001	-0.0034001	0.00102
0.0	-0.0034001	0.000951
0.0001	-0.0034001	2.95e-09
0.0002	-0.0034001	0.000819
0.0003	-0.0034001	0.000768
0.0004	-0.0034001	0.000726
0.0005	-0.0034001	0.000675
0.0006	-0.0034001	0.000633
0.0007	-0.0034001	0.000603
0.0008	-0.0034001	1.87e-09
0.0009	-0.0034001	0.000528
0.001	-0.0034001	0.000498
0.001	-0.0033001	0.000519
0.0009	-0.0033001	1.81e-09
0.0008	-0.0033001	1.9e-09
0.0007	-0.0033001	2.01e-09
0.0006	-0.0033001	0.000642
0.0005	-0.0033001	0.000678
0.0004	-0.0033001	0.00072
0.0003	-0.0033001	0.000786
0.0002	-0.0033001	2.77e-09
0.0001	-0.0033001	0.000897
0.0	-0.0033001	0.000945
-0.0001	-0.0033001	0.001026
-0.0002	-0.0033001	0.001095
-0.0003	-0.0033001	3.75e-09
-0.0004	-0.0033001	3.81e-09
-0.0005	-0.0033001	0.001164
-0.0006	-0.0033001	3.93e-09
-0.0007	-0.0033001	0.001146
-0.0008	-0.0033001	3.9e-09
-0.0009	-0.0033001	0.001191
-0.001	-0.0033001	0.001221
-0.0011	-0.0033001	0.001236
-0.0012	-0.0033001	4.16e-09
-0.0013	-0.0033001	4.23e-09
-0.0014	-0.0033001	0.001335
-0.0015	-0.0033001	0.00135
-0.0016	-0.0033001	0.001362
-0.0017	-0.0033001	0.001347
-0.0018	-0.0033001	0.001356
-0.0019	-0.0033001	0.001362
-0.002	-0.0033001	0.001323
-0.0021	-0.0033001	0.001296
-0.0022	-0.0033001	4.24e-09
-0.0023	-0.0033001	4.12e-09
-0.0024	-0.0033001	0.001206
-0.0025	-0.0033001	0.001218
-0.0026	-0.0033001	0.001194
-0.0027	-0.0033001	3.9e-09
-0.0028	-0.0033001	0.001137
-0.0029	-0.0033001	0.001104
-0.003	-0.0033001	0.001056
-0.0031	-0.0033001	0.00102
-0.0032	-0.0033001	0.000957
-0.0033	-0.0033001	0.000909
-0.0034	-0.0033001	0.000888
-0.0035	-0.0033001	2.83e-09
-0.0036	-0.0033001	0.000804
-0.0037	-0.0033001	2.46e-09
-0.0038	-0.0033001	0.000687
-0.0039	-0.0033001	0.000612
-0.004	-0.0033001	0.000564
-0.004	-0.0032001	1.98e-09
-0.0039	-0.0032001	0.000612
-0.0038	-0.0032001	0.000681
-0.0037	-0.0032001	0.000747
-0.0036	-0.0032001	0.000786
-0.0035	-0.0032001	2.91e-09
-0.0034	-0.0032001	0.000921
-0.0033	-0.0032001	0.000963
-0.0032	-0.0032001	3.33e-09
-0.0031	-0.0032001	0.001047
-0.003	-0.0032001	0.001089
-0.0029	-0.0032001	0.001149
-0.0028	-0.0032001	0.001194
-0.0027	-0.0032001	0.001218
-0.0026	-0.0032001	0.001263
-0.0025	-0.0032001	0.001287
-0.0024	-0.0032001	4.23e-09
-0.0023	-0.0032001	4.31e-09
-0.0022	-0.0032001	0.001341
-0.0021	-0.0032001	0.001374
-0.002	-0.0032001	0.00138
-0.0019	-0.0032001	4.74e-09
-0.0018	-0.0032001	0.001425
-0.0017	-0.0032001	0.001458
-0.0016	-0.0032001	0.001452
-0.0015	-0.0032001	0.00144
-0.0014	-0.0032001	4.68e-09
-0.0013	-0.0032001	0.001374
-0.0012	-0.0032001	0.001344
-0.0011	-0.0032001	0.00132
-0.001	-0.0032001	0.001293
-0.0009	-0.0032001	4.23e-09
-0.0008	-0.0032001	0.001251
-0.0007	-0.0032001	0.001233
-0.0006	-0.0032001	0.001218
-0.0005	-0.0032001	0.001215
-0.0004	-0.0032001	0.001197
-0.0003	-0.0032001	0.001158
-0.0002	-0.0032001	0.001116
-0.0001	-0.0032001	0.001056
0.0	-0.0032001	3.32e-09
0.0001	-0.0032001	0.000927
0.0002	-0.0032001	0.00087
0.0003	-0.0032001	0.000789
0.0004	-0.0032001	0.000741
0.0005	-0.0032001	0.000705
0.0006	-0.0032001	2.22e-09
0.0007	-0.0032001	0.000627
0.0008	-0.0032001	0.000588
0.0009	-0.0032001	1.87e-09
0.001	-0.0032001	0.00054
0.001	-0.0031001	0.000546
0.0009	-0.0031001	0.000579
0.0008	-0.0031001	0.000612
0.0007	-0.0031001	0.000648
0.0006	-0.0031001	0.000681
0.0005	-0.0031001	0.00072
0.0004	-0.0031001	0.000771
0.0003	-0.0031001	0.000807
0.0002	-0.0031001	2.88e-09
0.0001	-0.0031001	0.000924
0.0	-0.0031001	3.29e-09
-0.0001	-0.0031001	0.001047
-0.0002	-0.0031001	0.001101
-0.0003	-0.0031001	0.001164
-0.0004	-0.0031001	0.001188
-0.0005	-0.0031001	0.001215
-0.0006	-0.0031001	0.001233
-0.0007	-0.0031001	0.001248
-0.0008	-0.0031001	0.001266
-0.0009	-0.0031001	4.32e-09
-0.001	-0.0031001	0.001305
-0.0011	-0.0031001	0.001353
-0.0012	-0.0031001	4.6e-09
-0.0013	-0.0031001	4.74e-09
-0.0014	-0.0031001	4.82e-09
-0.0015	-0.0031001	0.001473
-0.0016	-0.0031001	0.001479
-0.0017	-0.0031001	0.001464
-0.0018	-0.0031001	4.72e-09
-0.0019	-0.0031001	4.72e-09
-0.002	-0.0031001	0.001392
-0.0021	-0.0031001	0.001368
-0.0022	-0.0031001	4.51e-09
-0.0023	-0.0031001	0.001323
-0.0024	-0.0031001	0.001311
-0.0025	-0.0031001	0.001284
-0.0026	-0.0031001	0.001269
-0.0027	-0.0031001	0.001257
-0.0028	-0.0031001	0.001218
-0.0029	-0.0031001	0.001176
-0.003	-0.0031001	0.001146
-0.0031	-0.0031001	0.001086
-0.0032	-0.0031001	0.001038
-0.0033	-0.0031001	0.000999
-0.0034	-0.0031001	0.000948
-0.0035	-0.0031001	0.000897
-0.0036	-0.0031001	0.000846
-0.0037	-0.0031001	0.000771
-0.0038	-0.0031001	0.000729
-0.0039	-0.0031001	0.000675
-0.004	-0.0031001	0.000612
-0.004	-0.0030001	0.000639
-0.0039	-0.0030001	2.25e-09
-0.0038	-0.0030001	0.000732
-0.0037	-0.0030001	0.000792
-0.0036	-0.0030001	0.000885
-0.0035	-0.0030001	3.15e-09
-0.0034	-0.0030001	3.31e-09
-0.0033	-0.0030001	0.00105
-0.0032	-0.0030001	3.71e-09
-0.0031	-0.0030001	0.001158
-0.003	-0.0030001	0.001239
-0.0029	-0.0030001	0.001266
-0.0028	-0.0030001	0.001269
-0.0027	-0.0030001	0.001293
-0.0026	-0.0030001	4.48e-09
-0.0025	-0.0030001	0.00135
-0.0024	-0.0030001	4.62e-09
-0.0023	-0.0030001	0.001395
-0.0022	-0.0030001	0.001443
-0.0021	-0.0030001	0.001497
-0.002	-0.0030001	0.001506
-0.0019	-0.0030001	0.001512
-0.0018	-0.0030001	5.07e-09
-0.0017	-0.0030001	0.001548
-0.0016	-0.0030001	0.001539
-0.0015	-0.0030001	0.001548
-0.0014	-0.0030001	0.001512
-0.0013	-0.0030001	0.001476
-0.0012	-0.0030001	0.001488
-0.0011	-0.0030001	4.86e-09
-0.001	-0.0030001	0.001428
-0.0009	-0.0030001	0.001407
-0.0008	-0.0030001	4.45e-09
-0.0007	-0.0030001	0.001314
-0.0006	-0.0030001	0.00129
-0.0005	-0.0030001	0.001248
-0.0004	-0.0030001	0.001209
-0.0003	-0.0030001	0.001161
-0.0002	-0.0030001	0.001128
-0.0001	-0.0030001	0.001068
0.0	-0.0030001	0.001026
0.0001	-0.0030001	0.000963
0.0002	-0.0030001	0.000918
0.0003	-0.0030001	0.000858
0.0004	-0.0030001	0.00081
0.0005	-0.0030001	0.000762
0.0006	-0.0030001	2.42e-09
0.0007	-0.0030001	0.000681
0.0008	-0.0030001	0.000636
0.0009	-0.0030001	0.000588
0.001	-0.0030001	0.000564
0.001	-0.0029001	0.000576
0.0009	-0.0029001	0.000612
0.0008	-0.0029001	0.000636
0.0007	-0.0029001	2.33e-09
0.0006	-0.0029001	2.5e-09
0.0005	-0.0029001	0.000795
0.0004	-0.0029001	0.000846
0.0003	-0.0029001	0.000879
0.0002	-0.0029001	0.000933
0.0001	-0.0029001	0.000996
0.0	-0.0029001	0.001035
-0.0001	-0.0029001	0.001083
-0.0002	-0.0029001	0.001137
-0.0003	-0.0029001	3.95e-09
-0.0004	-0.0029001	4.05e-09
-0.0005	-0.0029001	0.001266
-0.0006	-0.0029001	0.001329
-0.0007	-0.0029001	0.001326
-0.0008	-0.0029001	0.001368
-0.0009	-0.0029001	0.001434
-0.001	-0.0029001	0.001467
-0.0011	-0.0029001	4.9e-09
-0.0012	-0.0029001	0.0015
-0.0013	-0.0029001	0.00153
-0.0014	-0.0029001	0.00153
-0.0015	-0.0029001	0.001566
-0.0016	-0.0029001	0.001566
-0.0017	-0.0029001	0.001575
-0.0018	-0.0029001	0.001536
-0.0019	-0.0029001	0.001536
-0.002	-0.0029001	0.001488
-0.0021	-0.0029001	0.001482
-0.0022	-0.0029001	0.001476
-0.0023	-0.0029001	0.001464
-0.0024	-0.0029001	0.001419
-0.0025	-0.0029001	0.00138
-0.0026	-0.0029001	0.001362
-0.0027	-0.0029001	0.001344
-0.0028	-0.0029001	0.001347
-0.0029	-0.0029001	0.001299
-0.003	-0.0029001	0.001263
-0.0031	-0.0029001	0.001209
-0.0032	-0.0029001	0.00114
-0.0033	-0.0029001	0.001077
-0.0034	-0.0029001	0.001041
-0.0035	-0.0029001	0.000996
-0.0036	-0.0029001	0.000924
-0.0037	-0.0029001	0.00084
-0.0038	-0.0029001	2.56e-09
-0.0039	-0.0029001	0.00069
-0.004	-0.0029001	0.00066
-0.004	-0.0028001	0.000669
-0.0039	-0.0028001	0.000708
-0.0038	-0.0028001	0.000771
-0.0037	-0.0028001	0.000828
-0.0036	-0.0028001	0.000912
-0.0035	-0.0028001	0.001008
-0.0034	-0.0028001	0.001086
-0.0033	-0.0028001	0.001119
-0.0032	-0.0028001	0.001197
-0.0031	-0.0028001	0.001239
-0.003	-0.0028001	4.29e-09
-0.0029	-0.0028001	4.58e-09
-0.0028	-0.0028001	0.001395
-0.0027	-0.0028001	0.001428
-0.0026	-0.0028001	0.001446
-0.0025	-0.0028001	0.001491
-0.0024	-0.0028001	0.001509
-0.0023	-0.0028001	0.001533
-0.0022	-0.0028001	5.29e-09
-0.0021	-0.0028001	0.001578
-0.002	-0.0028001	0.00162
-0.0019	-0.0028001	0.001614
-0.0018	-0.0028001	0.001647
-0.0017	-0.0028001	5.57e-09
-0.0016	-0.0028001	0.001656
-0.0015	-0.0028001	0.001647
-0.0014	-0.0028001	5.53e-09
-0.0013	-0.0028001	0.001608
-0.0012	-0.0028001	0.001614
-0.0011	-0.0028001	0.001584
-0.001	-0.0028001	5.15e-09
-0.0009	-0.0028001	0.001527
-0.0008	-0.0028001	0.001494
-0.0007	-0.0028001	0.001458
-0.0006	-0.0028001	0.001413
-0.0005	-0.0028001	0.001356
-0.0004	-0.0028001	0.001287
-0.0003	-0.0028001	4.14e-09
-0.0002	-0.0028001	0.001212
-0.0001	-0.0028001	0.001149
0.0	-0.0028001	0.001098
0.0001	-0.0028001	0.001053
0.0002	-0.0028001	0.000996
0.0003	-0.0028001	0.000948
0.0004	-0.0028001	0.0009
0.0005	-0.0028001	0.000852
0.0006	-0.0028001	0.000786
0.0007	-0.0028001	0.000732
0.0008	-0.0028001	0.000675
0.0009	-0.0028001	0.000636
0.001	-0.0028001	0.000606
0.001	-0.0027001	0.000633
0.0009	-0.0027001	0.000657
0.0008	-0.0027001	0.000696
0.0007	-0.0027001	0.000741
0.0006	-0.0027001	0.000804
0.0005	-0.0027001	0.000873
0.0004	-0.0027001	0.00093
0.0003	-0.0027001	0.000981
0.0002	-0.0027001	0.001044
0.0001	-0.0027001	0.001104
0.0	-0.0027001	0.001152
-0.0001	-0.0027001	0.001194
-0.0002	-0.0027001	4.22e-09
-0.0003	-0.0027001	0.001287
-0.0004	-0.0027001	4.46e-09
-0.0005	-0.0027001	0.00138
-0.0006	-0.0027001	0.00147
-0.0007	-0.0027001	0.001482
-0.0008	-0.0027001	0.001527
-0.0009	-0.0027001	0.001551
-0.001	-0.0027001	0.001584
-0.0011	-0.0027001	5.34e-09
-0.0012	-0.0027001	0.00162
-0.0013	-0.0027001	0.001626
-0.0014	-0.0027001	5.46e-09
-0.0015	-0.0027001	0.001659
-0.0016	-0.0027001	5.66e-09
-0.0017	-0.0027001	0.001704
-0.0018	-0.0027001	5.56e-09
-0.0019	-0.0027001	0.00165
-0.002	-0.0027001	0.001629
-0.0021	-0.0027001	0.001626
-0.0022	-0.0027001	0.001584
-0.0023	-0.0027001	0.001611
-0.0024	-0.0027001	0.001557
-0.0025	-0.0027001	5.15e-09
-0.0026	-0.0027001	0.001485
-0.0027	-0.0027001	0.001443
-0.0028	-0.0027001	4.63e-09
-0.0029	-0.0027001	0.001398
-0.003	-0.0027001	0.001335
-0.0031	-0.0027001	0.001284
-0.0032	-0.0027001	0.001224
-0.0033	-0.0027001	0.001173
-0.0034	-0.0027001	0.001098
-0.0035	-0.0027001	0.001023
-0.0036	-0.0027001	0.000963
-0.0037	-0.0027001	0.000855
-0.0038	-0.0027001	2.62e-09
-0.0039	-0.0027001	0.000738
-0.004	-0.0027001	0.000699
-0.004	-0.0026001	2.4e-09
-0.0039	-0.0026001	0.000756
-0.0038	-0.0026001	2.68e-09
-0.0037	-0.0026001	0.000879
-0.0036	-0.0026001	0.000963
-0.0035	-0.0026001	0.001071
-0.0034	-0.0026001	0.001146
-0.0033	-0.0026001	4.03e-09
-0.0032	-0.0026001	4.28e-09
-0.0031	-0.0026001	0.001326
-0.003	-0.0026001	0.001377
-0.0029	-0.0026001	0.00144
-0.0028	-0.0026001	0.001458
-0.0027	-0.0026001	0.001506
-0.0026	-0.0026001	0.001575
-0.0025	-0.0026001	5.57e-09
-0.0024	-0.0026001	0.001698
-0.0023	-0.0026001	0.001686
-0.0022	-0.0026001	0.001746
-0.0021	-0.0026001	0.001761
-0.002	-0.0026001	0.001767
-0.0019	-0.0026001	0.001791
-0.0018	-0.0026001	0.001773
-0.0017	-0.0026001	0.001779
-0.0016	-0.0026001	0.00177
-0.0015	-0.0026001	0.001761
-0.0014	-0.0026001	5.84e-09
-0.0013	-0.0026001	0.001755
-0.0012	-0.0026001	0.001779
-0.0011	-0.0026001	0.001734
-0.001	-0.0026001	0.001716
-0.0009	-0.0026001	0.001698
-0.0008	-0.0026001	5.52e-09
-0.0007	-0.0026001	0.001605
-0.0006	-0.0026001	0.00156
-0.0005	-0.0026001	0.001473
-0.0004	-0.0026001	0.00144
-0.0003	-0.0026001	0.001371
-0.0002	-0.0026001	0.001335
-0.0001	-0.0026001	0.001269
0.0	-0.0026001	0.001233
0.0001	-0.0026001	3.94e-09
0.0002	-0.0026001	3.71e-09
0.0003	-0.0026001	0.001047
0.0004	-0.0026001	0.000972
0.0005	-0.0026001	0.000918
0.0006	-0.0026001	0.00084
0.0007	-0.0026001	0.000771
0.0008	-0.0026001	0.000723
0.0009	-0.0026001	0.000693
0.001	-0.0026001	0.000654
0.001	-0.0025001	0.00066
0.0009	-0.0025001	0.000711
0.0008	-0.0025001	2.53e-09
0.0007	-0.0025001	0.000804
0.0006	-0.0025001	0.000858
0.0005	-0.0025001	0.000933
0.0004	-0.0025001	0.001026
0.0003	-0.0025001	0.001077
0.0002	-0.0025001	0.001146
0.0001	-0.0025001	0.001212
0.0	-0.0025001	0.001278
-0.0001	-0.0025001	4.48e-09
-0.0002	-0.0025001	0.001392
-0.0003	-0.0025001	4.74e-09
-0.0004	-0.0025001	0.001473
-0.0005	-0.0025001	5.21e-09
-0.0006	-0.0025001	5.34e-09
-0.0007	-0.0025001	0.001635
-0.0008	-0.0025001	0.001686
-0.0009	-0.0025001	0.001746
-0.001	-0.0025001	0.001749
-0.0011	-0.0025001	0.001773
-0.0012	-0.0025001	0.001782
-0.0013	-0.0025001	5.97e-09
-0.0014	-0.0025001	5.94e-09
-0.0015	-0.0025001	0.001794
-0.0016	-0.0025001	0.001833
-0.0017	-0.0025001	0.001797
-0.0018	-0.0025001	6.01e-09
-0.0019	-0.0025001	0.001827
-0.002	-0.0025001	6e-09
-0.0021	-0.0025001	0.00177
-0.0022	-0.0025001	0.0018
-0.0023	-0.0025001	0.001761
-0.0024	-0.0025001	0.001782
-0.0025	-0.0025001	0.001689
-0.0026	-0.0025001	0.001641
-0.0027	-0.0025001	0.001578
-0.0028	-0.0025001	0.001545
-0.0029	-0.0025001	0.001449
-0.003	-0.0025001	0.001398
-0.0031	-0.0025001	4.52e-09
-0.0032	-0.0025001	0.001302
-0.0033	-0.0025001	0.001218
-0.0034	-0.0025001	3.86e-09
-0.0035	-0.0025001	3.6e-09
-0.0036	-0.0025001	0.001002
-0.0037	-0.0025001	0.000918
-0.0038	-0.0025001	0.000834
-0.0039	-0.0025001	0.000765
-0.004	-0.0025001	0.00072
-0.004	-0.0024001	0.000732
-0.0039	-0.0024001	2.68e-09
-0.0038	-0.0024001	0.000867
-0.0037	-0.0024001	3.14e-09
-0.0036	-0.0024001	0.001035
-0.0035	-0.0024001	0.001134
-0.0034	-0.0024001	0.001215
-0.0033	-0.0024001	0.001314
-0.0032	-0.0024001	0.001368
-0.0031	-0.0024001	4.77e-09
-0.003	-0.0024001	4.98e-09
-0.0029	-0.0024001	0.001551
-0.0028	-0.0024001	5.33e-09
-0.0027	-0.0024001	0.001686
-0.0026	-0.0024001	0.00174
-0.0025	-0.0024001	6.12e-09
-0.0024	-0.0024001	0.001866
-0.0023	-0.0024001	0.00189
-0.0022	-0.0024001	0.00195
-0.0021	-0.0024001	6.49e-09
-0.002	-0.0024001	0.001941
-0.0019	-0.0024001	0.001962
-0.0018	-0.0024001	6.65e-09
-0.0017	-0.0024001	6.58e-09
-0.0016	-0.0024001	0.001992
-0.0015	-0.0024001	0.001983
-0.0014	-0.0024001	6.45e-09
-0.0013	-0.0024001	0.001941
-0.0012	-0.0024001	0.001959
-0.0011	-0.0024001	0.001908
-0.001	-0.0024001	0.001911
-0.0009	-0.0024001	0.001833
-0.0008	-0.0024001	6.14e-09
-0.0007	-0.0024001	5.94e-09
-0.0006	-0.0024001	0.001731
-0.0005	-0.0024001	0.001674
-0.0004	-0.0024001	0.00159
-0.0003	-0.0024001	0.001572
-0.0002	-0.0024001	0.001494
-0.0001	-0.0024001	4.8e-09
0.0	-0.0024001	4.58e-09
0.0001	-0.0024001	0.001302
0.0002	-0.0024001	0.001221
0.0003	-0.0024001	0.001182
0.0004	-0.0024001	0.001092
0.0005	-0.0024001	0.000993
0.0006	-0.0024001	0.000906
0.0007	-0.0024001	0.000846
0.0008	-0.0024001	0.000786
0.0009	-0.0024001	0.000729
0.001	-0.0024001	0.000654
0.001	-0.0023001	2.25e-09
0.0009	-0.0023001	0.000741
0.0008	-0.0023001	0.000822
0.0007	-0.0023001	0.000894
0.0006	-0.0023001	0.000963
0.0005	-0.0023001	0.001044
0.0004	-0.0023001	0.001125
0.0003	-0.0023001	0.001227
0.0002	-0.0023001	4.38e-09
0.0001	-0.0023001	0.001356
0.0	-0.0023001	0.001458
-0.0001	-0.0023001	0.001503
-0.0002	-0.0023001	0.001566
-0.0003	-0.0023001	0.001638
-0.0004	-0.0023001	0.001695
-0.0005	-0.0023001	0.001731
-0.0006	-0.0023001	0.001755
-0.0007	-0.0023001	6e-09
-0.0008	-0.0023001	0.001857
-0.0009	-0.0023001	0.001908
-0.001	-0.0023001	6.47e-09
-0.0011	-0.0023001	0.00195
-0.0012	-0.0023001	6.58e-09
-0.0013	-0.0023001	0.002025
-0.0014	-0.0023001	0.001995
-0.0015	-0.0023001	0.002034
-0.0016	-0.0023001	0.002073
-0.0017	-0.0023001	0.002037
-0.0018	-0.0023001	0.002037
-0.0019	-0.0023001	6.94e-09
-0.002	-0.0023001	0.001965
-0.0021	-0.0023001	6.6e-09
-0.0022	-0.0023001	0.002004
-0.0023	-0.0023001	0.00195
-0.0024	-0.0023001	0.001917
-0.0025	-0.0023001	0.001902
-0.0026	-0.0023001	0.0018
-0.0027	-0.0023001	0.001743
-0.0028	-0.0023001	0.001674
-0.0029	-0.0023001	5.41e-09
-0.003	-0.0023001	0.00156
-0.0031	-0.0023001	4.95e-09
-0.0032	-0.0023001	4.77e-09
-0.0033	-0.0023001	0.00138
-0.0034	-0.0023001	4.32e-09
-0.0035	-0.0023001	0.001167
-0.0036	-0.0023001	0.001065
-0.0037	-0.0023001	0.00099
-0.0038	-0.0023001	0.000909
-0.0039	-0.0023001	0.00084
-0.004	-0.0023001	0.000768
-0.004	-0.0022001	0.000822
-0.0039	-0.0022001	0.000864
-0.0038	-0.0022001	3.08e-09
-0.0037	-0.0022001	0.001023
-0.0036	-0.0022001	0.001143
-0.0035	-0.0022001	0.001245
-0.0034	-0.0022001	0.001347
-0.0033	-0.0022001	0.001452
-0.0032	-0.0022001	0.001515
-0.0031	-0.0022001	5.34e-09
-0.003	-0.0022001	0.001662
-0.0029	-0.0022001	5.6e-09
-0.0028	-0.0022001	0.001734
-0.0027	-0.0022001	0.001824
-0.0026	-0.0022001	0.001923
-0.0025	-0.0022001	0.002007
-0.0024	-0.0022001	0.002007
-0.0023	-0.0022001	6.75e-09
-0.0022	-0.0022001	0.002097
-0.0021	-0.0022001	0.002085
-0.002	-0.0022001	7.06e-09
-0.0019	-0.0022001	0.002172
-0.0018	-0.0022001	0.002175
-0.0017	-0.0022001	0.00219
-0.0016	-0.0022001	0.002199
-0.0015	-0.0022001	0.002211
-0.0014	-0.0022001	0.002163
-0.0013	-0.0022001	0.002106
-0.0012	-0.0022001	0.0021
-0.0011	-0.0022001	0.00213
-0.001	-0.0022001	0.002112
-0.0009	-0.0022001	6.8e-09
-0.0008	-0.0022001	6.61e-09
-0.0007	-0.0022001	0.001992
-0.0006	-0.0022001	0.001923
-0.0005	-0.0022001	0.001881
-0.0004	-0.0022001	0.001857
-0.0003	-0.0022001	0.001779
-0.0002	-0.0022001	0.001659
-0.0001	-0.0022001	0.001635
0.0	-0.0022001	5.25e-09
0.0001	-0.0022001	0.001482
0.0002	-0.0022001	4.73e-09
0.0003	-0.0022001	4.39e-09
0.0004	-0.0022001	0.001218
0.0005	-0.0022001	0.001128
0.0006	-0.0022001	0.001038
0.0007	-0.0022001	3.16e-09
0.0008	-0.0022001	0.000876
0.0009	-0.0022001	0.000804
0.001	-0.0022001	0.000714
0.001	-0.0021001	0.000753
0.0009	-0.0021001	0.000837
0.0008	-0.0021001	0.000906
0.0007	-0.0021001	0.00099
0.0006	-0.0021001	3.59e-09
0.0005	-0.0021001	0.001179
0.0004	-0.0021001	4.19e-09
0.0003	-0.0021001	0.001377
0.0002	-0.0021001	0.001443
0.0001	-0.0021001	5.16e-09
0.0	-0.0021001	0.001638
-0.0001	-0.0021001	5.7e-09
-0.0002	-0.0021001	0.001752
-0.0003	-0.0021001	0.001833
-0.0004	-0.0021001	0.001908
-0.0005	-0.0021001	6.42e-09
-0.0006	-0.0021001	0.002055
-0.0007	-0.0021001	0.002058
-0.0008	-0.0021001	0.002079
-0.0009	-0.0021001	0.002112
-0.001	-0.0021001	7.35e-09
-0.0011	-0.0021001	0.002196
-0.0012	-0.0021001	0.002229
-0.0013	-0.0021001	0.00222
-0.0014	-0.0021001	7.47e-09
-0.0015	-0.0021001	0.002247
-0.0016	-0.0021001	0.002226
-0.0017	-0.0021001	0.002229
-0.0018	-0.0021001	0.002211
-0.0019	-0.0021001	7.48e-09
-0.002	-0.0021001	0.002205
-0.0021	-0.0021001	7.22e-09
-0.0022	-0.0021001	0.002172
-0.0023	-0.0021001	0.002109
-0.0024	-0.0021001	0.002091
-0.0025	-0.0021001	0.002043
-0.0026	-0.0021001	6.61e-09
-0.0027	-0.0021001	0.001854
-0.0028	-0.0021001	0.001827
-0.0029	-0.0021001	0.001716
-0.003	-0.0021001	0.001704
-0.0031	-0.0021001	5.47e-09
-0.0032	-0.0021001	0.00153
-0.0033	-0.0021001	0.001464
-0.0034	-0.0021001	4.56e-09
-0.0035	-0.0021001	0.001266
-0.0036	-0.0021001	3.92e-09
-0.0037	-0.0021001	0.001074
-0.0038	-0.0021001	0.000984
-0.0039	-0.0021001	2.94e-09
-0.004	-0.0021001	0.000825
-0.004	-0.0020001	0.000864
-0.0039	-0.0020001	0.000924
-0.0038	-0.0020001	3.44e-09
-0.0037	-0.0020001	0.001107
-0.0036	-0.0020001	0.001221
-0.0035	-0.0020001	0.001299
-0.0034	-0.0020001	0.001467
-0.0033	-0.0020001	5.11e-09
-0.0032	-0.0020001	0.001587
-0.0031	-0.0020001	0.001704
-0.003	-0.0020001	6.03e-09
-0.0029	-0.0020001	0.001851
-0.0028	-0.0020001	6.42e-09
-0.0027	-0.0020001	0.001989
-0.0026	-0.0020001	0.002052
-0.0025	-0.0020001	0.002178
-0.0024	-0.0020001	0.002232
-0.0023	-0.0020001	0.002223
-0.0022	-0.0020001	0.002295
-0.0021	-0.0020001	0.00228
-0.002	-0.0020001	0.00231
-0.0019	-0.0020001	0.002445
-0.0018	-0.0020001	0.002376
-0.0017	-0.0020001	0.00243
-0.0016	-0.0020001	0.002406
-0.0015	-0.0020001	0.002451
-0.0014	-0.0020001	0.002403
-0.0013	-0.0020001	0.002352
-0.0012	-0.0020001	7.95e-09
-0.0011	-0.0020001	0.00234
-0.001	-0.0020001	0.002316
-0.0009	-0.0020001	0.002244
-0.0008	-0.0020001	0.002214
-0.0007	-0.0020001	0.00216
-0.0006	-0.0020001	0.00216
-0.0005	-0.0020001	0.002109
-0.0004	-0.0020001	0.002016
-0.0003	-0.0020001	0.001929
-0.0002	-0.0020001	0.001896
-0.0001	-0.0020001	0.001824
0.0	-0.0020001	5.69e-09
0.0001	-0.0020001	0.001641
0.0002	-0.0020001	0.001524
0.0003	-0.0020001	0.001437
0.0004	-0.0020001	4.5e-09
0.0005	-0.0020001	4.16e-09
0.0006	-0.0020001	0.001146
0.0007	-0.0020001	0.001038
0.0008	-0.0020001	0.000957
0.0009	-0.0020001	2.9e-09
0.001	-0.0020001	0.000783
0.001	-0.0019	0.00081
0.0009	-0.0019	0.000903
0.0008	-0.0019	0.000981
0.0007	-0.0019	0.00108
0.0006	-0.0019	4.01e-09
0.0005	-0.0019	0.001287
0.0004	-0.0019	0.001395
0.0003	-0.0019	0.001494
0.0002	-0.0019	0.001566
0.0001	-0.0019	0.001698
0.0	-0.0019	6e-09
-0.0001	-0.0019	0.001821
-0.0002	-0.0019	0.001914
-0.0003	-0.0019	0.002061
-0.0004	-0.0019	0.002103
-0.0005	-0.0019	0.002133
-0.0006	-0.0019	7.27e-09
-0.0007	-0.0019	7.46e-09
-0.0008	-0.0019	0.002286
-0.0009	-0.0019	7.63e-09
-0.001	-0.0019	7.94e-09
-0.0011	-0.0019	0.002373
-0.0012	-0.0019	0.002364
-0.0013	-0.0019	0.002406
-0.0014	-0.0019	8.15e-09
-0.0015	-0.0019	8.32e-09
-0.0016	-0.0019	0.002463
-0.0017	-0.0019	0.002538
-0.0018	-0.0019	0.002541
-0.0019	-0.0019	0.002499
-0.002	-0.0019	0.002442
-0.0021	-0.0019	0.00246
-0.0022	-0.0019	7.73e-09
-0.0023	-0.0019	0.002367
-0.0024	-0.0019	0.002334
-0.0025	-0.0019	0.002214
-0.0026	-0.0019	0.002151
-0.0027	-0.0019	0.002076
-0.0028	-0.0019	0.00192
-0.0029	-0.0019	0.001857
-0.003	-0.0019	0.001812
-0.0031	-0.0019	0.001809
-0.0032	-0.0019	0.001683
-0.0033	-0.0019	5.2e-09
-0.0034	-0.0019	0.001476
-0.0035	-0.0019	4.69e-09
-0.0036	-0.0019	0.001299
-0.0037	-0.0019	0.001194
-0.0038	-0.0019	3.61e-09
-0.0039	-0.0019	0.000984
-0.004	-0.0019	0.000882
-0.004	-0.0018001	0.000924
-0.0039	-0.0018001	3.36e-09
-0.0038	-0.0018001	0.00111
-0.0037	-0.0018001	0.001203
-0.0036	-0.0018001	0.001356
-0.0035	-0.0018001	0.001488
-0.0034	-0.0018001	0.00153
-0.0033	-0.0018001	0.001626
-0.0032	-0.0018001	5.9e-09
-0.0031	-0.0018001	0.001893
-0.003	-0.0018001	0.001875
-0.0029	-0.0018001	0.001965
-0.0028	-0.0018001	0.002061
-0.0027	-0.0018001	0.002175
-0.0026	-0.0018001	0.002265
-0.0025	-0.0018001	0.002328
-0.0024	-0.0018001	0.002424
-0.0023	-0.0018001	0.002385
-0.0022	-0.0018001	0.002424
-0.0021	-0.0018001	0.00255
-0.002	-0.0018001	0.002553
-0.0019	-0.0018001	0.002604
-0.0018	-0.0018001	0.002658
-0.0017	-0.0018001	9.1e-09
-0.0016	-0.0018001	0.002703
-0.0015	-0.0018001	8.82e-09
-0.0014	-0.0018001	0.002571
-0.0013	-0.0018001	0.002547
-0.0012	-0.0018001	0.002511
-0.0011	-0.0018001	0.002448
-0.001	-0.0018001	0.002466
-0.0009	-0.0018001	0.002487
-0.0008	-0.0018001	8.02e-09
-0.0007	-0.0018001	0.002373
-0.0006	-0.0018001	7.81e-09
-0.0005	-0.0018001	0.002271
-0.0004	-0.0018001	0.002262
-0.0003	-0.0018001	0.002235
-0.0002	-0.0018001	0.00216
-0.0001	-0.0018001	0.001995
0.0	-0.0018001	0.001941
0.0001	-0.0018001	0.001815
0.0002	-0.0018001	0.00171
0.0003	-0.0018001	0.00162
0.0004	-0.0018001	0.001491
0.0005	-0.0018001	0.001389
0.0006	-0.0018001	0.00129
0.0007	-0.0018001	0.001158
0.0008	-0.0018001	0.001059
0.0009	-0.0018001	0.000954
0.001	-0.0018001	0.000849
0.001	-0.0017001	0.000888
0.0009	-0.0017001	0.000981
0.0008	-0.0017001	0.001092
0.0007	-0.0017001	4.03e-09
0.0006	-0.0017001	0.001332
0.0005	-0.0017001	0.001422
0.0004	-0.0017001	0.001557
0.0003	-0.0017001	0.00168
0.0002	-0.0017001	0.00183
0.0001	-0.0017001	0.001851
0.0	-0.0017001	0.001965
-0.0001	-0.0017001	0.002088
-0.0002	-0.0017001	0.002232
-0.0003	-0.0017001	0.002328
-0.0004	-0.0017001	0.002385
-0.0005	-0.0017001	0.002418
-0.0006	-0.0017001	0.002466
-0.0007	-0.0017001	0.002508
-0.0008	-0.0017001	0.002523
-0.0009	-0.0017001	8.32e-09
-0.001	-0.0017001	0.002529
-0.0011	-0.0017001	0.002529
-0.0012	-0.0017001	0.002592
-0.0013	-0.0017001	0.002622
-0.0014	-0.0017001	0.002631
-0.0015	-0.0017001	0.002658
-0.0016	-0.0017001	0.002766
-0.0017	-0.0017001	0.00276
-0.0018	-0.0017001	0.002712
-0.0019	-0.0017001	0.002694
-0.002	-0.0017001	0.002661
-0.0021	-0.0017001	0.002637
-0.0022	-0.0017001	0.002535
-0.0023	-0.0017001	0.002415
-0.0024	-0.0017001	8.14e-09
-0.0025	-0.0017001	0.002373
-0.0026	-0.0017001	7.74e-09
-0.0027	-0.0017001	0.002277
-0.0028	-0.0017001	0.002175
-0.0029	-0.0017001	0.002088
-0.003	-0.0017001	0.001917
-0.0031	-0.0017001	0.001926
-0.0032	-0.0017001	0.001827
-0.0033	-0.0017001	5.65e-09
-0.0034	-0.0017001	0.001557
-0.0035	-0.0017001	0.001497
-0.0036	-0.0017001	4.68e-09
-0.0037	-0.0017001	0.001293
-0.0038	-0.0017001	0.001155
-0.0039	-0.0017001	0.001041
-0.004	-0.0017001	0.000933
-0.004	-0.0016001	0.000972
-0.0039	-0.0016001	0.001083
-0.0038	-0.0016001	3.94e-09
-0.0037	-0.0016001	0.001353
-0.0036	-0.0016001	0.001431
-0.0035	-0.0016001	5.19e-09
-0.0034	-0.0016001	0.001644
-0.0033	-0.0016001	5.88e-09
-0.0032	-0.0016001	0.001905
-0.0031	-0.0016001	0.001968
-0.003	-0.0016001	0.002094
-0.0029	-0.0016001	7.16e-09
-0.0028	-0.0016001	0.002235
-0.0027	-0.0016001	0.00228
-0.0026	-0.0016001	7.81e-09
-0.0025	-0.0016001	8.13e-09
-0.0024	-0.0016001	8.21e-09
-0.0023	-0.0016001	0.002526
-0.0022	-0.0016001	0.002679
-0.0021	-0.0016001	0.002658
-0.002	-0.0016001	0.002787
-0.0019	-0.0016001	0.002883
-0.0018	-0.0016001	0.002868
-0.0017	-0.0016001	0.002922
-0.0016	-0.0016001	0.00282
-0.0015	-0.0016001	0.002841
-0.0014	-0.0016001	9.32e-09
-0.0013	-0.0016001	0.002766
-0.0012	-0.0016001	9.17e-09
-0.0011	-0.0016001	0.002718
-0.001	-0.0016001	0.002679
-0.0009	-0.0016001	0.002658
-0.0008	-0.0016001	0.002658
-0.0007	-0.0016001	0.002574
-0.0006	-0.0016001	0.002592
-0.0005	-0.0016001	0.002586
-0.0004	-0.0016001	0.002553
-0.0003	-0.0016001	8.32e-09
-0.0002	-0.0016001	0.002379
-0.0001	-0.0016001	0.002289
0.0	-0.0016001	0.002187
0.0001	-0.0016001	0.002058
0.0002	-0.0016001	0.00186
0.0003	-0.0016001	0.00177
0.0004	-0.0016001	0.00168
0.0005	-0.0016001	5.18e-09
0.0006	-0.0016001	0.001431
0.0007	-0.0016001	0.00126
0.0008	-0.0016001	0.001146
0.0009	-0.0016001	0.001035
0.001	-0.0016001	0.000939
0.001	-0.0015	0.00099
0.0009	-0.0015	0.00111
0.0008	-0.0015	0.001239
0.0007	-0.0015	0.001347
0.0006	-0.0015	0.001476
0.0005	-0.0015	0.001587
0.0004	-0.0015	0.001749
0.0003	-0.0015	0.001914
0.0002	-0.0015	0.001962
0.0001	-0.0015	0.002079
0.0	-0.0015	0.002244
-0.0001	-0.0015	0.0024
-0.0002	-0.0015	8.41e-09
-0.0003	-0.0015	0.00258
-0.0004	-0.0015	0.002604
-0.0005	-0.0015	0.00255
-0.0006	-0.0015	0.002643
-0.0007	-0.0015	0.002628
-0.0008	-0.0015	9.07e-09
-0.0009	-0.0015	0.002736
-0.001	-0.0015	0.002754
-0.0011	-0.0015	9.28e-09
-0.0012	-0.0015	9.26e-09
-0.0013	-0.0015	0.002832
-0.0014	-0.0015	9.58e-09
-0.0015	-0.0015	0.002913
-0.0016	-0.0015	0.00294
-0.0017	-0.0015	0.002955
-0.0018	-0.0015	0.002952
-0.0019	-0.0015	9.56e-09
-0.002	-0.0015	0.002856
-0.0021	-0.0015	0.002811
-0.0022	-0.0015	0.00276
-0.0023	-0.0015	8.62e-09
-0.0024	-0.0015	0.002487
-0.0025	-0.0015	8.29e-09
-0.0026	-0.0015	8.14e-09
-0.0027	-0.0015	0.0024
-0.0028	-0.0015	7.87e-09
-0.0029	-0.0015	0.002226
-0.003	-0.0015	0.002172
-0.0031	-0.0015	0.002001
-0.0032	-0.0015	0.00192
-0.0033	-0.0015	0.001833
-0.0034	-0.0015	0.001725
-0.0035	-0.0015	0.001611
-0.0036	-0.0015	0.001485
-0.0037	-0.0015	4.47e-09
-0.0038	-0.0015	4.09e-09
-0.0039	-0.0015	0.001095
-0.004	-0.0015	0.001017
-0.004	-0.0014001	0.001038
-0.0039	-0.0014001	0.001134
-0.0038	-0.0014001	0.001251
-0.0037	-0.0014001	0.001395
-0.0036	-0.0014001	0.001506
-0.0035	-0.0014001	0.001641
-0.0034	-0.0014001	0.001809
-0.0033	-0.0014001	0.001965
-0.0032	-0.0014001	0.002061
-0.0031	-0.0014001	0.002082
-0.003	-0.0014001	0.002178
-0.0029	-0.0014001	0.002313
-0.0028	-0.0014001	0.00243
-0.0027	-0.0014001	8.12e-09
-0.0026	-0.0014001	0.002523
-0.0025	-0.0014001	0.002619
-0.0024	-0.0014001	0.002727
-0.0023	-0.0014001	0.002691
-0.0022	-0.0014001	9.27e-09
-0.0021	-0.0014001	0.002916
-0.002	-0.0014001	0.002982
-0.0019	-0.0014001	0.003102
-0.0018	-0.0014001	0.003099
-0.0017	-0.0014001	0.003063
-0.0016	-0.0014001	0.003042
-0.0015	-0.0014001	0.002961
-0.0014	-0.0014001	0.00297
-0.0013	-0.0014001	0.002934
-0.0012	-0.0014001	0.00285
-0.0011	-0.0014001	0.002817
-0.001	-0.0014001	0.002847
-0.0009	-0.0014001	9.67e-09
-0.0008	-0.0014001	9.15e-09
-0.0007	-0.0014001	0.002754
-0.0006	-0.0014001	0.002682
-0.0005	-0.0014001	0.002748
-0.0004	-0.0014001	0.002721
-0.0003	-0.0014001	0.002652
-0.0002	-0.0014001	0.002676
-0.0001	-0.0014001	0.002601
0.0	-0.0014001	0.002469
0.0001	-0.0014001	0.002298
0.0002	-0.0014001	0.002157
0.0003	-0.0014001	0.002064
0.0004	-0.0014001	0.001878
0.0005	-0.0014001	5.66e-09
0.0006	-0.0014001	0.001548
0.0007	-0.0014001	0.001446
0.0008	-0.0014001	0.001323
0.0009	-0.0014001	0.001176
0.001	-0.0014001	0.001038
0.001	-0.0013	3.74e-09
0.0009	-0.0013	0.001242
0.0008	-0.0013	0.001374
0.0007	-0.0013	0.001509
0.0006	-0.0013	0.001647
0.0005	-0.0013	0.001773
0.0004	-0.0013	0.001947
0.0003	-0.0013	0.002187
0.0002	-0.0013	0.002322
0.0001	-0.0013	0.00246
0.0	-0.0013	8.6e-09
-0.0001	-0.0013	9.18e-09
-0.0002	-0.0013	9.38e-09
-0.0003	-0.0013	0.002769
-0.0004	-0.0013	0.002772
-0.0005	-0.0013	9.44e-09
-0.0006	-0.0013	9.21e-09
-0.0007	-0.0013	9.38e-09
-0.0008	-0.0013	9.35e-09
-0.0009	-0.0013	0.002901
-0.001	-0.0013	0.002979
-0.0011	-0.0013	0.002919
-0.0012	-0.0013	0.002874
-0.0013	-0.0013	1.022e-08
-0.0014	-0.0013	0.003084
-0.0015	-0.0013	0.003192
-0.0016	-0.0013	0.003147
-0.0017	-0.0013	0.003282
-0.0018	-0.0013	0.00318
-0.0019	-0.0013	0.003123
-0.002	-0.0013	0.00312
-0.0021	-0.0013	0.003057
-0.0022	-0.0013	9.8e-09
-0.0023	-0.0013	0.002841
-0.0024	-0.0013	0.002697
-0.0025	-0.0013	0.002658
-0.0026	-0.0013	0.002607
-0.0027	-0.0013	0.002505
-0.0028	-0.0013	0.00243
-0.0029	-0.0013	0.00234
-0.003	-0.0013	7.54e-09
-0.0031	-0.0013	0.002121
-0.0032	-0.0013	0.002061
-0.0033	-0.0013	0.001941
-0.0034	-0.0013	0.001836
-0.0035	-0.0013	0.001725
-0.0036	-0.0013	0.001599
-0.0037	-0.0013	0.001419
-0.0038	-0.0013	4.43e-09
-0.0039	-0.0013	0.001218
-0.004	-0.0013	3.68e-09
-0.004	-0.0012001	0.001146
-0.0039	-0.0012001	4.16e-09
-0.0038	-0.0012001	0.001359
-0.0037	-0.0012001	0.001515
-0.0036	-0.0012001	0.001656
-0.0035	-0.0012001	0.001773
-0.0034	-0.0012001	0.001896
-0.0033	-0.0012001	0.002055
-0.0032	-0.0012001	0.002151
-0.0031	-0.0012001	7.26e-09
-0.003	-0.0012001	0.002307
-0.0029	-0.0012001	0.002394
-0.0028	-0.0012001	0.002475
-0.0027	-0.0012001	0.00258
-0.0026	-0.0012001	0.002655
-0.0025	-0.0012001	0.002766
-0.0024	-0.0012001	9.06e-09
-0.0023	-0.0012001	0.00282
-0.0022	-0.0012001	0.002985
-0.0021	-0.0012001	0.003093
-0.002	-0.0012001	0.003213
-0.0019	-0.0012001	0.003324
-0.0018	-0.0012001	0.003357
-0.0017	-0.0012001	0.003462
-0.0016	-0.0012001	0.003429
-0.0015	-0.0012001	0.003258
-0.0014	-0.0012001	0.003171
-0.0013	-0.0012001	0.003192
-0.0012	-0.0012001	0.003123
-0.0011	-0.0012001	0.003018
-0.001	-0.0012001	0.002889
-0.0009	-0.0012001	0.002793
-0.0008	-0.0012001	0.002892
-0.0007	-0.0012001	0.002724
-0.0006	-0.0012001	0.002844
-0.0005	-0.0012001	0.002862
-0.0004	-0.0012001	9.75e-09
-0.0003	-0.0012001	0.002943
-0.0002	-0.0012001	0.002889
-0.0001	-0.0012001	0.002862
0.0	-0.0012001	9.49e-09
0.0001	-0.0012001	0.002595
0.0002	-0.0012001	8.16e-09
0.0003	-0.0012001	0.002235
0.0004	-0.0012001	0.0021
0.0005	-0.0012001	0.001893
0.0006	-0.0012001	0.001746
0.0007	-0.0012001	5.35e-09
0.0008	-0.0012001	0.001458
0.0009	-0.0012001	0.001332
0.001	-0.0012001	0.001233
0.001	-0.0011001	0.001269
0.0009	-0.0011001	0.001407
0.0008	-0.0011001	0.001533
0.0007	-0.0011001	5.58e-09
0.0006	-0.0011001	0.001827
0.0005	-0.0011001	6.66e-09
0.0004	-0.0011001	0.002163
0.0003	-0.0011001	0.002388
0.0002	-0.0011001	0.002583
0.0001	-0.0011001	0.002754
0.0	-0.0011001	9.78e-09
-0.0001	-0.0011001	0.002934
-0.0002	-0.0011001	0.00306
-0.0003	-0.0011001	0.003057
-0.0004	-0.0011001	0.002976
-0.0005	-0.0011001	0.002919
-0.0006	-0.0011001	9.52e-09
-0.0007	-0.0011001	0.002817
-0.0008	-0.0011001	9.25e-09
-0.0009	-0.0011001	0.002973
-0.001	-0.0011001	1.001e-08
-0.0011	-0.0011001	0.003057
-0.0012	-0.0011001	1.086e-08
-0.0013	-0.0011001	0.003255
-0.0014	-0.0011001	0.003375
-0.0015	-0.0011001	0.003423
-0.0016	-0.0011001	0.00354
-0.0017	-0.0011001	0.003558
-0.0018	-0.0011001	0.003534
-0.0019	-0.0011001	0.003276
-0.002	-0.0011001	0.003312
-0.0021	-0.0011001	0.003222
-0.0022	-0.0011001	1.018e-08
-0.0023	-0.0011001	0.003
-0.0024	-0.0011001	9.77e-09
-0.0025	-0.0011001	0.002739
-0.0026	-0.0011001	0.002778
-0.0027	-0.0011001	0.002559
-0.0028	-0.0011001	0.002574
-0.0029	-0.0011001	0.002466
-0.003	-0.0011001	0.002373
-0.0031	-0.0011001	0.002331
-0.0032	-0.0011001	7.18e-09
-0.0033	-0.0011001	0.002106
-0.0034	-0.0011001	0.001983
-0.0035	-0.0011001	0.001815
-0.0036	-0.0011001	0.001668
-0.0037	-0.0011001	5.24e-09
-0.0038	-0.0011001	0.001407
-0.0039	-0.0011001	0.001269
-0.004	-0.0011001	0.00117
-0.004	-0.0010001	0.001206
-0.0039	-0.0010001	0.001329
-0.0038	-0.0010001	0.00141
-0.0037	-0.0010001	0.001617
-0.0036	-0.0010001	0.001752
-0.0035	-0.0010001	0.001872
-0.0034	-0.0010001	6.56e-09
-0.0033	-0.0010001	7.13e-09
-0.0032	-0.0010001	0.002268
-0.0031	-0.0010001	7.92e-09
-0.003	-0.0010001	8.28e-09
-0.0029	-0.0010001	0.002535
-0.0028	-0.0010001	8.34e-09
-0.0027	-0.0010001	0.002604
-0.0026	-0.0010001	8.94e-09
-0.0025	-0.0010001	9.49e-09
-0.0024	-0.0010001	0.002931
-0.0023	-0.0010001	9.97e-09
-0.0022	-0.0010001	0.003033
-0.0021	-0.0010001	0.003201
-0.002	-0.0010001	0.003267
-0.0019	-0.0010001	0.003282
-0.0018	-0.0010001	0.003528
-0.0017	-0.0010001	0.003621
-0.0016	-0.0010001	0.003606
-0.0015	-0.0010001	1.229e-08
-0.0014	-0.0010001	0.003606
-0.0013	-0.0010001	0.003471
-0.0012	-0.0010001	0.003318
-0.0011	-0.0010001	0.003021
-0.001	-0.0010001	0.002988
-0.0009	-0.0010001	0.002874
-0.0008	-0.0010001	0.00282
-0.0007	-0.0010001	0.002706
-0.0006	-0.0010001	9.37e-09
-0.0005	-0.0010001	0.002934
-0.0004	-0.0010001	0.002862
-0.0003	-0.0010001	0.003018
-0.0002	-0.0010001	0.00315
-0.0001	-0.0010001	0.003204
0.0	-0.0010001	0.003099
0.0001	-0.0010001	0.002943
0.0002	-0.0010001	0.002769
0.0003	-0.0010001	0.002541
0.0004	-0.0010001	7.78e-09
0.0005	-0.0010001	0.00216
0.0006	-0.0010001	0.001956
0.0007	-0.0010001	0.001815
0.0008	-0.0010001	0.001626
0.0009	-0.0010001	0.001509
0.001	-0.0010001	0.001365
0.001	-0.0009001	0.001425
0.0009	-0.0009001	0.001563
0.0008	-0.0009001	0.001731
0.0007	-0.0009001	0.001863
0.0006	-0.0009001	0.002004
0.0005	-0.0009001	0.00216
0.0004	-0.0009001	0.002442
0.0003	-0.0009001	0.002628
0.0002	-0.0009001	0.002766
0.0001	-0.0009001	0.003015
0.0	-0.0009001	0.003213
-0.0001	-0.0009001	0.003222
-0.0002	-0.0009001	0.003216
-0.0003	-0.0009001	0.003126
-0.0004	-0.0009001	0.002988
-0.0005	-0.0009001	0.002886
-0.0006	-0.0009001	0.002838
-0.0007	-0.0009001	0.00276
-0.0008	-0.0009001	0.002736
-0.0009	-0.0009001	0.002811
-0.001	-0.0009001	0.002949
-0.0011	-0.0009001	0.003168
-0.0012	-0.0009001	0.003342
-0.0013	-0.0009001	0.003528
-0.0014	-0.0009001	0.003684
-0.0015	-0.0009001	0.003717
-0.0016	-0.0009001	1.226e-08
-0.0017	-0.0009001	0.00372
-0.0018	-0.0009001	0.003528
-0.0019	-0.0009001	0.003447
-0.002	-0.0009001	0.003375
-0.0021	-0.0009001	0.003291
-0.0022	-0.0009001	0.003246
-0.0023	-0.0009001	0.003159
-0.0024	-0.0009001	0.003036
-0.0025	-0.0009001	0.002856
-0.0026	-0.0009001	9.47e-09
-0.0027	-0.0009001	0.002715
-0.0028	-0.0009001	0.00255
-0.0029	-0.0009001	0.002547
-0.003	-0.0009001	0.002472
-0.0031	-0.0009001	0.002445
-0.0032	-0.0009001	0.002328
-0.0033	-0.0009001	0.002217
-0.0034	-0.0009001	0.002064
-0.0035	-0.0009001	0.001947
-0.0036	-0.0009001	0.001851
-0.0037	-0.0009001	0.001719
-0.0038	-0.0009001	0.001509
-0.0039	-0.0009001	0.001392
-0.004	-0.0009001	4.24e-09
-0.004	-0.0008001	4.23e-09
-0.0039	-0.0008001	4.78e-09
-0.0038	-0.0008001	0.001545
-0.0037	-0.0008001	0.001686
-0.0036	-0.0008001	0.00189
-0.0035	-0.0008001	0.001917
-0.0034	-0.0008001	6.78e-09
-0.0033	-0.0008001	0.002166
-0.0032	-0.0008001	0.002301
-0.0031	-0.0008001	0.002427
-0.003	-0.0008001	0.002556
-0.0029	-0.0008001	0.002517
-0.0028	-0.0008001	8.94e-09
-0.0027	-0.0008001	0.002763
-0.0026	-0.0008001	0.002841
-0.0025	-0.0008001	0.002901
-0.0024	-0.0008001	0.003018
-0.0023	-0.0008001	0.003138
-0.0022	-0.0008001	0.003216
-0.0021	-0.0008001	0.003189
-0.002	-0.0008001	0.003207
-0.0019	-0.0008001	0.003384
-0.0018	-0.0008001	0.003501
-0.0017	-0.0008001	1.188e-08
-0.0016	-0.0008001	0.003678
-0.0015	-0.0008001	0.003714
-0.0014	-0.0008001	0.003711
-0.0013	-0.0008001	0.003588
-0.0012	-0.0008001	0.003294
-0.0011	-0.0008001	0.00306
-0.001	-0.0008001	0.002838
-0.0009	-0.0008001	9.08e-09
-0.0008	-0.0008001	9.32e-09
-0.0007	-0.0008001	0.002781
-0.0006	-0.0008001	0.002751
-0.0005	-0.0008001	9.28e-09
-0.0004	-0.0008001	0.002922
-0.0003	-0.0008001	0.003168
-0.0002	-0.0008001	0.003156
-0.0001	-0.0008001	0.003375
0.0	-0.0008001	0.003219
0.0001	-0.0008001	0.003192
0.0002	-0.0008001	0.002988
0.0003	-0.0008001	0.00276
0.0004	-0.0008001	0.002511
0.0005	-0.0008001	0.002286
0.0006	-0.0008001	7.26e-09
0.0007	-0.0008001	0.001989
0.0008	-0.0008001	6.16e-09
0.0009	-0.0008001	5.7e-09
0.001	-0.0008001	0.001521
0.001	-0.0007001	0.001623
0.0009	-0.0007001	0.001773
0.0008	-0.0007001	0.001929
0.0007	-0.0007001	0.002067
0.0006	-0.0007001	0.002286
0.0005	-0.0007001	0.002466
0.0004	-0.0007001	0.002565
0.0003	-0.0007001	0.002865
0.0002	-0.0007001	0.002994
0.0001	-0.0007001	0.003306
0.0	-0.0007001	0.003474
-0.0001	-0.0007001	0.003507
-0.0002	-0.0007001	0.003459
-0.0003	-0.0007001	0.003252
-0.0004	-0.0007001	0.003003
-0.0005	-0.0007001	9.53e-09
-0.0006	-0.0007001	0.00273
-0.0007	-0.0007001	0.002637
-0.0008	-0.0007001	0.002616
-0.0009	-0.0007001	0.002604
-0.001	-0.0007001	0.002739
-0.0011	-0.0007001	0.002985
-0.0012	-0.0007001	0.003234
-0.0013	-0.0007001	0.00354
-0.0014	-0.0007001	1.243e-08
-0.0015	-0.0007001	0.003711
-0.0016	-0.0007001	0.003828
-0.0017	-0.0007001	0.003582
-0.0018	-0.0007001	0.0036
-0.0019	-0.0007001	0.003423
-0.002	-0.0007001	0.003384
-0.0021	-0.0007001	0.003273
-0.0022	-0.0007001	0.003243
-0.0023	-0.0007001	0.003264
-0.0024	-0.0007001	0.003147
-0.0025	-0.0007001	0.003018
-0.0026	-0.0007001	0.002901
-0.0027	-0.0007001	0.00279
-0.0028	-0.0007001	0.002706
-0.0029	-0.0007001	0.002607
-0.003	-0.0007001	0.00246
-0.0031	-0.0007001	7.96e-09
-0.0032	-0.0007001	0.002346
-0.0033	-0.0007001	7.43e-09
-0.0034	-0.0007001	0.002091
-0.0035	-0.0007001	6.39e-09
-0.0036	-0.0007001	0.00186
-0.0037	-0.0007001	0.001758
-0.0038	-0.0007001	0.001584
-0.0039	-0.0007001	0.001476
-0.004	-0.0007001	0.001323
-0.004	-0.0006001	0.001413
-0.0039	-0.0006001	5.17e-09
-0.0038	-0.0006001	5.54e-09
-0.0037	-0.0006001	0.001776
-0.0036	-0.0006001	0.001899
-0.0035	-0.0006001	0.002016
-0.0034	-0.0006001	0.002109
-0.0033	-0.0006001	7.41e-09
-0.0032	-0.0006001	7.82e-09
-0.0031	-0.0006001	0.002367
-0.003	-0.0006001	0.002406
-0.0029	-0.0006001	0.002559
-0.0028	-0.0006001	0.002571
-0.0027	-0.0006001	9.18e-09
-0.0026	-0.0006001	0.00285
-0.0025	-0.0006001	0.002931
-0.0024	-0.0006001	0.003114
-0.0023	-0.0006001	0.003219
-0.0022	-0.0006001	0.003213
-0.0021	-0.0006001	0.003231
-0.002	-0.0006001	1.074e-08
-0.0019	-0.0006001	0.00336
-0.0018	-0.0006001	0.003318
-0.0017	-0.0006001	0.003537
-0.0016	-0.0006001	0.003699
-0.0015	-0.0006001	0.00378
-0.0014	-0.0006001	0.00366
-0.0013	-0.0006001	0.003414
-0.0012	-0.0006001	0.00318
-0.0011	-0.0006001	9.75e-09
-0.001	-0.0006001	9.04e-09
-0.0009	-0.0006001	0.002628
-0.0008	-0.0006001	8.69e-09
-0.0007	-0.0006001	0.002622
-0.0006	-0.0006001	0.002805
-0.0005	-0.0006001	0.002844
-0.0004	-0.0006001	0.003048
-0.0003	-0.0006001	0.0033
-0.0002	-0.0006001	0.003462
-0.0001	-0.0006001	0.003561
0.0	-0.0006001	0.003513
0.0001	-0.0006001	0.00345
0.0002	-0.0006001	0.003135
0.0003	-0.0006001	0.002874
0.0004	-0.0006001	0.00267
0.0005	-0.0006001	0.002502
0.0006	-0.0006001	0.002304
0.0007	-0.0006001	0.002169
0.0008	-0.0006001	6.74e-09
0.0009	-0.0006001	0.001854
0.001	-0.0006001	0.001725
0.001	-0.0005001	0.001794
0.0009	-0.0005001	0.001917
0.0008	-0.0005001	0.002052
0.0007	-0.0005001	7.43e-09
0.0006	-0.0005001	0.002442
0.0005	-0.0005001	8.58e-09
0.0004	-0.0005001	9.18e-09
0.0003	-0.0005001	0.002907
0.0002	-0.0005001	0.003258
0.0001	-0.0005001	0.003387
0.0	-0.0005001	0.003594
-0.0001	-0.0005001	0.003675
-0.0002	-0.0005001	0.003603
-0.0003	-0.0005001	0.003399
-0.0004	-0.0005001	0.003117
-0.0005	-0.0005001	0.002901
-0.0006	-0.0005001	0.002868
-0.0007	-0.0005001	0.002634
-0.0008	-0.0005001	0.002571
-0.0009	-0.0005001	8.33e-09
-0.001	-0.0005001	0.002613
-0.0011	-0.0005001	9.19e-09
-0.0012	-0.0005001	0.003081
-0.0013	-0.0005001	0.003324
-0.0014	-0.0005001	0.003516
-0.0015	-0.0005001	0.003663
-0.0016	-0.0005001	0.003639
-0.0017	-0.0005001	0.003444
-0.0018	-0.0005001	0.003339
-0.0019	-0.0005001	0.003312
-0.002	-0.0005001	0.003219
-0.0021	-0.0005001	0.003207
-0.0022	-0.0005001	0.003282
-0.0023	-0.0005001	0.003207
-0.0024	-0.0005001	0.003096
-0.0025	-0.0005001	0.003063
-0.0026	-0.0005001	9.89e-09
-0.0027	-0.0005001	0.002727
-0.0028	-0.0005001	0.002694
-0.0029	-0.0005001	0.002505
-0.003	-0.0005001	0.002523
-0.0031	-0.0005001	0.002328
-0.0032	-0.0005001	0.002322
-0.0033	-0.0005001	0.002133
-0.0034	-0.0005001	0.002103
-0.0035	-0.0005001	0.001953
-0.0036	-0.0005001	0.001914
-0.0037	-0.0005001	0.0018
-0.0038	-0.0005001	0.001704
-0.0039	-0.0005001	0.001566
-0.004	-0.0005001	0.001476
-0.004	-0.0004001	0.00147
-0.0039	-0.0004001	5.33e-09
-0.0038	-0.0004001	0.001722
-0.0037	-0.0004001	6.14e-09
-0.0036	-0.0004001	6.48e-09
-0.0035	-0.0004001	0.00195
-0.0034	-0.0004001	0.002082
-0.0033	-0.0004001	6.94e-09
-0.0032	-0.0004001	0.002214
-0.0031	-0.0004001	0.002298
-0.003	-0.0004001	0.002442
-0.0029	-0.0004001	0.002517
-0.0028	-0.0004001	0.002682
-0.0027	-0.0004001	0.002796
-0.0026	-0.0004001	0.002823
-0.0025	-0.0004001	0.002967
-0.0024	-0.0004001	0.00309
-0.0023	-0.0004001	0.003174
-0.0022	-0.0004001	0.003162
-0.0021	-0.0004001	0.003207
-0.002	-0.0004001	0.003147
-0.0019	-0.0004001	1.039e-08
-0.0018	-0.0004001	0.003177
-0.0017	-0.0004001	0.003273
-0.0016	-0.0004001	0.003294
-0.0015	-0.0004001	0.003399
-0.0014	-0.0004001	0.003291
-0.0013	-0.0004001	0.003219
-0.0012	-0.0004001	9.96e-09
-0.0011	-0.0004001	9.08e-09
-0.001	-0.0004001	0.00255
-0.0009	-0.0004001	0.002367
-0.0008	-0.0004001	0.00249
-0.0007	-0.0004001	0.002529
-0.0006	-0.0004001	0.002826
-0.0005	-0.0004001	0.002958
-0.0004	-0.0004001	0.003078
-0.0003	-0.0004001	0.003444
-0.0002	-0.0004001	0.003573
-0.0001	-0.0004001	0.003693
0.0	-0.0004001	1.222e-08
0.0001	-0.0004001	0.003399
0.0002	-0.0004001	0.003204
0.0003	-0.0004001	0.002994
0.0004	-0.0004001	0.002748
0.0005	-0.0004001	0.002619
0.0006	-0.0004001	0.002469
0.0007	-0.0004001	0.002397
0.0008	-0.0004001	0.002253
0.0009	-0.0004001	0.002109
0.001	-0.0004001	6.43e-09
0.001	-0.0003001	0.002025
0.0009	-0.0003001	0.002214
0.0008	-0.0003001	0.002337
0.0007	-0.0003001	0.002493
0.0006	-0.0003001	0.00258
0.0005	-0.0003001	0.002604
0.0004	-0.0003001	0.002748
0.0003	-0.0003001	0.003045
0.0002	-0.0003001	0.003261
0.0001	-0.0003001	0.003519
0.0	-0.0003001	0.003687
-0.0001	-0.0003001	0.003765
-0.0002	-0.0003001	0.003525
-0.0003	-0.0003001	0.003543
-0.0004	-0.0003001	0.003348
-0.0005	-0.0003001	0.003141
-0.0006	-0.0003001	9.25e-09
-0.0007	-0.0003001	0.002655
-0.0008	-0.0003001	0.002451
-0.0009	-0.0003001	0.002331
-0.001	-0.0003001	8.2e-09
-0.0011	-0.0003001	0.00255
-0.0012	-0.0003001	0.002784
-0.0013	-0.0003001	0.003009
-0.0014	-0.0003001	0.003231
-0.0015	-0.0003001	0.003318
-0.0016	-0.0003001	0.003249
-0.0017	-0.0003001	0.003237
-0.0018	-0.0003001	0.003141
-0.0019	-0.0003001	0.003087
-0.002	-0.0003001	0.00309
-0.0021	-0.0003001	0.003147
-0.0022	-0.0003001	0.003165
-0.0023	-0.0003001	0.003087
-0.0024	-0.0003001	9.87e-09
-0.0025	-0.0003001	0.002886
-0.0026	-0.0003001	0.002916
-0.0027	-0.0003001	0.002796
-0.0028	-0.0003001	0.002667
-0.0029	-0.0003001	0.002598
-0.003	-0.0003001	0.002382
-0.0031	-0.0003001	7.82e-09
-0.0032	-0.0003001	0.002202
-0.0033	-0.0003001	0.002121
-0.0034	-0.0003001	0.0021
-0.0035	-0.0003001	0.00198
-0.0036	-0.0003001	6.28e-09
-0.0037	-0.0003001	6e-09
-0.0038	-0.0003001	0.00171
-0.0039	-0.0003001	0.001662
-0.004	-0.0003001	0.001563
-0.004	-0.0002001	0.001608
-0.0039	-0.0002001	0.001653
-0.0038	-0.0002001	5.86e-09
-0.0037	-0.0002001	0.001833
-0.0036	-0.0002001	6.45e-09
-0.0035	-0.0002001	6.61e-09
-0.0034	-0.0002001	0.002079
-0.0033	-0.0002001	0.002118
-0.0032	-0.0002001	7.32e-09
-0.0031	-0.0002001	0.002214
-0.003	-0.0002001	0.002304
-0.0029	-0.0002001	7.88e-09
-0.0028	-0.0002001	0.00246
-0.0027	-0.0002001	0.002625
-0.0026	-0.0002001	0.002664
-0.0025	-0.0002001	0.002895
-0.0024	-0.0002001	0.002955
-0.0023	-0.0002001	0.003024
-0.0022	-0.0002001	0.003066
-0.0021	-0.0002001	0.003072
-0.002	-0.0002001	0.003174
-0.0019	-0.0002001	0.003123
-0.0018	-0.0002001	0.003084
-0.0017	-0.0002001	0.003066
-0.0016	-0.0002001	1.037e-08
-0.0015	-0.0002001	0.003066
-0.0014	-0.0002001	0.003015
-0.0013	-0.0002001	0.002844
-0.0012	-0.0002001	0.002667
-0.0011	-0.0002001	0.002403
-0.001	-0.0002001	0.002319
-0.0009	-0.0002001	0.002349
-0.0008	-0.0002001	0.002439
-0.0007	-0.0002001	0.002646
-0.0006	-0.0002001	0.002832
-0.0005	-0.0002001	0.003201
-0.0004	-0.0002001	0.00345
-0.0003	-0.0002001	1.142e-08
-0.0002	-0.0002001	0.003489
-0.0001	-0.0002001	0.003687
0.0	-0.0002001	0.003678
0.0001	-0.0002001	0.00354
0.0002	-0.0002001	0.003207
0.0003	-0.0002001	1.02e-08
0.0004	-0.0002001	0.002859
0.0005	-0.0002001	0.002637
0.0006	-0.0002001	0.002547
0.0007	-0.0002001	0.002541
0.0008	-0.0002001	0.002487
0.0009	-0.0002001	7.82e-09
0.001	-0.0002001	7.12e-09
0.001	-0.0001001	7.53e-09
0.0009	-0.0001001	0.002334
0.0008	-0.0001001	8.38e-09
0.0007	-0.0001001	0.00267
0.0006	-0.0001001	0.002724
0.0005	-0.0001001	0.002721
0.0004	-0.0001001	0.002841
0.0003	-0.0001001	0.002973
0.0002	-0.0001001	0.003252
0.0001	-0.0001001	0.003495
0.0	-0.0001001	0.003723
-0.0001	-0.0001001	0.003783
-0.0002	-0.0001001	0.003729
-0.0003	-0.0001001	1.22e-08
-0.0004	-0.0001001	0.003378
-0.0005	-0.0001001	0.003219
-0.0006	-0.0001001	9.87e-09
-0.0007	-0.0001001	0.002724
-0.0008	-0.0001001	7.93e-09
-0.0009	-0.0001001	0.002289
-0.001	-0.0001001	0.002268
-0.0011	-0.0001001	0.002316
-0.0012	-0.0001001	0.002562
-0.0013	-0.0001001	9.22e-09
-0.0014	-0.0001001	0.002835
-0.0015	-0.0001001	0.002958
-0.0016	-0.0001001	0.003
-0.0017	-0.0001001	0.003036
-0.0018	-0.0001001	0.003066
-0.0019	-0.0001001	0.003078
-0.002	-0.0001001	0.003186
-0.0021	-0.0001001	1.053e-08
-0.0022	-0.0001001	0.003054
-0.0023	-0.0001001	9.66e-09
-0.0024	-0.0001001	0.002871
-0.0025	-0.0001001	0.002733
-0.0026	-0.0001001	0.002637
-0.0027	-0.0001001	8.41e-09
-0.0028	-0.0001001	0.002442
-0.0029	-0.0001001	8.19e-09
-0.003	-0.0001001	7.52e-09
-0.0031	-0.0001001	0.002232
-0.0032	-0.0001001	0.002184
-0.0033	-0.0001001	6.73e-09
-0.0034	-0.0001001	6.85e-09
-0.0035	-0.0001001	6.51e-09
-0.0036	-0.0001001	0.001899
-0.0037	-0.0001001	0.001782
-0.0038	-0.0001001	0.001719
-0.0039	-0.0001001	0.001713
-0.004	-0.0001001	0.001602
-0.004	0.0	0.001638
-0.0039	0.0	0.001725
-0.0038	0.0	0.001728
-0.0037	0.0	6e-09
-0.0036	0.0	0.001866
-0.0035	0.0	0.001866
-0.0034	0.0	0.001977
-0.0033	0.0	6.93e-09
-0.0032	0.0	0.002148
-0.0031	0.0	0.002214
-0.003	0.0	7.41e-09
-0.0029	0.0	0.002298
-0.0028	0.0	7.66e-09
-0.0027	0.0	0.002367
-0.0026	0.0	0.002571
-0.0025	0.0	0.002655
-0.0024	0.0	0.002781
-0.0023	0.0	0.002838
-0.0022	0.0	0.003033
-0.0021	0.0	0.003177
-0.002	0.0	0.003216
-0.0019	0.0	0.003147
-0.0018	0.0	0.003093
-0.0017	0.0	0.003015
-0.0016	0.0	0.002877
-0.0015	0.0	0.002886
-0.0014	0.0	0.002748
-0.0013	0.0	0.002592
-0.0012	0.0	7.95e-09
-0.0011	0.0	0.002241
-0.001	0.0	0.002181
-0.0009	0.0	7.31e-09
-0.0008	0.0	0.002325
-0.0007	0.0	0.002631
-0.0006	0.0	0.002964
-0.0005	0.0	0.003141
-0.0004	0.0	0.003456
-0.0003	0.0	0.003621
-0.0002	0.0	0.003489
-0.0001	0.0	0.003504
0.0	0.0	0.003447
0.0001	0.0	0.003399
0.0002	0.0	0.003216
0.0003	0.0	0.003066
0.0004	0.0	0.002838
0.0005	0.0	8.93e-09
0.0006	0.0	0.002658
0.0007	0.0	0.002589
0.0008	0.0	0.002532
0.0009	0.0	0.002508
0.001	0.0	7.64e-09
0.001	9.99e-05	7.9e-09
0.0009	9.99e-05	0.002454
0.0008	9.99e-05	0.002565
0.0007	9.99e-05	0.002565
0.0006	9.99e-05	8.66e-09
0.0005	9.99e-05	0.002556
0.0004	9.99e-05	0.002691
0.0003	9.99e-05	0.002946
0.0002	9.99e-05	0.003159
0.0001	9.99e-05	0.003351
0.0	9.99e-05	0.003492
-0.0001	9.99e-05	0.003714
-0.0002	9.99e-05	0.00372
-0.0003	9.99e-05	0.003678
-0.0004	9.99e-05	0.003462
-0.0005	9.99e-05	0.003222
-0.0006	9.99e-05	0.003018
-0.0007	9.99e-05	0.002706
-0.0008	9.99e-05	0.002454
-0.0009	9.99e-05	0.002181
-0.001	9.99e-05	0.002178
-0.0011	9.99e-05	7.24e-09
-0.0012	9.99e-05	0.002298
-0.0013	9.99e-05	0.002403
-0.0014	9.99e-05	0.002598
-0.0015	9.99e-05	0.002751
-0.0016	9.99e-05	9.51e-09
-0.0017	9.99e-05	0.003021
-0.0018	9.99e-05	0.003165
-0.0019	9.99e-05	0.003246
-0.002	9.99e-05	0.003171
-0.0021	9.99e-05	0.003138
-0.0022	9.99e-05	0.002952
-0.0023	9.99e-05	0.002799
-0.0024	9.99e-05	8.96e-09
-0.0025	9.99e-05	0.002544
-0.0026	9.99e-05	0.002484
-0.0027	9.99e-05	0.002379
-0.0028	9.99e-05	0.002349
-0.0029	9.99e-05	0.002289
-0.003	9.99e-05	0.002106
-0.0031	9.99e-05	6.86e-09
-0.0032	9.99e-05	0.00207
-0.0033	9.99e-05	6.55e-09
-0.0034	9.99e-05	6.5e-09
-0.0035	9.99e-05	0.001836
-0.0036	9.99e-05	5.97e-09
-0.0037	9.99e-05	0.001827
-0.0038	9.99e-05	0.001779
-0.0039	9.99e-05	0.001701
-0.004	9.99e-05	0.001662
-0.004	0.0001999	0.001617
-0.0039	0.0001999	0.001728
-0.0038	0.0001999	0.001713
-0.0037	0.0001999	0.001797
-0.0036	0.0001999	0.001821
-0.0035	0.0001999	0.001812
-0.0034	0.0001999	0.001923
-0.0033	0.0001999	0.001866
-0.0032	0.0001999	6.69e-09
-0.0031	0.0001999	0.002001
-0.003	0.0001999	6.73e-09
-0.0029	0.0001999	0.002058
-0.0028	0.0001999	0.002199
-0.0027	0.0001999	0.002277
-0.0026	0.0001999	0.002325
-0.0025	0.0001999	0.002478
-0.0024	0.0001999	0.002577
-0.0023	0.0001999	0.002742
-0.0022	0.0001999	0.002976
-0.0021	0.0001999	0.003114
-0.002	0.0001999	0.003231
-0.0019	0.0001999	0.003294
-0.0018	0.0001999	0.003198
-0.0017	0.0001999	0.003003
-0.0016	0.0001999	0.002958
-0.0015	0.0001999	0.002769
-0.0014	0.0001999	8.42e-09
-0.0013	0.0001999	7.77e-09
-0.0012	0.0001999	0.002154
-0.0011	0.0001999	0.002085
-0.001	0.0001999	0.002085
-0.0009	0.0001999	0.002202
-0.0008	0.0001999	0.002334
-0.0007	0.0001999	8.9e-09
-0.0006	0.0001999	0.002961
-0.0005	0.0001999	0.003312
-0.0004	0.0001999	0.003435
-0.0003	0.0001999	0.003666
-0.0002	0.0001999	0.003672
-0.0001	0.0001999	0.003537
0.0	0.0001999	0.003474
0.0001	0.0001999	0.003336
0.0002	0.0001999	0.003156
0.0003	0.0001999	0.002913
0.0004	0.0001999	0.002628
0.0005	0.0001999	0.002472
0.0006	0.0001999	8.17e-09
0.0007	0.0001999	0.002568
0.0008	0.0001999	0.002565
0.0009	0.0001999	0.00249
0.001	0.0001999	0.002397
0.001	0.0002999	0.002397
0.0009	0.0002999	0.002565
0.0008	0.0002999	0.002505
0.0007	0.0002999	8.31e-09
0.0006	0.0002999	0.002547
0.0005	0.0002999	0.002484
0.0004	0.0002999	0.002547
0.0003	0.0002999	8.88e-09
0.0002	0.0002999	0.002979
0.0001	0.0002999	0.003267
0.0	0.0002999	0.00345
-0.0001	0.0002999	0.00357
-0.0002	0.0002999	1.218e-08
-0.0003	0.0002999	0.003642
-0.0004	0.0002999	0.003558
-0.0005	0.0002999	0.003318
-0.0006	0.0002999	0.002997
-0.0007	0.0002999	0.002655
-0.0008	0.0002999	0.002379
-0.0009	0.0002999	0.002169
-0.001	0.0002999	0.0021
-0.0011	0.0002999	0.002007
-0.0012	0.0002999	0.002121
-0.0013	0.0002999	7.47e-09
-0.0014	0.0002999	0.002448
-0.0015	0.0002999	9.01e-09
-0.0016	0.0002999	0.00294
-0.0017	0.0002999	0.003087
-0.0018	0.0002999	0.003234
-0.0019	0.0002999	0.003261
-0.002	0.0002999	0.003204
-0.0021	0.0002999	0.003087
-0.0022	0.0002999	0.002922
-0.0023	0.0002999	0.002745
-0.0024	0.0002999	0.002478
-0.0025	0.0002999	0.002382
-0.0026	0.0002999	7.57e-09
-0.0027	0.0002999	7.43e-09
-0.0028	0.0002999	0.002121
-0.0029	0.0002999	0.002049
-0.003	0.0002999	0.00204
-0.0031	0.0002999	6.64e-09
-0.0032	0.0002999	6.5e-09
-0.0033	0.0002999	0.00195
-0.0034	0.0002999	0.001896
-0.0035	0.0002999	0.001815
-0.0036	0.0002999	0.001758
-0.0037	0.0002999	0.001788
-0.0038	0.0002999	5.86e-09
-0.0039	0.0002999	0.001749
-0.004	0.0002999	0.001653
-0.004	0.0003999	0.00168
-0.0039	0.0003999	0.001752
-0.0038	0.0003999	0.00177
-0.0037	0.0003999	0.001776
-0.0036	0.0003999	0.001776
-0.0035	0.0003999	0.001746
-0.0034	0.0003999	0.001824
-0.0033	0.0003999	0.001878
-0.0032	0.0003999	0.001914
-0.0031	0.0003999	0.00198
-0.003	0.0003999	0.002007
-0.0029	0.0003999	0.002037
-0.0028	0.0003999	0.002049
-0.0027	0.0003999	0.00219
-0.0026	0.0003999	0.002241
-0.0025	0.0003999	0.002385
-0.0024	0.0003999	0.002499
-0.0023	0.0003999	0.002643
-0.0022	0.0003999	0.002841
-0.0021	0.0003999	0.003033
-0.002	0.0003999	0.003147
-0.0019	0.0003999	0.003237
-0.0018	0.0003999	0.003252
-0.0017	0.0003999	0.003084
-0.0016	0.0003999	0.002874
-0.0015	0.0003999	0.002664
-0.0014	0.0003999	8.07e-09
-0.0013	0.0003999	0.002217
-0.0012	0.0003999	6.84e-09
-0.0011	0.0003999	6.65e-09
-0.001	0.0003999	0.002046
-0.0009	0.0003999	0.002079
-0.0008	0.0003999	0.002259
-0.0007	0.0003999	0.002628
-0.0006	0.0003999	9.81e-09
-0.0005	0.0003999	0.003282
-0.0004	0.0003999	0.003399
-0.0003	0.0003999	0.003528
-0.0002	0.0003999	0.003462
-0.0001	0.0003999	0.003327
0.0	0.0003999	0.003258
0.0001	0.0003999	0.003102
0.0002	0.0003999	0.002904
0.0003	0.0003999	0.002727
0.0004	0.0003999	8.32e-09
0.0005	0.0003999	0.0024
0.0006	0.0003999	0.002412
0.0007	0.0003999	8.44e-09
0.0008	0.0003999	0.002502
0.0009	0.0003999	0.002523
0.001	0.0003999	0.00252
0.001	0.0004999	8.23e-09
0.0009	0.0004999	0.002556
0.0008	0.0004999	8.64e-09
0.0007	0.0004999	0.002547
0.0006	0.0004999	0.002454
0.0005	0.0004999	7.81e-09
0.0004	0.0004999	8.08e-09
0.0003	0.0004999	8.93e-09
0.0002	0.0004999	9.27e-09
0.0001	0.0004999	0.003045
0.0	0.0004999	0.00327
-0.0001	0.0004999	0.003426
-0.0002	0.0004999	0.003405
-0.0003	0.0004999	0.003441
-0.0004	0.0004999	0.003318
-0.0005	0.0004999	0.003201
-0.0006	0.0004999	9.17e-09
-0.0007	0.0004999	0.002583
-0.0008	0.0004999	0.002325
-0.0009	0.0004999	0.002055
-0.001	0.0004999	0.001959
-0.0011	0.0004999	0.001956
-0.0012	0.0004999	6.79e-09
-0.0013	0.0004999	0.002178
-0.0014	0.0004999	0.002382
-0.0015	0.0004999	0.002595
-0.0016	0.0004999	0.002823
-0.0017	0.0004999	0.003123
-0.0018	0.0004999	0.003237
-0.0019	0.0004999	0.003177
-0.002	0.0004999	1.038e-08
-0.0021	0.0004999	0.002919
-0.0022	0.0004999	0.002805
-0.0023	0.0004999	0.002574
-0.0024	0.0004999	0.002436
-0.0025	0.0004999	0.002286
-0.0026	0.0004999	0.002139
-0.0027	0.0004999	0.002094
-0.0028	0.0004999	0.002079
-0.0029	0.0004999	0.002052
-0.003	0.0004999	6.66e-09
-0.0031	0.0004999	0.001866
-0.0032	0.0004999	0.001875
-0.0033	0.0004999	0.001839
-0.0034	0.0004999	0.001809
-0.0035	0.0004999	0.001743
-0.0036	0.0004999	0.001716
-0.0037	0.0004999	0.001701
-0.0038	0.0004999	0.001686
-0.0039	0.0004999	5.59e-09
-0.004	0.0004999	0.001695
-0.004	0.0005999	0.001686
-0.0039	0.0005999	0.001722
-0.0038	0.0005999	0.001659
-0.0037	0.0005999	0.001713
-0.0036	0.0005999	0.001683
-0.0035	0.0005999	0.001731
-0.0034	0.0005999	0.001725
-0.0033	0.0005999	0.001776
-0.0032	0.0005999	0.001845
-0.0031	0.0005999	0.001914
-0.003	0.0005999	0.001944
-0.0029	0.0005999	6.5e-09
-0.0028	0.0005999	0.001947
-0.0027	0.0005999	0.002061
-0.0026	0.0005999	0.002154
-0.0025	0.0005999	7.3e-09
-0.0024	0.0005999	0.002316
-0.0023	0.0005999	0.002559
-0.0022	0.0005999	0.002676
-0.0021	0.0005999	0.002922
-0.002	0.0005999	0.003072
-0.0019	0.0005999	0.003159
-0.0018	0.0005999	0.003084
-0.0017	0.0005999	0.003015
-0.0016	0.0005999	0.002892
-0.0015	0.0005999	0.002625
-0.0014	0.0005999	0.002277
-0.0013	0.0005999	0.002034
-0.0012	0.0005999	0.001977
-0.0011	0.0005999	0.00189
-0.001	0.0005999	6.58e-09
-0.0009	0.0005999	0.002082
-0.0008	0.0005999	0.002193
-0.0007	0.0005999	0.002436
-0.0006	0.0005999	0.00264
-0.0005	0.0005999	0.003003
-0.0004	0.0005999	0.003195
-0.0003	0.0005999	0.003396
-0.0002	0.0005999	0.003444
-0.0001	0.0005999	0.003246
0.0	0.0005999	0.003129
0.0001	0.0005999	0.002937
0.0002	0.0005999	0.002787
0.0003	0.0005999	0.00264
0.0004	0.0005999	8.38e-09
0.0005	0.0005999	0.002424
0.0006	0.0005999	0.002391
0.0007	0.0005999	0.002415
0.0008	0.0005999	0.002481
0.0009	0.0005999	0.002502
0.001	0.0005999	0.002463
0.001	0.0007	7.87e-09
0.0009	0.0007	8.31e-09
0.0008	0.0007	0.0024
0.0007	0.0007	0.002367
0.0006	0.0007	0.002307
0.0005	0.0007	0.002298
0.0004	0.0007	0.002457
0.0003	0.0007	0.002598
0.0002	0.0007	9.24e-09
0.0001	0.0007	0.002913
0.0	0.0007	0.003048
-0.0001	0.0007	0.00315
-0.0002	0.0007	1.081e-08
-0.0003	0.0007	0.003255
-0.0004	0.0007	0.003024
-0.0005	0.0007	9.32e-09
-0.0006	0.0007	0.00252
-0.0007	0.0007	0.002346
-0.0008	0.0007	0.00207
-0.0009	0.0007	0.001956
-0.001	0.0007	6.52e-09
-0.0011	0.0007	0.001902
-0.0012	0.0007	0.001896
-0.0013	0.0007	6.82e-09
-0.0014	0.0007	0.002241
-0.0015	0.0007	0.002502
-0.0016	0.0007	0.002811
-0.0017	0.0007	0.002982
-0.0018	0.0007	0.003042
-0.0019	0.0007	0.003081
-0.002	0.0007	0.002985
-0.0021	0.0007	0.002838
-0.0022	0.0007	0.00264
-0.0023	0.0007	0.002445
-0.0024	0.0007	7.6e-09
-0.0025	0.0007	0.002127
-0.0026	0.0007	0.002037
-0.0027	0.0007	0.001971
-0.0028	0.0007	6.48e-09
-0.0029	0.0007	0.001953
-0.003	0.0007	0.001917
-0.0031	0.0007	0.001878
-0.0032	0.0007	0.001794
-0.0033	0.0007	0.001704
-0.0034	0.0007	0.001725
-0.0035	0.0007	0.001701
-0.0036	0.0007	5.61e-09
-0.0037	0.0007	0.001719
-0.0038	0.0007	0.00171
-0.0039	0.0007	5.69e-09
-0.004	0.0007	0.001662
-0.004	0.0008	0.001665
-0.0039	0.0008	0.001725
-0.0038	0.0008	0.001719
-0.0037	0.0008	0.001719
-0.0036	0.0008	0.001671
-0.0035	0.0008	0.001701
-0.0034	0.0008	0.001677
-0.0033	0.0008	0.001656
-0.0032	0.0008	0.001668
-0.0031	0.0008	0.001803
-0.003	0.0008	0.001842
-0.0029	0.0008	0.001917
-0.0028	0.0008	0.001938
-0.0027	0.0008	0.001938
-0.0026	0.0008	6.84e-09
-0.0025	0.0008	0.002049
-0.0024	0.0008	7.33e-09
-0.0023	0.0008	0.002394
-0.0022	0.0008	0.002466
-0.0021	0.0008	0.002736
-0.002	0.0008	0.002886
-0.0019	0.0008	0.003003
-0.0018	0.0008	0.003006
-0.0017	0.0008	0.002874
-0.0016	0.0008	0.002736
-0.0015	0.0008	0.002442
-0.0014	0.0008	0.002244
-0.0013	0.0008	6.54e-09
-0.0012	0.0008	0.001812
-0.0011	0.0008	6.16e-09
-0.001	0.0008	0.001836
-0.0009	0.0008	6.42e-09
-0.0008	0.0008	0.002076
-0.0007	0.0008	0.002307
-0.0006	0.0008	0.002472
-0.0005	0.0008	9.03e-09
-0.0004	0.0008	0.003054
-0.0003	0.0008	0.003243
-0.0002	0.0008	0.003183
-0.0001	0.0008	0.003066
0.0	0.0008	0.002973
0.0001	0.0008	0.002697
0.0002	0.0008	0.002658
0.0003	0.0008	0.002529
0.0004	0.0008	0.002409
0.0005	0.0008	0.002286
0.0006	0.0008	0.002304
0.0007	0.0008	7.66e-09
0.0008	0.0008	0.00228
0.0009	0.0008	7.98e-09
0.001	0.0008	0.002334
0.001	0.0008999	7.62e-09
0.0009	0.0008999	0.002409
0.0008	0.0008999	7.61e-09
0.0007	0.0008999	0.002184
0.0006	0.0008999	0.002181
0.0005	0.0008999	0.00228
0.0004	0.0008999	0.002394
0.0003	0.0008999	0.00246
0.0002	0.0008999	0.002616
0.0001	0.0008999	0.002748
0.0	0.0008999	0.002883
-0.0001	0.0008999	0.002997
-0.0002	0.0008999	0.003024
-0.0003	0.0008999	1e-08
-0.0004	0.0008999	0.002859
-0.0005	0.0008999	8.8e-09
-0.0006	0.0008999	0.002421
-0.0007	0.0008999	7.39e-09
-0.0008	0.0008999	6.93e-09
-0.0009	0.0008999	6.63e-09
-0.001	0.0008999	0.001872
-0.0011	0.0008999	0.001785
-0.0012	0.0008999	6.11e-09
-0.0013	0.0008999	0.00198
-0.0014	0.0008999	7.26e-09
-0.0015	0.0008999	0.002421
-0.0016	0.0008999	0.002655
-0.0017	0.0008999	0.002793
-0.0018	0.0008999	0.002811
-0.0019	0.0008999	0.002847
-0.002	0.0008999	9.08e-09
-0.0021	0.0008999	0.002598
-0.0022	0.0008999	8.24e-09
-0.0023	0.0008999	0.002319
-0.0024	0.0008999	0.002145
-0.0025	0.0008999	0.00201
-0.0026	0.0008999	6.66e-09
-0.0027	0.0008999	0.001968
-0.0028	0.0008999	0.001881
-0.0029	0.0008999	0.001776
-0.003	0.0008999	0.001719
-0.0031	0.0008999	0.001731
-0.0032	0.0008999	0.00165
-0.0033	0.0008999	0.001644
-0.0034	0.0008999	0.001668
-0.0035	0.0008999	0.001662
-0.0036	0.0008999	0.001617
-0.0037	0.0008999	0.001644
-0.0038	0.0008999	0.001662
-0.0039	0.0008999	0.001653
-0.004	0.0008999	0.00165
-0.004	0.0009999	0.001632
-0.0039	0.0009999	0.001677
-0.0038	0.0009999	0.001638
-0.0037	0.0009999	5.4e-09
-0.0036	0.0009999	0.001593
-0.0035	0.0009999	0.00159
-0.0034	0.0009999	0.001521
-0.0033	0.0009999	0.001635
-0.0032	0.0009999	0.00165
-0.0031	0.0009999	5.68e-09
-0.003	0.0009999	0.001695
-0.0029	0.0009999	0.001767
-0.0028	0.0009999	0.001773
-0.0027	0.0009999	0.001866
-0.0026	0.0009999	0.001893
-0.0025	0.0009999	0.001956
-0.0024	0.0009999	0.002127
-0.0023	0.0009999	0.002211
-0.0022	0.0009999	0.002328
-0.0021	0.0009999	8.12e-09
-0.002	0.0009999	0.002547
-0.0019	0.0009999	0.002553
-0.0018	0.0009999	8.85e-09
-0.0017	0.0009999	0.002637
-0.0016	0.0009999	8.18e-09
-0.0015	0.0009999	0.002349
-0.0014	0.0009999	0.002097
-0.0013	0.0009999	0.001845
-0.0012	0.0009999	0.001713
-0.0011	0.0009999	0.001722
-0.001	0.0009999	0.001809
-0.0009	0.0009999	0.001914
-0.0008	0.0009999	0.001974
-0.0007	0.0009999	6.83e-09
-0.0006	0.0009999	0.002256
-0.0005	0.0009999	0.002481
-0.0004	0.0009999	0.002715
-0.0003	0.0009999	0.00294
-0.0002	0.0009999	0.002973
-0.0001	0.0009999	0.002868
0.0	0.0009999	9.04e-09
0.0001	0.0009999	0.002538
0.0002	0.0009999	7.94e-09
0.0003	0.0009999	0.00234
0.0004	0.0009999	0.002391
0.0005	0.0009999	0.002238
0.0006	0.0009999	0.002274
0.0007	0.0009999	0.002256
0.0008	0.0009999	7.52e-09
0.0009	0.0009999	0.00231
0.001	0.0009999	0.00225
