Interpolation method used: spline
Column 1: energy in eV
Column 2: alpha *1e3 in 1/cm
Column 3: alpha *1e3 in 1/cm, upper limit
Column 4: alpha *1e3 in 1/cm, lower limit
Column 5: lambda in nm
Column 6: alpha *1e3 in 1/cm
0.498328725884	1.13913980906	1.19946786797	1.07762010448	2488.0	1.13913980906
0.534414599138	0.986917585359	1.04744647639	0.925311729704	2320.0	0.986917585359
0.55648198833	0.795791839346	0.85686258813	0.733721614477	2228.0	0.795791839346
0.578284454291	0.320662802347	0.381753590196	0.258739323774	2144.0	0.320662802347
0.685753246681	0.694426775422	0.75512564493	0.632801927304	1808.0	0.694426775422
0.800931440568	1.00851803989	1.06863054174	0.947403124355	1548.0	1.00851803989
0.898436137681	1.70391973049	1.76207318165	1.64465321734	1380.0	1.70391973049
1.00310830906	2.95158178122	3.00471380483	2.89719760235	1236.0	2.95158178122
1.00636515422	2.99340173724	3.04632241854	2.93922364665	1232.0	2.99340173724
1.00964321661	3.04170073466	3.09437649904	2.98776143319	1228.0	3.04170073466
1.01294270425	3.09200454723	3.14442123721	3.03831757467	1224.0	3.09200454723
1.01626382787	3.13774749346	3.18991743124	3.08430123995	1220.0	3.13774749346
1.01960680099	3.18516818293	3.23707612396	3.13197769781	1216.0	3.18516818293
1.02297183993	3.22981961663	3.28146930947	3.17688163727	1212.0	3.22981961663
1.02635916391	3.27141327761	3.32281172938	3.21872066943	1208.0	3.27141327761
1.02976899502	3.30941825002	3.36057332933	3.25696342676	1204.0	3.30941825002
1.03320155833	3.35496124696	3.40582512227	3.30279174295	1200.0	3.35496124696
1.03665708194	3.39643147029	3.44701356967	3.34453783435	1196.0	3.39643147029
1.04013579698	3.43709131396	3.48738183064	3.38548373154	1192.0	3.43709131396
1.04363793771	3.49135505118	3.54127380473	3.44011208879	1188.0	3.49135505118
1.04716374155	3.53435794737	3.58394510134	3.48344037135	1184.0	3.53435794737
1.05071344915	3.58506884313	3.63426581784	3.53453502192	1180.0	3.58506884313
1.05428730442	3.63279986742	3.68160044986	3.58265654197	1176.0	3.63279986742
1.05788555461	3.69225750512	3.74057695192	3.64258868127	1172.0	3.69225750512
1.06150845034	3.75124909461	3.79906126735	3.70208136445	1168.0	3.75124909461
1.0651562457	3.81398248421	3.86123698131	3.76536609681	1164.0	3.81398248421
1.06882919828	3.8802084666	3.92685136634	3.83219734224	1160.0	3.8802084666
1.0725275692	3.95196552578	3.99792366039	3.90463319982	1156.0	3.95196552578
1.07625162326	4.03548996285	4.0806491177	3.98895062762	1152.0	4.03548996285
1.08000162892	4.11622043812	4.16054231177	4.07051307072	1148.0	4.11622043812
1.08377785839	4.20896321595	4.25231380808	4.16422224519	1144.0	4.20896321595
1.08758058772	4.31791151789	4.36012172093	4.27430639401	1140.0	4.31791151789
1.09141009683	4.42039569975	4.4614174578	4.3779760022	1136.0	4.42039569975
1.09526666961	4.53201077656	4.57168743676	4.49093455911	1132.0	4.53201077656
1.09915059397	4.65020766931	4.68838316879	4.61063262681	1128.0	4.65020766931
1.10306216192	4.76944076513	4.80598130879	4.73150241583	1124.0	4.76944076513
1.10700166964	4.90374878434	4.93839964135	4.8677045174	1120.0	4.90374878434
1.11096941756	5.043552236	5.0760915718	5.00962722746	1116.0	5.043552236
1.11496571043	5.18740205174	5.21758921296	5.15584081583	1112.0	5.18740205174
1.1189908574	5.32434004656	5.35196947396	5.29535268303	1108.0	5.32434004656
1.1230451721	5.45369991239	5.47853153552	5.42753174351	1104.0	5.45369991239
1.12712897273	5.58015440476	5.6018534852	5.55714695728	1100.0	5.58015440476
1.13124258212	5.67194434885	5.6903390355	5.65227620878	1096.0	5.67194434885
1.13538632784	5.74620900267	5.76091888219	5.73026990205	1092.0	5.74620900267
1.13956054228	5.7664180782	5.77723548696	5.754425107	1088.0	5.7664180782
1.14376556273	5.70470647086	5.71151358423	5.6967877166	1084.0	5.70470647086
1.14800173148	5.57458206275	5.5769803891	5.5711519299	1080.0	5.57458206275
1.15226939591	5.23913432682	5.23761909399	5.23970714052	1076.0	5.23913432682
1.15656890858	4.64287510798	4.63822150986	4.64668713846	1072.0	4.64287510798
1.16090062734	3.63444131397	3.62869984775	3.63944712065	1068.0	3.63444131397
1.16526491541	2.00063259187	1.99880236517	2.00181601362	1064.0	2.00063259187
1.16966214151	-0.31038224955	-0.297499590599	-0.323922018145	1060.0	-0.31038224955
1.17409267992	-2.09206532051	-2.05929090568	-2.12565631392	1056.0	-2.09206532051
1.17855691065	-0.218438360147	-0.214926029022	-0.222030550537	1052.0	-0.218438360147
1.18305521947	8.51308259076	8.35987198977	8.67014316432	1048.0	8.51308259076
1.18758799808	27.0675444348	26.5620687611	27.5861367505	1044.0	27.0675444348
1.19215564423	51.4343516729	50.3878959903	52.5152345077	1040.0	51.4343516729
1.19675856178	97.8572037174	94.348908716	101.716426672	1036.0	97.8572037174
1.20139716085	83.0834744693	84.0975833005	82.1328102496	1032.0	83.0834744693
1.20607185798	58.7571078008	59.0100345413	58.5107467768	1028.0	58.7571078008
1.21078307617	47.5472554123	47.6624640584	47.4331431776	1024.0	47.5472554123
1.2155312451	40.4511753232	40.5217633792	40.3801759251	1020.0	40.4511753232
1.22031680118	35.4853315414	35.5381088401	35.4315332737	1016.0	35.4853315414
1.22514018775	31.689080009	31.7349148387	31.6419215205	1012.0	31.689080009
1.23000185516	28.4747889902	28.5198067296	28.4282756481	1008.0	28.4747889902
1.23490226096	25.9155014054	25.9608915621	25.8685344165	1004.0	25.9155014054
1.23984187	23.7911639252	23.8375338208	23.7431899733	1000.0	23.7911639252
1.24482115462	21.813149043	21.8618139085	21.7628893677	996.0	21.813149043
1.24984059476	20.2771701075	20.3266960235	20.2260872878	992.0	20.2771701075
1.25490067814	18.8079390433	18.8589170755	18.7554636577	988.0	18.8079390433
1.26000190041	17.7023846993	17.7535025992	17.649829574	984.0	17.7023846993
1.26514476531	16.5700885456	16.6219181247	16.5168994039	980.0	16.5700885456
1.27032978484	15.5237937426	15.5761243907	15.4701902897	976.0	15.5237937426
1.27555747942	14.5678935751	14.6204486847	14.5141563639	972.0	14.5678935751
1.2808283781	13.6279018686	13.6805414343	13.574181842	968.0	13.6279018686
1.28614301867	13.0139155567	13.0658766461	12.9609373876	964.0	13.0139155567
1.29150194792	12.1692523334	12.2208958147	12.1166957865	960.0	12.1692523334
1.29690572176	11.6350036736	11.6858534011	11.5833012422	956.0	11.6350036736
1.30235490546	11.0718559251	11.1219119361	11.0210153762	952.0	11.0718559251
1.30785007384	10.2609430262	10.3100328176	10.2111805523	948.0	10.2609430262
1.31339181144	10.1261492113	10.1745058601	10.0771202914	944.0	10.1261492113
1.31898071277	9.87871379382	9.92634836973	9.83042768173	940.0	9.87871379382
1.32461738248	9.53560961954	9.58247061196	9.48813507826	936.0	9.53560961954
1.33030243562	8.86018181068	8.90575432754	8.81408858217	932.0	8.86018181068
1.33603649784	7.95402044971	7.99730835467	7.91033823224	928.0	7.95402044971
1.34182020563	7.41632614384	7.45783160498	7.37449132359	924.0	7.41632614384
1.34765420652	6.14550783786	6.18169810402	6.10913990784	920.0	6.14550783786
1.35353915939	5.70176856877	5.73579843265	5.66759822713	916.0	5.70176856877
1.35947573465	7.42169946576	7.46309644624	7.37993448149	912.0	7.42169946576
1.36546461454	4.09715576213	4.12160786726	4.07267094654	908.0	4.09715576213
1.37150649336	22.1270973566	22.1084766837	22.14454336	904.0	22.1270973566
1.37760207778	9.36064566629	9.40480548354	9.31578460137	900.0	9.36064566629
1.38375208705	3.56979585291	3.59134717696	3.54822347996	896.0	3.56979585291
1.38995725336	6.8193814348	6.85878581274	6.77964803778	892.0	6.8193814348
1.39621832207	1.28503694399	1.28907135466	1.28100625064	888.0	1.28503694399
1.40253605204	2.17268403293	2.18433115827	2.16104078109	884.0	2.17268403293
1.40891121591	3.57005660901	3.59253448374	3.54754557468	880.0	3.57005660901
1.41534460046	4.16266277463	4.18930647537	4.13594920379	876.0	4.16266277463
1.42183700688	0.674797580092	0.675124966413	0.674473617564	872.0	0.674797580092
1.42838925115	0.626110179179	0.626151854977	0.626068949405	868.0	0.626110179179
1.43500216435	0.989419849672	0.992705106234	0.986136750627	864.0	0.989419849672
1.44167659302	0.612968697475	0.613794619768	0.612151332883	860.0	0.612968697475
1.44841339953	0.732454270871	0.734065606138	0.73084394617	856.0	0.732454270871
1.45521346244	0.529305740084	0.529599012731	0.529015496775	852.0	0.529305740084
1.46207767689	0.499021991803	0.499211067147	0.498834868019	848.0	0.499021991803
1.46900695498	0.597107505346	0.598194478262	0.596021120168	844.0	0.597107505346
1.47600222619	0.463043564445	0.463206326807	0.462880898742	840.0	0.463043564445
1.4830644378	0.426041522237	0.426098158304	0.425985474293	836.0	0.426041522237
1.49019455529	0.718095358907	0.720676899551	0.715514932276	832.0	0.718095358907
1.4973935628	0.652401564482	0.654595095482	0.650208950311	828.0	0.652401564482
1.50466246359	0.367136017229	0.367137679806	0.367134335978	824.0	0.367136017229
1.51200228049	0.353812850383	0.353872562011	0.353753748202	820.0	0.353812850383
1.51941405637	0.338870077852	0.338945897244	0.338795027078	816.0	0.338870077852
1.52689885468	2.1824856259	2.19730225644	2.16765905329	812.0	2.1824856259
1.5344577599	0.309897306451	0.30998172931	0.309813744519	808.0	0.309897306451
1.54209187811	0.321634724858	0.322151453928	0.321123237636	804.0	0.321634724858
1.5498023375	1.45734888415	1.46685082583	1.44784594858	800.0	1.45734888415
