Your edit line - do NOT delete this line
Wavelength [nm], Voltage [V], Elapsed time [s]
900.0	0.000127	4.89100003242
900.0	0.0001245	4.92199993134
900.0	0.0001225	4.96900010109
900.0	0.0001208	5.01600003242
900.0	0.0001195	5.04699993134
900.0	0.000119	5.09400010109
900.0	0.000118	5.14100003242
900.0	0.0001175	5.17199993134
900.0	0.000117	5.21900010109
900.0	0.0001168	5.25
900.0	0.0001168	5.29699993134
900.0	0.0001168	5.34400010109
900.0	0.0001165	5.375
900.0	0.0001165	5.42199993134
900.0	0.0001165	5.46900010109
900.0	0.0001163	5.5
900.0	0.0001165	5.54699993134
900.0	0.0001165	5.57899999619
900.0	0.0001165	5.625
900.0	0.0001165	5.67199993134
900.0	0.0001165	5.70399999619
900.0	0.0001165	5.75
900.0	0.0001165	5.79699993134
900.0	0.0001165	5.82899999619
900.0	0.0001168	5.875
910.0	0.0001218	6.18799996376
910.0	0.0001233	6.21900010109
910.0	0.0001245	6.26600003242
910.0	0.0001258	6.29699993134
910.0	0.0001268	6.34400010109
910.0	0.000127	6.39100003242
910.0	0.0001278	6.42199993134
910.0	0.0001283	6.46900010109
910.0	0.0001288	6.51600003242
910.0	0.0001288	6.54699993134
910.0	0.000129	6.59400010109
910.0	0.0001293	6.64100003242
910.0	0.0001293	6.67199993134
910.0	0.0001293	6.71900010109
910.0	0.0001293	6.75
910.0	0.0001295	6.79699993134
910.0	0.0001295	6.84400010109
910.0	0.0001295	6.875
910.0	0.0001295	6.92199993134
910.0	0.0001293	6.95399999619
910.0	0.0001293	7.0
910.0	0.0001293	7.04699993134
910.0	0.0001293	7.07899999619
910.0	0.000129	7.125
910.0	0.000129	7.17199993134
920.0	0.0001345	7.46900010109
920.0	0.0001365	7.51600003242
920.0	0.000138	7.54699993134
920.0	0.0001393	7.59400010109
920.0	0.0001405	7.64100003242
920.0	0.0001413	7.67199993134
920.0	0.0001418	7.71900010109
920.0	0.0001425	7.76600003242
920.0	0.000143	7.79699993134
920.0	0.000143	7.84400010109
920.0	0.000143	7.875
920.0	0.0001433	7.92199993134
920.0	0.0001433	7.96900010109
920.0	0.0001433	8.0
920.0	0.0001433	8.04699993134
920.0	0.000143	8.09400010109
920.0	0.000143	8.125
920.0	0.000143	8.17199993134
920.0	0.000143	8.20399999619
920.0	0.000143	8.25
920.0	0.000143	8.29699993134
920.0	0.000143	8.32899999619
920.0	0.000143	8.375
920.0	0.000143	8.42199993134
930.0	0.0001493	8.71900010109
930.0	0.0001513	8.76600003242
930.0	0.0001528	8.79699993134
930.0	0.000154	8.84400010109
930.0	0.000155	8.89100003242
930.0	0.0001558	8.92199993134
930.0	0.0001565	8.96900010109
930.0	0.000157	9.01600003242
930.0	0.0001575	9.04699993134
930.0	0.0001575	9.09400010109
930.0	0.0001578	9.14100003242
930.0	0.000158	9.17199993134
930.0	0.000158	9.21900010109
930.0	0.000158	9.25
930.0	0.000158	9.29699993134
930.0	0.000158	9.34400010109
930.0	0.000158	9.375
930.0	0.000158	9.42199993134
930.0	0.0001583	9.46900010109
930.0	0.0001583	9.5
930.0	0.0001583	9.54699993134
930.0	0.0001588	9.57899999619
930.0	0.0001588	9.625
930.0	0.0001588	9.67199993134
940.0	0.000165	9.96900010109
940.0	0.0001668	10.0
940.0	0.0001688	10.0469999313
940.0	0.00017	10.0940001011
940.0	0.0001713	10.125
940.0	0.000172	10.1719999313
940.0	0.0001728	10.2190001011
940.0	0.0001733	10.25
940.0	0.0001738	10.2969999313
940.0	0.000174	10.3440001011
940.0	0.0001743	10.375
940.0	0.0001743	10.4219999313
940.0	0.0001745	10.4539999962
940.0	0.0001745	10.5
940.0	0.0001745	10.5469999313
940.0	0.0001745	10.5789999962
940.0	0.0001745	10.625
940.0	0.0001745	10.6719999313
940.0	0.0001745	10.7039999962
940.0	0.0001745	10.75
940.0	0.0001745	10.7820000648
940.0	0.0001743	10.8289999962
940.0	0.0001743	10.875
940.0	0.0001743	10.9070000648
940.0	0.0001743	10.9539999962
950.0	0.00018	11.25
950.0	0.000182	11.2820000648
950.0	0.000184	11.3289999962
950.0	0.0001855	11.375
950.0	0.0001865	11.4070000648
950.0	0.000187	11.4539999962
950.0	0.0001878	11.4850001335
950.0	0.0001888	11.5320000648
950.0	0.0001888	11.5789999962
950.0	0.0001893	11.6100001335
950.0	0.0001893	11.6570000648
950.0	0.0001895	11.7039999962
950.0	0.0001895	11.7350001335
950.0	0.0001893	11.7820000648
950.0	0.0001893	11.8289999962
950.0	0.0001893	11.8600001335
950.0	0.0001893	11.9070000648
950.0	0.000189	11.9539999962
950.0	0.0001893	12.0
950.0	0.0001893	12.0320000648
950.0	0.0001893	12.0789999962
950.0	0.0001895	12.1100001335
950.0	0.0001895	12.1570000648
950.0	0.0001895	12.2039999962
960.0	0.0001963	12.4850001335
960.0	0.000198	12.5320000648
960.0	0.0002	12.5789999962
960.0	0.0002015	12.6100001335
960.0	0.0002025	12.6570000648
960.0	0.000203	12.7039999962
960.0	0.0002038	12.7350001335
960.0	0.0002043	12.7820000648
960.0	0.000205	12.8129999638
960.0	0.0002053	12.8600001335
960.0	0.0002055	12.9070000648
960.0	0.0002058	12.9379999638
960.0	0.0002058	12.9850001335
960.0	0.0002058	13.0320000648
960.0	0.0002058	13.0629999638
960.0	0.0002063	13.1100001335
960.0	0.0002065	13.1410000324
960.0	0.0002065	13.1879999638
960.0	0.0002065	13.2350001335
960.0	0.0002068	13.2660000324
960.0	0.0002068	13.3129999638
960.0	0.0002065	13.3600001335
960.0	0.0002065	13.3910000324
960.0	0.0002065	13.4379999638
970.0	0.000212	13.7190001011
970.0	0.0002143	13.7660000324
970.0	0.0002163	13.7969999313
970.0	0.0002178	13.8440001011
970.0	0.0002188	13.875
970.0	0.00022	13.9219999313
970.0	0.0002205	13.9690001011
970.0	0.0002208	14.0
970.0	0.0002213	14.0469999313
970.0	0.0002218	14.0940001011
970.0	0.0002218	14.125
970.0	0.0002218	14.1719999313
970.0	0.000222	14.2039999962
970.0	0.000222	14.25
970.0	0.000222	14.2969999313
970.0	0.000222	14.3289999962
970.0	0.0002225	14.375
970.0	0.0002225	14.4219999313
970.0	0.0002225	14.4539999962
970.0	0.0002225	14.5
970.0	0.0002225	14.5320000648
970.0	0.000222	14.5789999962
970.0	0.000222	14.625
970.0	0.000222	14.6570000648
970.0	0.0002218	14.7039999962
980.0	0.0002275	14.9850001335
980.0	0.0002293	15.0320000648
980.0	0.0002313	15.0629999638
980.0	0.0002325	15.1100001335
980.0	0.000234	15.1410000324
980.0	0.0002345	15.1879999638
980.0	0.0002355	15.2350001335
980.0	0.0002363	15.2660000324
980.0	0.0002365	15.3129999638
980.0	0.000237	15.3600001335
980.0	0.000237	15.3910000324
980.0	0.0002375	15.4379999638
980.0	0.0002375	15.4690001011
980.0	0.0002375	15.5160000324
980.0	0.0002375	15.5629999638
980.0	0.0002375	15.5940001011
980.0	0.0002375	15.6410000324
980.0	0.0002375	15.6879999638
980.0	0.0002375	15.7190001011
980.0	0.000237	15.7660000324
980.0	0.000237	15.7969999313
980.0	0.0002375	15.8440001011
980.0	0.0002375	15.8910000324
980.0	0.000237	15.9219999313
980.0	0.000237	15.9690001011
990.0	0.000243	16.25
990.0	0.0002453	16.2820000648
990.0	0.0002468	16.3289999962
990.0	0.0002483	16.375
990.0	0.0002495	16.4070000648
990.0	0.0002505	16.4539999962
990.0	0.0002515	16.5
990.0	0.000252	16.5320000648
990.0	0.0002525	16.5789999962
990.0	0.000253	16.625
990.0	0.0002533	16.6570000648
990.0	0.0002538	16.7039999962
990.0	0.0002538	16.7350001335
990.0	0.0002538	16.7820000648
990.0	0.0002538	16.8289999962
990.0	0.0002538	16.8600001335
990.0	0.0002538	16.9070000648
990.0	0.000254	16.9539999962
990.0	0.000254	16.9850001335
990.0	0.0002543	17.0320000648
990.0	0.0002543	17.0789999962
990.0	0.0002543	17.1100001335
990.0	0.0002545	17.1570000648
990.0	0.0002545	17.2039999962
1000.0	0.00026	17.4690001011
1000.0	0.0002618	17.5160000324
1000.0	0.0002638	17.5629999638
1000.0	0.000265	17.5940001011
1000.0	0.0002663	17.6410000324
1000.0	0.000267	17.6879999638
1000.0	0.0002678	17.7350001335
1000.0	0.000268	17.7660000324
1000.0	0.0002683	17.8129999638
1000.0	0.0002688	17.8440001011
1000.0	0.000269	17.8910000324
1000.0	0.0002693	17.9379999638
1000.0	0.0002693	17.9690001011
1000.0	0.0002695	18.0160000324
1000.0	0.0002695	18.0629999638
1000.0	0.0002695	18.0940001011
1000.0	0.00027	18.1410000324
1000.0	0.00027	18.1719999313
1000.0	0.00027	18.2190001011
1000.0	0.00027	18.2660000324
1000.0	0.00027	18.2969999313
1000.0	0.00027	18.3440001011
1000.0	0.00027	18.3910000324
1000.0	0.00027	18.4219999313
1000.0	0.0002695	18.4690001011
1010.0	0.0002753	18.75
1010.0	0.0002775	18.7820000648
1010.0	0.000279	18.8289999962
1010.0	0.0002805	18.875
1010.0	0.0002815	18.9070000648
1010.0	0.0002828	18.9539999962
1010.0	0.0002833	18.9850001335
1010.0	0.0002843	19.0320000648
1010.0	0.0002843	19.0789999962
1010.0	0.0002845	19.1100001335
1010.0	0.0002845	19.1570000648
1010.0	0.0002845	19.2039999962
1010.0	0.0002845	19.2350001335
1010.0	0.000285	19.2820000648
1010.0	0.000285	19.3129999638
1010.0	0.0002853	19.3600001335
1010.0	0.0002853	19.4070000648
1010.0	0.0002853	19.4379999638
1010.0	0.000285	19.4850001335
1010.0	0.000285	19.5320000648
1010.0	0.000285	19.5629999638
1010.0	0.0002853	19.6100001335
1010.0	0.0002853	19.6570000648
1010.0	0.0002853	19.6879999638
1010.0	0.0002853	19.7350001335
1020.0	0.0002913	20.0160000324
1020.0	0.000293	20.0629999638
1020.0	0.0002945	20.0940001011
1020.0	0.0002963	20.1410000324
1020.0	0.000297	20.1719999313
1020.0	0.000298	20.2190001011
1020.0	0.0002988	20.2660000324
1020.0	0.0002993	20.2969999313
1020.0	0.0003	20.3440001011
1020.0	0.0003003	20.3910000324
1020.0	0.0003003	20.4219999313
1020.0	0.0003005	20.4690001011
1020.0	0.0003005	20.5
1020.0	0.0003005	20.5469999313
1020.0	0.0003008	20.5940001011
1020.0	0.0003008	20.625
1020.0	0.0003013	20.6719999313
1020.0	0.0003013	20.7190001011
1020.0	0.0003013	20.75
1020.0	0.0003015	20.7969999313
1020.0	0.0003015	20.8289999962
1020.0	0.0003015	20.875
1020.0	0.0003018	20.9219999313
1020.0	0.0003018	20.9539999962
1020.0	0.0003015	21.0
1030.0	0.000308	21.2820000648
1030.0	0.00031	21.3289999962
1030.0	0.0003118	21.3600001335
1030.0	0.0003133	21.4070000648
1030.0	0.0003145	21.4539999962
1030.0	0.0003155	21.4850001335
1030.0	0.0003163	21.5320000648
1030.0	0.0003168	21.5789999962
1030.0	0.000317	21.6100001335
1030.0	0.0003175	21.6570000648
1030.0	0.0003175	21.6879999638
1030.0	0.0003178	21.7350001335
1030.0	0.000318	21.7820000648
1030.0	0.000318	21.8129999638
1030.0	0.0003183	21.8600001335
1030.0	0.0003183	21.9070000648
1030.0	0.000318	21.9379999638
1030.0	0.000318	21.9850001335
1030.0	0.000318	22.0160000324
1030.0	0.000318	22.0629999638
1030.0	0.000318	22.1100001335
1030.0	0.000318	22.1410000324
1030.0	0.0003183	22.1879999638
1030.0	0.000318	22.2350001335
1040.0	0.000323	22.5160000324
1040.0	0.0003255	22.5629999638
1040.0	0.0003275	22.5940001011
1040.0	0.000329	22.6410000324
1040.0	0.0003303	22.6879999638
1040.0	0.0003313	22.7190001011
1040.0	0.0003318	22.7660000324
1040.0	0.0003325	22.7969999313
1040.0	0.0003328	22.8440001011
1040.0	0.0003333	22.8910000324
1040.0	0.0003333	22.9219999313
1040.0	0.0003338	22.9690001011
1040.0	0.000334	23.0160000324
1040.0	0.0003343	23.0469999313
1040.0	0.0003343	23.0940001011
1040.0	0.0003343	23.125
1040.0	0.0003343	23.1719999313
1040.0	0.0003343	23.2190001011
1040.0	0.0003343	23.25
1040.0	0.0003343	23.2969999313
1040.0	0.000334	23.3440001011
1040.0	0.000334	23.375
1040.0	0.000334	23.4219999313
1040.0	0.000334	23.4539999962
1050.0	0.00034	23.75
1050.0	0.000342	23.7820000648
1050.0	0.000344	23.8289999962
1050.0	0.0003453	23.8600001335
1050.0	0.0003465	23.9070000648
1050.0	0.000347	23.9539999962
1050.0	0.000348	23.9850001335
1050.0	0.0003483	24.0320000648
1050.0	0.0003488	24.0789999962
1050.0	0.000349	24.1100001335
1050.0	0.0003493	24.1570000648
1050.0	0.0003493	24.1879999638
1050.0	0.0003493	24.2350001335
1050.0	0.0003495	24.2820000648
1050.0	0.0003495	24.3129999638
1050.0	0.0003495	24.3600001335
1050.0	0.0003495	24.4070000648
1050.0	0.00035	24.4379999638
1050.0	0.00035	24.4850001335
1050.0	0.00035	24.5320000648
1050.0	0.00035	24.5629999638
1050.0	0.00035	24.6100001335
1050.0	0.0003495	24.6410000324
1050.0	0.0003493	24.6879999638
1050.0	0.0003493	24.7350001335
1060.0	0.000355	25.0160000324
1060.0	0.000357	25.0469999313
1060.0	0.0003588	25.0940001011
1060.0	0.0003603	25.1410000324
1060.0	0.0003615	25.1719999313
1060.0	0.000362	25.2190001011
1060.0	0.000363	25.2660000324
1060.0	0.0003638	25.2969999313
1060.0	0.000364	25.3440001011
1060.0	0.0003645	25.375
1060.0	0.000365	25.4219999313
1060.0	0.0003653	25.4690001011
1060.0	0.0003653	25.5
1060.0	0.0003653	25.5469999313
1060.0	0.0003653	25.5940001011
1060.0	0.0003655	25.625
1060.0	0.0003655	25.6719999313
1060.0	0.0003658	25.7039999962
1060.0	0.0003658	25.75
1060.0	0.0003658	25.7969999313
1060.0	0.0003658	25.8289999962
1060.0	0.0003658	25.875
1060.0	0.0003655	25.9219999313
1060.0	0.0003655	25.9539999962
1060.0	0.0003655	26.0
1070.0	0.0003713	26.2820000648
1070.0	0.0003738	26.3289999962
1070.0	0.0003755	26.3600001335
1070.0	0.0003768	26.4070000648
1070.0	0.0003778	26.4539999962
1070.0	0.0003788	26.4850001335
1070.0	0.0003793	26.5320000648
1070.0	0.00038	26.5629999638
1070.0	0.0003805	26.6100001335
1070.0	0.0003808	26.6570000648
1070.0	0.0003813	26.6879999638
1070.0	0.0003815	26.7350001335
1070.0	0.0003815	26.7820000648
1070.0	0.0003815	26.8129999638
1070.0	0.0003818	26.8600001335
1070.0	0.000382	26.8910000324
1070.0	0.000382	26.9379999638
1070.0	0.0003825	26.9850001335
1070.0	0.0003825	27.0320000648
1070.0	0.0003825	27.0629999638
1070.0	0.0003825	27.1100001335
1070.0	0.0003825	27.1410000324
1070.0	0.0003825	27.1879999638
1070.0	0.0003825	27.2350001335
1080.0	0.0003878	27.5160000324
1080.0	0.00039	27.5629999638
1080.0	0.0003915	27.5940001011
1080.0	0.0003928	27.6410000324
1080.0	0.000394	27.6879999638
1080.0	0.000395	27.7190001011
1080.0	0.0003955	27.7660000324
1080.0	0.0003963	27.8129999638
1080.0	0.0003968	27.8440001011
1080.0	0.000397	27.8910000324
1080.0	0.000397	27.9219999313
1080.0	0.000397	27.9690001011
1080.0	0.0003975	28.0160000324
1080.0	0.0003975	28.0469999313
1080.0	0.0003978	28.0940001011
1080.0	0.0003978	28.1410000324
1080.0	0.0003978	28.1879999638
1080.0	0.0003978	28.2190001011
1080.0	0.000398	28.2660000324
1080.0	0.0003978	28.3129999638
1080.0	0.0003978	28.3440001011
1080.0	0.0003978	28.3910000324
1080.0	0.0003978	28.4379999638
1080.0	0.000398	28.4690001011
1090.0	0.0004028	28.75
1090.0	0.000405	28.7969999313
1090.0	0.0004065	28.8440001011
1090.0	0.0004078	28.875
1090.0	0.000409	28.9219999313
1090.0	0.00041	28.9539999962
1090.0	0.0004105	29.0
1090.0	0.0004108	29.0469999313
1090.0	0.0004113	29.0789999962
1090.0	0.0004118	29.125
1090.0	0.0004118	29.1719999313
1090.0	0.0004118	29.2039999962
1090.0	0.0004118	29.25
1090.0	0.0004118	29.2969999313
1090.0	0.000412	29.3440001011
1090.0	0.000412	29.375
1090.0	0.0004118	29.4219999313
1090.0	0.0004118	29.4539999962
1090.0	0.0004118	29.5
1090.0	0.000412	29.5469999313
1090.0	0.000412	29.5789999962
1090.0	0.0004125	29.625
1090.0	0.0004125	29.6719999313
1090.0	0.0004125	29.7039999962
1090.0	0.0004125	29.75
1100.0	0.0004163	30.0320000648
1100.0	0.000418	30.0789999962
1100.0	0.00042	30.1100001335
1100.0	0.0004213	30.1570000648
1100.0	0.000422	30.2039999962
1100.0	0.0004233	30.2350001335
1100.0	0.0004243	30.2820000648
1100.0	0.0004245	30.3129999638
1100.0	0.0004253	30.3600001335
1100.0	0.0004255	30.4070000648
1100.0	0.0004255	30.4539999962
1100.0	0.0004255	30.4850001335
1100.0	0.0004255	30.5320000648
1100.0	0.0004255	30.5629999638
1100.0	0.0004255	30.6100001335
1100.0	0.0004258	30.6570000648
1100.0	0.0004263	30.6879999638
1100.0	0.0004265	30.7350001335
1100.0	0.0004265	30.7820000648
1100.0	0.0004265	30.8129999638
1100.0	0.0004263	30.8600001335
1100.0	0.0004263	30.9070000648
1100.0	0.0004263	30.9379999638
1100.0	0.0004263	30.9850001335
1110.0	0.00043	31.2660000324
1110.0	0.0004318	31.3129999638
1110.0	0.0004333	31.3440001011
1110.0	0.0004345	31.3910000324
1110.0	0.0004358	31.4219999313
1110.0	0.0004365	31.4690001011
1110.0	0.000437	31.5160000324
1110.0	0.0004378	31.5629999638
1110.0	0.000438	31.5940001011
1110.0	0.0004383	31.6410000324
1110.0	0.0004388	31.6719999313
1110.0	0.000439	31.7190001011
1110.0	0.0004393	31.7660000324
1110.0	0.0004395	31.7969999313
1110.0	0.0004395	31.8440001011
1110.0	0.0004395	31.8910000324
1110.0	0.0004395	31.9219999313
1110.0	0.0004395	31.9690001011
1110.0	0.0004395	32.0
1110.0	0.0004395	32.0469999313
1110.0	0.00044	32.0940001011
1110.0	0.00044	32.125
1110.0	0.00044	32.1719999313
1110.0	0.00044	32.2190001011
1120.0	0.0004433	32.4850001335
1120.0	0.0004455	32.5320000648
1120.0	0.0004468	32.5629999638
1120.0	0.000448	32.6100001335
1120.0	0.0004493	32.6570000648
1120.0	0.0004503	32.6879999638
1120.0	0.0004505	32.7350001335
1120.0	0.0004513	32.7820000648
1120.0	0.0004515	32.8129999638
1120.0	0.0004518	32.8600001335
1120.0	0.000452	32.9070000648
1120.0	0.000452	32.9379999638
1120.0	0.000452	32.9850001335
1120.0	0.0004525	33.0160000324
1120.0	0.0004525	33.0629999638
1120.0	0.0004528	33.1100001335
1120.0	0.0004528	33.1410000324
1120.0	0.000453	33.1879999638
1120.0	0.000453	33.2350001335
1120.0	0.0004533	33.2660000324
1120.0	0.0004538	33.3129999638
1120.0	0.0004538	33.3440001011
1120.0	0.0004538	33.3910000324
1120.0	0.0004538	33.4379999638
1130.0	0.000457	33.7039999962
1130.0	0.000459	33.75
1130.0	0.0004603	33.7969999313
1130.0	0.0004613	33.8289999962
1130.0	0.000462	33.875
1130.0	0.000463	33.9070000648
1130.0	0.0004638	33.9539999962
1130.0	0.0004643	34.0
1130.0	0.0004645	34.0320000648
1130.0	0.0004653	34.0789999962
1130.0	0.0004655	34.125
1130.0	0.0004658	34.1570000648
1130.0	0.0004663	34.2039999962
1130.0	0.0004663	34.25
1130.0	0.0004665	34.2820000648
1130.0	0.0004665	34.3289999962
1130.0	0.0004668	34.375
1130.0	0.0004668	34.4070000648
1130.0	0.0004668	34.4539999962
1130.0	0.0004665	34.4850001335
1130.0	0.0004665	34.5320000648
1130.0	0.0004665	34.5789999962
1130.0	0.0004663	34.6100001335
1130.0	0.0004665	34.6570000648
1130.0	0.0004665	34.7039999962
1140.0	0.00047	34.9690001011
1140.0	0.0004718	35.0160000324
1140.0	0.000473	35.0469999313
1140.0	0.000474	35.0940001011
1140.0	0.000475	35.1410000324
1140.0	0.0004758	35.1719999313
1140.0	0.0004765	35.2190001011
1140.0	0.0004768	35.2660000324
1140.0	0.0004768	35.2969999313
1140.0	0.000477	35.3440001011
1140.0	0.000477	35.375
1140.0	0.0004775	35.4219999313
1140.0	0.0004775	35.4690001011
1140.0	0.0004775	35.5
1140.0	0.0004775	35.5469999313
1140.0	0.0004778	35.5940001011
1140.0	0.0004775	35.625
1140.0	0.0004775	35.6719999313
1140.0	0.0004775	35.7190001011
1140.0	0.000477	35.75
1140.0	0.000477	35.7969999313
1140.0	0.000477	35.8289999962
1140.0	0.000477	35.875
1140.0	0.0004775	35.9219999313
1150.0	0.0004805	36.1879999638
1150.0	0.0004818	36.2190001011
1150.0	0.0004828	36.2660000324
1150.0	0.0004838	36.3129999638
1150.0	0.0004845	36.3440001011
1150.0	0.0004853	36.3910000324
1150.0	0.0004858	36.4379999638
1150.0	0.0004863	36.4690001011
1150.0	0.0004865	36.5160000324
1150.0	0.0004868	36.5469999313
1150.0	0.000487	36.5940001011
1150.0	0.000487	36.6410000324
1150.0	0.000487	36.6719999313
1150.0	0.000487	36.7190001011
1150.0	0.000487	36.7660000324
1150.0	0.0004868	36.7969999313
1150.0	0.0004868	36.8440001011
1150.0	0.000487	36.875
1150.0	0.000487	36.9219999313
1150.0	0.000487	36.9690001011
1150.0	0.000487	37.0
1150.0	0.000487	37.0469999313
1150.0	0.0004868	37.0940001011
1150.0	0.0004868	37.125
1150.0	0.0004868	37.1719999313
1160.0	0.0004895	37.4379999638
1160.0	0.0004908	37.4690001011
1160.0	0.0004918	37.5160000324
1160.0	0.0004928	37.5629999638
1160.0	0.0004938	37.5940001011
1160.0	0.0004943	37.6410000324
1160.0	0.000495	37.6719999313
1160.0	0.0004955	37.7190001011
1160.0	0.0004955	37.7660000324
1160.0	0.0004958	37.8129999638
1160.0	0.0004963	37.8440001011
1160.0	0.0004958	37.8910000324
1160.0	0.0004958	37.9379999638
1160.0	0.0004963	37.9690001011
1160.0	0.0004963	38.0160000324
1160.0	0.0004963	38.0469999313
1160.0	0.0004965	38.0940001011
1160.0	0.0004963	38.1410000324
1160.0	0.0004965	38.1719999313
1160.0	0.0004965	38.2190001011
1160.0	0.0004963	38.2660000324
1160.0	0.0004963	38.2969999313
1160.0	0.0004963	38.3440001011
1160.0	0.0004963	38.375
1160.0	0.0004963	38.4219999313
1170.0	0.0004988	38.6879999638
1170.0	0.0004995	38.7190001011
1170.0	0.0005008	38.7660000324
1170.0	0.0005015	38.8129999638
1170.0	0.0005018	38.8440001011
1170.0	0.0005025	38.8910000324
1170.0	0.000503	38.9219999313
1170.0	0.0005033	38.9690001011
1170.0	0.0005038	39.0160000324
1170.0	0.000504	39.0469999313
1170.0	0.000504	39.0940001011
1170.0	0.0005043	39.1410000324
1170.0	0.0005045	39.1719999313
1170.0	0.0005045	39.2190001011
1170.0	0.0005045	39.25
1170.0	0.0005045	39.2969999313
1170.0	0.000505	39.3440001011
1170.0	0.000505	39.375
1170.0	0.000505	39.4219999313
1170.0	0.0005053	39.4690001011
1170.0	0.0005053	39.5
1170.0	0.0005055	39.5469999313
1170.0	0.0005058	39.5789999962
1170.0	0.0005058	39.625
1170.0	0.0005055	39.6719999313
1180.0	0.0005083	39.9219999313
1180.0	0.0005093	39.9690001011
1180.0	0.0005103	40.0160000324
1180.0	0.0005113	40.0469999313
1180.0	0.0005115	40.0940001011
1180.0	0.000512	40.125
1180.0	0.0005128	40.1719999313
1180.0	0.000513	40.2190001011
1180.0	0.000513	40.25
1180.0	0.000513	40.2969999313
1180.0	0.0005133	40.3440001011
1180.0	0.0005133	40.375
1180.0	0.0005138	40.4219999313
1180.0	0.0005138	40.4539999962
1180.0	0.0005138	40.5
1180.0	0.0005138	40.5469999313
1180.0	0.0005138	40.5789999962
1180.0	0.0005138	40.625
1180.0	0.0005138	40.6719999313
1180.0	0.0005138	40.7039999962
1180.0	0.0005138	40.75
1180.0	0.0005138	40.7820000648
1180.0	0.0005138	40.8289999962
1180.0	0.0005138	40.875
1180.0	0.0005138	40.9070000648
1190.0	0.0005163	41.1719999313
1190.0	0.000517	41.2190001011
1190.0	0.000518	41.25
1190.0	0.000519	41.2969999313
1190.0	0.0005193	41.3289999962
1190.0	0.00052	41.375
1190.0	0.0005203	41.4219999313
1190.0	0.0005203	41.4539999962
1190.0	0.0005205	41.5
1190.0	0.0005205	41.5469999313
1190.0	0.0005208	41.5789999962
1190.0	0.0005208	41.625
1190.0	0.0005208	41.6570000648
1190.0	0.0005213	41.7039999962
1190.0	0.0005213	41.75
1190.0	0.0005213	41.7820000648
1190.0	0.0005213	41.8289999962
1190.0	0.0005213	41.875
1190.0	0.0005213	41.9070000648
1190.0	0.0005213	41.9539999962
1190.0	0.0005208	42.0
1190.0	0.0005208	42.0320000648
1190.0	0.0005208	42.0789999962
1190.0	0.0005213	42.1100001335
1190.0	0.0005213	42.1570000648
1200.0	0.0005233	42.4219999313
1200.0	0.000524	42.4539999962
1200.0	0.0005245	42.5
1200.0	0.0005253	42.5320000648
1200.0	0.0005255	42.5789999962
1200.0	0.0005258	42.625
1200.0	0.0005263	42.6570000648
1200.0	0.0005265	42.7039999962
1200.0	0.0005268	42.75
1200.0	0.0005265	42.7820000648
1200.0	0.0005265	42.8289999962
1200.0	0.0005265	42.8600001335
1200.0	0.0005268	42.9070000648
1200.0	0.0005268	42.9539999962
1200.0	0.0005268	42.9850001335
1200.0	0.0005268	43.0320000648
1200.0	0.0005268	43.0789999962
1200.0	0.0005265	43.1100001335
1200.0	0.0005265	43.1570000648
1200.0	0.0005268	43.2039999962
1200.0	0.0005268	43.2350001335
1200.0	0.0005268	43.2820000648
1200.0	0.0005268	43.3129999638
1200.0	0.0005265	43.3600001335
1200.0	0.0005265	43.4070000648
1210.0	0.0005283	43.6719999313
1210.0	0.0005293	43.7039999962
1210.0	0.0005295	43.75
1210.0	0.0005303	43.7969999313
1210.0	0.0005305	43.8289999962
1210.0	0.0005305	43.875
1210.0	0.0005305	43.9219999313
1210.0	0.0005305	43.9539999962
1210.0	0.0005305	44.0
1210.0	0.0005308	44.0320000648
1210.0	0.0005313	44.0789999962
1210.0	0.0005313	44.125
1210.0	0.0005315	44.1570000648
1210.0	0.0005318	44.2039999962
1210.0	0.000532	44.25
1210.0	0.000532	44.2820000648
1210.0	0.000532	44.3289999962
1210.0	0.0005325	44.375
1210.0	0.0005325	44.4070000648
1210.0	0.0005325	44.4539999962
1210.0	0.0005328	44.5
1210.0	0.000533	44.5320000648
1210.0	0.0005328	44.5789999962
1210.0	0.0005328	44.6100001335
1220.0	0.0005333	44.875
1220.0	0.000534	44.9219999313
1220.0	0.000535	44.9690001011
1220.0	0.0005353	45.0
1220.0	0.0005358	45.0469999313
1220.0	0.0005363	45.0940001011
1220.0	0.0005365	45.125
1220.0	0.0005368	45.1719999313
1220.0	0.0005368	45.2190001011
1220.0	0.000537	45.25
1220.0	0.000537	45.2969999313
1220.0	0.000537	45.3289999962
1220.0	0.0005375	45.375
1220.0	0.0005378	45.4219999313
1220.0	0.0005378	45.4539999962
1220.0	0.000538	45.5
1220.0	0.000538	45.5469999313
1220.0	0.000538	45.5789999962
1220.0	0.000538	45.625
1220.0	0.000538	45.6570000648
1220.0	0.000538	45.7039999962
1220.0	0.000538	45.75
1220.0	0.000538	45.7820000648
1220.0	0.000538	45.8289999962
1220.0	0.000538	45.875
1230.0	0.0005395	46.1410000324
1230.0	0.0005403	46.1879999638
1230.0	0.0005408	46.2190001011
1230.0	0.0005413	46.2660000324
1230.0	0.0005418	46.3129999638
1230.0	0.0005418	46.3440001011
1230.0	0.0005418	46.3910000324
1230.0	0.0005418	46.4219999313
1230.0	0.000542	46.4690001011
1230.0	0.0005418	46.5160000324
1230.0	0.0005418	46.5469999313
1230.0	0.0005418	46.5940001011
1230.0	0.0005418	46.625
1230.0	0.0005418	46.6719999313
1230.0	0.0005418	46.7190001011
1230.0	0.000542	46.75
1230.0	0.000542	46.7969999313
1230.0	0.0005425	46.8440001011
1230.0	0.0005425	46.875
1230.0	0.0005425	46.9219999313
1230.0	0.0005425	46.9690001011
1230.0	0.0005425	47.0
1230.0	0.0005428	47.0469999313
1230.0	0.000543	47.0940001011
1240.0	0.0005438	47.3600001335
1240.0	0.000544	47.4070000648
1240.0	0.0005443	47.4379999638
1240.0	0.0005445	47.4850001335
1240.0	0.000545	47.5320000648
1240.0	0.0005455	47.5629999638
1240.0	0.0005458	47.6100001335
1240.0	0.0005458	47.6570000648
1240.0	0.0005458	47.6879999638
1240.0	0.0005458	47.7350001335
1240.0	0.0005458	47.7820000648
1240.0	0.0005458	47.8129999638
1240.0	0.0005458	47.8600001335
1240.0	0.0005458	47.8910000324
1240.0	0.0005458	47.9379999638
1240.0	0.0005458	47.9850001335
1240.0	0.0005455	48.0160000324
1240.0	0.0005455	48.0629999638
1240.0	0.0005455	48.1100001335
1240.0	0.0005455	48.1410000324
1240.0	0.0005455	48.1879999638
1240.0	0.0005455	48.2350001335
1240.0	0.0005458	48.2660000324
1240.0	0.0005458	48.3129999638
1250.0	0.0005465	48.5789999962
1250.0	0.0005468	48.625
1250.0	0.000547	48.6570000648
1250.0	0.0005475	48.7039999962
1250.0	0.0005478	48.75
1250.0	0.0005475	48.7820000648
1250.0	0.0005475	48.8289999962
1250.0	0.0005475	48.875
1250.0	0.0005475	48.9070000648
1250.0	0.000547	48.9539999962
1250.0	0.000547	48.9850001335
1250.0	0.0005475	49.0320000648
1250.0	0.000547	49.0789999962
1250.0	0.000547	49.1100001335
1250.0	0.000547	49.1570000648
1250.0	0.000547	49.2039999962
1250.0	0.000547	49.2350001335
1250.0	0.0005475	49.2820000648
1250.0	0.0005478	49.3129999638
1250.0	0.0005478	49.3600001335
1250.0	0.0005478	49.4070000648
1250.0	0.0005475	49.4379999638
1250.0	0.0005475	49.4850001335
1250.0	0.0005475	49.5320000648
1260.0	0.0005475	49.7969999313
1260.0	0.0005475	49.8440001011
1260.0	0.0005475	49.875
1260.0	0.0005475	49.9219999313
1260.0	0.0005478	49.9539999962
1260.0	0.0005478	50.0
1260.0	0.0005478	50.0469999313
1260.0	0.0005478	50.0789999962
1260.0	0.0005478	50.125
1260.0	0.0005478	50.1719999313
1260.0	0.000548	50.2039999962
1260.0	0.0005483	50.25
1260.0	0.0005483	50.2820000648
1260.0	0.0005483	50.3289999962
1260.0	0.0005483	50.375
1260.0	0.0005483	50.4070000648
1260.0	0.000548	50.4539999962
1260.0	0.000548	50.5
1260.0	0.0005483	50.5320000648
1260.0	0.0005483	50.5789999962
1260.0	0.0005483	50.6100001335
1260.0	0.0005483	50.6570000648
1260.0	0.0005483	50.7039999962
1260.0	0.0005483	50.7350001335
1260.0	0.0005483	50.7820000648
1270.0	0.0005483	51.0469999313
1270.0	0.0005488	51.0940001011
1270.0	0.0005488	51.125
1270.0	0.0005488	51.1719999313
1270.0	0.0005488	51.2190001011
1270.0	0.0005488	51.25
1270.0	0.000549	51.2969999313
1270.0	0.000549	51.3289999962
1270.0	0.0005493	51.375
1270.0	0.0005493	51.4219999313
1270.0	0.0005495	51.4539999962
1270.0	0.0005495	51.5
1270.0	0.0005495	51.5469999313
1270.0	0.0005495	51.5789999962
1270.0	0.0005493	51.625
1270.0	0.0005493	51.6719999313
1270.0	0.000549	51.7039999962
1270.0	0.0005488	51.75
1270.0	0.0005488	51.7820000648
1270.0	0.000549	51.8289999962
1270.0	0.0005493	51.875
1270.0	0.0005493	51.9070000648
1270.0	0.0005495	51.9539999962
1270.0	0.0005493	52.0
1280.0	0.000549	52.2660000324
1280.0	0.000549	52.2969999313
1280.0	0.000549	52.3440001011
1280.0	0.000549	52.3910000324
1280.0	0.0005488	52.4219999313
1280.0	0.000549	52.4690001011
1280.0	0.000549	52.5160000324
1280.0	0.000549	52.5469999313
1280.0	0.000549	52.5940001011
1280.0	0.0005493	52.6410000324
1280.0	0.0005493	52.6719999313
1280.0	0.0005493	52.7190001011
1280.0	0.0005495	52.75
1280.0	0.0005495	52.7969999313
1280.0	0.0005495	52.8440001011
1280.0	0.0005493	52.875
1280.0	0.0005493	52.9219999313
1280.0	0.0005493	52.9690001011
1280.0	0.0005493	53.0
1280.0	0.0005493	53.0469999313
1280.0	0.0005493	53.0789999962
1280.0	0.0005493	53.125
1280.0	0.0005493	53.1719999313
1280.0	0.0005493	53.2039999962
1280.0	0.0005493	53.25
1290.0	0.0005493	53.5160000324
1290.0	0.000549	53.5629999638
1290.0	0.0005488	53.5940001011
1290.0	0.0005488	53.6410000324
1290.0	0.0005488	53.6879999638
1290.0	0.0005488	53.7190001011
1290.0	0.0005488	53.7660000324
1290.0	0.0005488	53.7969999313
1290.0	0.000549	53.8440001011
1290.0	0.0005488	53.8910000324
1290.0	0.0005488	53.9219999313
1290.0	0.0005488	53.9690001011
1290.0	0.0005488	54.0160000324
1290.0	0.0005488	54.0469999313
1290.0	0.000549	54.0940001011
1290.0	0.0005488	54.125
1290.0	0.0005488	54.1719999313
1290.0	0.0005488	54.2190001011
1290.0	0.0005488	54.25
1290.0	0.000549	54.2969999313
1290.0	0.000549	54.3440001011
1290.0	0.000549	54.375
1290.0	0.000549	54.4219999313
1290.0	0.0005488	54.4690001011
1300.0	0.000548	54.7190001011
1300.0	0.0005475	54.7660000324
1300.0	0.000547	54.8129999638
1300.0	0.0005468	54.8440001011
1300.0	0.0005468	54.8910000324
1300.0	0.000547	54.9379999638
1300.0	0.000547	54.9690001011
1300.0	0.0005475	55.0160000324
1300.0	0.0005475	55.0469999313
1300.0	0.0005475	55.0940001011
1300.0	0.0005475	55.1410000324
1300.0	0.0005475	55.1879999638
1300.0	0.0005475	55.2190001011
1300.0	0.000547	55.2660000324
1300.0	0.000547	55.2969999313
1300.0	0.000547	55.3440001011
1300.0	0.0005468	55.3910000324
1300.0	0.000547	55.4219999313
1300.0	0.000547	55.4690001011
1300.0	0.000547	55.5160000324
1300.0	0.000547	55.5469999313
1300.0	0.000547	55.5940001011
1300.0	0.0005475	55.625
1300.0	0.0005478	55.6719999313
1300.0	0.0005475	55.7190001011
1310.0	0.0005458	55.9850001335
1310.0	0.000545	56.0160000324
1310.0	0.0005445	56.0629999638
1310.0	0.000544	56.1100001335
1310.0	0.0005438	56.1410000324
1310.0	0.0005438	56.1879999638
1310.0	0.0005438	56.2350001335
1310.0	0.0005438	56.2660000324
1310.0	0.0005438	56.3129999638
1310.0	0.0005433	56.3440001011
1310.0	0.0005438	56.3910000324
1310.0	0.0005438	56.4379999638
1310.0	0.0005433	56.4690001011
1310.0	0.0005433	56.5160000324
1310.0	0.000543	56.5629999638
1310.0	0.0005428	56.6100001335
1310.0	0.0005428	56.6410000324
1310.0	0.000543	56.6879999638
1310.0	0.0005433	56.7190001011
1310.0	0.0005433	56.7660000324
1310.0	0.0005433	56.8129999638
1310.0	0.0005438	56.8440001011
1310.0	0.0005438	56.8910000324
1310.0	0.0005438	56.9379999638
1320.0	0.0005415	57.1879999638
1320.0	0.0005405	57.2350001335
1320.0	0.0005395	57.2820000648
1320.0	0.000539	57.3129999638
1320.0	0.0005383	57.3600001335
1320.0	0.0005378	57.3910000324
1320.0	0.000537	57.4379999638
1320.0	0.0005365	57.4850001335
1320.0	0.0005365	57.5160000324
1320.0	0.0005365	57.5629999638
1320.0	0.0005365	57.6100001335
1320.0	0.0005363	57.6410000324
1320.0	0.0005363	57.6879999638
1320.0	0.0005358	57.7350001335
1320.0	0.0005355	57.7660000324
1320.0	0.0005358	57.8129999638
1320.0	0.0005358	57.8440001011
1320.0	0.0005363	57.8910000324
1320.0	0.0005358	57.9379999638
1320.0	0.0005358	57.9690001011
1320.0	0.0005355	58.0160000324
1320.0	0.0005358	58.0629999638
1320.0	0.0005358	58.0940001011
1320.0	0.0005358	58.1410000324
1320.0	0.0005358	58.1879999638
1330.0	0.0005325	58.4539999962
1330.0	0.0005315	58.4850001335
1330.0	0.0005303	58.5320000648
1330.0	0.0005293	58.5789999962
1330.0	0.0005288	58.6100001335
1330.0	0.000528	58.6570000648
1330.0	0.0005275	58.7039999962
1330.0	0.000527	58.7350001335
1330.0	0.0005268	58.7820000648
1330.0	0.0005268	58.8289999962
1330.0	0.0005268	58.8600001335
1330.0	0.0005268	58.9070000648
1330.0	0.0005268	58.9539999962
1330.0	0.0005265	58.9850001335
1330.0	0.0005265	59.0320000648
1330.0	0.0005263	59.0629999638
1330.0	0.0005265	59.1100001335
1330.0	0.0005265	59.1570000648
1330.0	0.0005265	59.1879999638
1330.0	0.0005265	59.2350001335
1330.0	0.0005265	59.2820000648
1330.0	0.0005263	59.3129999638
1330.0	0.0005263	59.3600001335
1330.0	0.0005265	59.4070000648
1340.0	0.0005228	59.6570000648
1340.0	0.0005205	59.7039999962
1340.0	0.0005188	59.75
1340.0	0.0005175	59.7820000648
1340.0	0.0005165	59.8289999962
1340.0	0.0005155	59.8600001335
1340.0	0.000515	59.9070000648
1340.0	0.0005145	59.9539999962
1340.0	0.0005143	59.9850001335
1340.0	0.000514	60.0320000648
1340.0	0.000514	60.0789999962
1340.0	0.000514	60.1100001335
1340.0	0.000514	60.1570000648
1340.0	0.000514	60.2039999962
1340.0	0.000514	60.2350001335
1340.0	0.000514	60.2820000648
1340.0	0.000514	60.3129999638
1340.0	0.0005138	60.3600001335
1340.0	0.0005138	60.4070000648
1340.0	0.0005138	60.4379999638
1340.0	0.0005133	60.4850001335
1340.0	0.000513	60.5320000648
1340.0	0.000513	60.5629999638
1340.0	0.000513	60.6100001335
1340.0	0.000513	60.6410000324
1350.0	0.0005088	60.9070000648
1350.0	0.0005063	60.9539999962
1350.0	0.0005045	60.9850001335
1350.0	0.000503	61.0320000648
1350.0	0.000502	61.0789999962
1350.0	0.0005008	61.125
1350.0	0.0005005	61.1570000648
1350.0	0.0005	61.2039999962
1350.0	0.0004995	61.25
1350.0	0.0004993	61.2820000648
1350.0	0.0004993	61.3289999962
1350.0	0.0004993	61.3600001335
1350.0	0.0004993	61.4070000648
1350.0	0.0004993	61.4539999962
1350.0	0.000499	61.4850001335
1350.0	0.000499	61.5320000648
1350.0	0.000499	61.5789999962
1350.0	0.000499	61.6100001335
1350.0	0.000499	61.6570000648
1350.0	0.0004988	61.6879999638
1350.0	0.0004988	61.7350001335
1350.0	0.0004988	61.7820000648
1350.0	0.0004988	61.8129999638
1350.0	0.0004988	61.8600001335
1360.0	0.0004938	62.125
1360.0	0.0004918	62.1570000648
1360.0	0.00049	62.2039999962
1360.0	0.0004888	62.25
1360.0	0.0004875	62.2820000648
1360.0	0.0004865	62.3289999962
1360.0	0.0004863	62.375
1360.0	0.0004855	62.4070000648
1360.0	0.0004853	62.4539999962
1360.0	0.0004845	62.4850001335
1360.0	0.0004845	62.5320000648
1360.0	0.0004843	62.5789999962
1360.0	0.000484	62.6100001335
1360.0	0.000484	62.6570000648
1360.0	0.000484	62.7039999962
1360.0	0.000484	62.7350001335
1360.0	0.0004838	62.7820000648
1360.0	0.0004838	62.8129999638
1360.0	0.000484	62.8600001335
1360.0	0.000484	62.9070000648
1360.0	0.000484	62.9379999638
1360.0	0.000484	62.9850001335
1360.0	0.000484	63.0320000648
1360.0	0.000484	63.0629999638
1360.0	0.000484	63.1100001335
1370.0	0.0004795	63.375
1370.0	0.0004778	63.4070000648
1370.0	0.0004763	63.4539999962
1370.0	0.000475	63.5
1370.0	0.000474	63.5320000648
1370.0	0.000473	63.5789999962
1370.0	0.0004725	63.6100001335
1370.0	0.0004718	63.6570000648
1370.0	0.0004715	63.7039999962
1370.0	0.0004713	63.7350001335
1370.0	0.0004708	63.7820000648
1370.0	0.0004708	63.8289999962
1370.0	0.0004705	63.8600001335
1370.0	0.0004705	63.9070000648
1370.0	0.0004703	63.9539999962
1370.0	0.0004703	63.9850001335
1370.0	0.0004703	64.0320000648
1370.0	0.0004703	64.0789999962
1370.0	0.00047	64.1100001335
1370.0	0.0004695	64.1570000648
1370.0	0.0004695	64.2039999962
1370.0	0.0004693	64.2350001335
1370.0	0.0004693	64.2820000648
1370.0	0.00047	64.3129999638
1370.0	0.00047	64.3600001335
1380.0	0.0004668	64.625
1380.0	0.000465	64.6570000648
1380.0	0.0004633	64.7039999962
1380.0	0.0004618	64.75
1380.0	0.0004613	64.7820000648
1380.0	0.0004603	64.8289999962
1380.0	0.0004593	64.875
1380.0	0.0004593	64.9219999313
1380.0	0.0004588	64.9539999962
1380.0	0.0004588	65.0
1380.0	0.0004583	65.0320000648
1380.0	0.000458	65.0789999962
1380.0	0.000458	65.125
1380.0	0.0004578	65.1570000648
1380.0	0.0004578	65.2039999962
1380.0	0.0004578	65.25
1380.0	0.0004578	65.2820000648
1380.0	0.0004578	65.3289999962
1380.0	0.0004578	65.3600001335
1380.0	0.000458	65.4070000648
1380.0	0.0004578	65.4539999962
1380.0	0.0004578	65.4850001335
1380.0	0.000458	65.5320000648
1380.0	0.000458	65.5789999962
1390.0	0.0004543	65.8289999962
1390.0	0.000453	65.875
1390.0	0.0004518	65.9219999313
1390.0	0.0004508	65.9539999962
1390.0	0.00045	66.0
1390.0	0.0004493	66.0469999313
1390.0	0.0004488	66.0789999962
1390.0	0.0004488	66.125
1390.0	0.0004488	66.1570000648
1390.0	0.0004483	66.2039999962
1390.0	0.0004483	66.25
1390.0	0.0004483	66.2820000648
1390.0	0.000448	66.3289999962
1390.0	0.000448	66.375
1390.0	0.0004478	66.4070000648
1390.0	0.0004478	66.4539999962
1390.0	0.0004478	66.5
1390.0	0.0004478	66.5320000648
1390.0	0.0004478	66.5789999962
1390.0	0.000448	66.625
1390.0	0.000448	66.6570000648
1390.0	0.000448	66.7039999962
1390.0	0.000448	66.7350001335
1390.0	0.000448	66.7820000648
1390.0	0.000448	66.8289999962
1400.0	0.0004455	67.0940001011
1400.0	0.0004445	67.125
1400.0	0.0004438	67.1719999313
1400.0	0.0004428	67.2190001011
1400.0	0.000442	67.25
1400.0	0.0004418	67.2969999313
1400.0	0.0004415	67.3440001011
1400.0	0.0004413	67.375
1400.0	0.0004413	67.4219999313
1400.0	0.0004408	67.4539999962
1400.0	0.0004408	67.5
1400.0	0.0004408	67.5469999313
1400.0	0.0004408	67.5789999962
1400.0	0.0004408	67.625
1400.0	0.0004413	67.6719999313
1400.0	0.0004408	67.7039999962
1400.0	0.0004413	67.75
1400.0	0.0004408	67.7820000648
1400.0	0.0004408	67.8289999962
1400.0	0.0004408	67.875
1400.0	0.0004408	67.9070000648
1400.0	0.0004408	67.9539999962
1400.0	0.0004408	68.0
1400.0	0.0004408	68.0320000648
1400.0	0.0004413	68.0789999962
1410.0	0.0004388	68.3440001011
1410.0	0.0004378	68.3910000324
1410.0	0.0004375	68.4379999638
1410.0	0.0004368	68.4690001011
1410.0	0.0004365	68.5160000324
1410.0	0.0004363	68.5469999313
1410.0	0.0004358	68.5940001011
1410.0	0.0004355	68.6410000324
1410.0	0.0004353	68.6719999313
1410.0	0.0004353	68.7190001011
1410.0	0.0004353	68.7660000324
1410.0	0.0004353	68.7969999313
1410.0	0.000435	68.8440001011
1410.0	0.000435	68.875
1410.0	0.000435	68.9219999313
1410.0	0.0004353	68.9690001011
1410.0	0.0004353	69.0
1410.0	0.0004355	69.0469999313
1410.0	0.0004355	69.0940001011
1410.0	0.0004353	69.125
1410.0	0.0004353	69.1719999313
1410.0	0.000435	69.2039999962
1410.0	0.000435	69.25
1410.0	0.000435	69.2969999313
1420.0	0.000434	69.5629999638
1420.0	0.000434	69.5940001011
1420.0	0.0004338	69.6410000324
1420.0	0.000433	69.6879999638
1420.0	0.000433	69.7190001011
1420.0	0.0004328	69.7660000324
1420.0	0.0004325	69.8129999638
1420.0	0.0004325	69.8440001011
1420.0	0.0004325	69.8910000324
1420.0	0.0004325	69.9379999638
1420.0	0.0004325	69.9690001011
1420.0	0.0004325	70.0160000324
1420.0	0.000432	70.0469999313
1420.0	0.0004318	70.0940001011
1420.0	0.0004318	70.1410000324
1420.0	0.0004318	70.1879999638
1420.0	0.000432	70.2190001011
1420.0	0.000432	70.2660000324
1420.0	0.000432	70.2969999313
1420.0	0.000432	70.3440001011
1420.0	0.0004318	70.3910000324
1420.0	0.0004318	70.4219999313
1420.0	0.0004318	70.4690001011
1420.0	0.000432	70.5160000324
1430.0	0.0004315	70.7820000648
1430.0	0.0004315	70.8129999638
1430.0	0.0004313	70.8600001335
1430.0	0.0004313	70.9070000648
1430.0	0.0004315	70.9379999638
1430.0	0.0004315	70.9850001335
1430.0	0.0004315	71.0160000324
1430.0	0.0004315	71.0629999638
1430.0	0.0004315	71.1100001335
1430.0	0.0004315	71.1410000324
1430.0	0.0004313	71.1879999638
1430.0	0.0004315	71.2350001335
1430.0	0.0004313	71.2660000324
1430.0	0.0004313	71.3129999638
1430.0	0.0004313	71.3440001011
1430.0	0.0004313	71.3910000324
1430.0	0.0004313	71.4379999638
1430.0	0.0004313	71.4690001011
1430.0	0.0004313	71.5160000324
1430.0	0.0004313	71.5629999638
1430.0	0.0004308	71.5940001011
1430.0	0.0004313	71.6410000324
1430.0	0.0004313	71.6719999313
1430.0	0.0004313	71.7190001011
1430.0	0.0004308	71.7660000324
1440.0	0.0004313	72.0320000648
1440.0	0.0004315	72.0629999638
1440.0	0.0004318	72.1100001335
1440.0	0.0004325	72.1570000648
1440.0	0.0004328	72.1879999638
1440.0	0.0004328	72.2350001335
1440.0	0.000433	72.2820000648
1440.0	0.000433	72.3129999638
1440.0	0.000433	72.3600001335
1440.0	0.000433	72.3910000324
1440.0	0.0004333	72.4379999638
1440.0	0.0004333	72.4850001335
1440.0	0.0004333	72.5160000324
1440.0	0.0004333	72.5629999638
1440.0	0.0004333	72.6100001335
1440.0	0.0004333	72.6410000324
1440.0	0.0004333	72.6879999638
1440.0	0.000434	72.7350001335
1440.0	0.0004338	72.7660000324
1440.0	0.0004338	72.8129999638
1440.0	0.0004338	72.8440001011
1440.0	0.0004338	72.8910000324
1440.0	0.0004338	72.9379999638
1440.0	0.0004338	72.9690001011
1440.0	0.0004338	73.0160000324
1450.0	0.000435	73.2820000648
1450.0	0.0004358	73.3289999962
1450.0	0.0004363	73.3600001335
1450.0	0.0004365	73.4070000648
1450.0	0.0004368	73.4539999962
1450.0	0.0004375	73.4850001335
1450.0	0.0004378	73.5320000648
1450.0	0.0004383	73.5629999638
1450.0	0.0004388	73.6100001335
1450.0	0.000439	73.6570000648
1450.0	0.000439	73.6879999638
1450.0	0.000439	73.7350001335
1450.0	0.0004388	73.7820000648
1450.0	0.0004388	73.8129999638
1450.0	0.0004388	73.8600001335
1450.0	0.0004388	73.8910000324
1450.0	0.0004388	73.9379999638
1450.0	0.0004388	73.9850001335
1450.0	0.0004388	74.0160000324
1450.0	0.000439	74.0629999638
1450.0	0.000439	74.1100001335
1450.0	0.0004388	74.1410000324
1450.0	0.0004388	74.1879999638
1450.0	0.0004388	74.2190001011
1450.0	0.0004388	74.2660000324
1460.0	0.0004408	74.5320000648
1460.0	0.0004415	74.5789999962
1460.0	0.000442	74.6100001335
1460.0	0.0004428	74.6570000648
1460.0	0.0004433	74.7039999962
1460.0	0.000444	74.7350001335
1460.0	0.0004443	74.7820000648
1460.0	0.0004445	74.8289999962
1460.0	0.000445	74.8600001335
1460.0	0.000445	74.9070000648
1460.0	0.000445	74.9539999962
1460.0	0.000445	74.9850001335
1460.0	0.0004445	75.0320000648
1460.0	0.000445	75.0789999962
1460.0	0.0004453	75.1100001335
1460.0	0.0004453	75.1570000648
1460.0	0.0004455	75.1879999638
1460.0	0.0004455	75.2350001335
1460.0	0.0004458	75.2820000648
1460.0	0.0004458	75.3129999638
1460.0	0.0004458	75.3600001335
1460.0	0.0004458	75.4070000648
1460.0	0.0004463	75.4379999638
1460.0	0.0004463	75.4850001335
1470.0	0.0004475	75.75
1470.0	0.0004483	75.7969999313
1470.0	0.0004493	75.8289999962
1470.0	0.00045	75.875
1470.0	0.0004505	75.9219999313
1470.0	0.0004508	75.9539999962
1470.0	0.0004513	76.0
1470.0	0.0004515	76.0469999313
1470.0	0.0004515	76.0789999962
1470.0	0.0004518	76.125
1470.0	0.0004518	76.1570000648
1470.0	0.000452	76.2039999962
1470.0	0.000452	76.25
1470.0	0.000452	76.2820000648
1470.0	0.0004525	76.3289999962
1470.0	0.0004525	76.375
1470.0	0.0004528	76.4070000648
1470.0	0.000453	76.4539999962
1470.0	0.000453	76.5
1470.0	0.000453	76.5320000648
1470.0	0.0004533	76.5789999962
1470.0	0.000453	76.625
1470.0	0.000453	76.6570000648
1470.0	0.000453	76.7039999962
1480.0	0.0004553	76.9690001011
1480.0	0.0004558	77.0160000324
1480.0	0.0004565	77.0629999638
1480.0	0.000457	77.0940001011
1480.0	0.0004575	77.1410000324
1480.0	0.0004575	77.1719999313
1480.0	0.0004578	77.2190001011
1480.0	0.000458	77.2660000324
1480.0	0.0004583	77.2969999313
1480.0	0.0004588	77.3440001011
1480.0	0.000459	77.3910000324
1480.0	0.000459	77.4219999313
1480.0	0.0004593	77.4690001011
1480.0	0.000459	77.5
1480.0	0.000459	77.5469999313
1480.0	0.0004588	77.5940001011
1480.0	0.0004588	77.625
1480.0	0.0004588	77.6719999313
1480.0	0.000459	77.7190001011
1480.0	0.000459	77.75
1480.0	0.000459	77.7969999313
1480.0	0.000459	77.8289999962
1480.0	0.000459	77.875
1480.0	0.000459	77.9219999313
1480.0	0.000459	77.9539999962
1490.0	0.0004608	78.2350001335
1490.0	0.0004615	78.2660000324
1490.0	0.0004618	78.3129999638
1490.0	0.000462	78.3600001335
1490.0	0.0004625	78.3910000324
1490.0	0.0004625	78.4379999638
1490.0	0.0004628	78.4850001335
1490.0	0.0004628	78.5160000324
1490.0	0.000463	78.5629999638
1490.0	0.000463	78.5940001011
1490.0	0.000463	78.6410000324
1490.0	0.0004633	78.6879999638
1490.0	0.0004633	78.7190001011
1490.0	0.0004633	78.7660000324
1490.0	0.000463	78.8129999638
1490.0	0.000463	78.8440001011
1490.0	0.0004628	78.8910000324
1490.0	0.0004628	78.9219999313
1490.0	0.0004628	78.9690001011
1490.0	0.0004628	79.0160000324
1490.0	0.0004628	79.0469999313
1490.0	0.0004625	79.0940001011
1490.0	0.0004625	79.1410000324
1490.0	0.0004625	79.1719999313
1490.0	0.0004628	79.2190001011
1500.0	0.000463	79.4850001335
1500.0	0.0004633	79.5320000648
1500.0	0.000463	79.5629999638
1500.0	0.0004633	79.6100001335
1500.0	0.0004633	79.6570000648
1500.0	0.0004633	79.6879999638
1500.0	0.0004633	79.7350001335
1500.0	0.0004633	79.7820000648
1500.0	0.0004633	79.8129999638
1500.0	0.0004633	79.8600001335
1500.0	0.000463	79.9070000648
1500.0	0.000463	79.9379999638
1500.0	0.000463	79.9850001335
1500.0	0.000463	80.0320000648
1500.0	0.000463	80.0629999638
1500.0	0.000463	80.1100001335
1500.0	0.000463	80.1410000324
1500.0	0.0004633	80.1879999638
1500.0	0.0004633	80.2350001335
1500.0	0.0004633	80.2660000324
1500.0	0.0004633	80.3129999638
1500.0	0.0004638	80.3600001335
1500.0	0.0004638	80.3910000324
1500.0	0.0004638	80.4379999638
1510.0	0.000463	80.7039999962
1510.0	0.000463	80.75
1510.0	0.0004638	80.7969999313
1510.0	0.0004633	80.8289999962
1510.0	0.000463	80.875
1510.0	0.000463	80.9219999313
1510.0	0.000463	80.9539999962
1510.0	0.0004633	81.0
1510.0	0.0004633	81.0469999313
1510.0	0.0004633	81.0789999962
1510.0	0.000463	81.125
1510.0	0.000463	81.1570000648
1510.0	0.000463	81.2039999962
1510.0	0.000463	81.25
1510.0	0.000463	81.2820000648
1510.0	0.000463	81.3289999962
1510.0	0.000463	81.375
1510.0	0.000463	81.4070000648
1510.0	0.0004633	81.4539999962
1510.0	0.0004633	81.5
1510.0	0.0004633	81.5320000648
1510.0	0.0004633	81.5789999962
1510.0	0.0004633	81.625
1510.0	0.0004633	81.6570000648
1510.0	0.0004638	81.7039999962
1520.0	0.000463	81.9690001011
1520.0	0.000463	82.0160000324
1520.0	0.0004628	82.0629999638
1520.0	0.0004625	82.0940001011
1520.0	0.000462	82.1410000324
1520.0	0.000462	82.1879999638
1520.0	0.000462	82.2190001011
1520.0	0.0004618	82.2660000324
1520.0	0.0004618	82.3129999638
1520.0	0.0004615	82.3440001011
1520.0	0.0004615	82.3910000324
1520.0	0.0004618	82.4219999313
1520.0	0.0004618	82.4690001011
1520.0	0.0004618	82.5160000324
1520.0	0.0004618	82.5469999313
1520.0	0.0004618	82.5940001011
1520.0	0.000462	82.6410000324
1520.0	0.000462	82.6719999313
1520.0	0.000462	82.7190001011
1520.0	0.000462	82.7660000324
1520.0	0.0004618	82.7969999313
1520.0	0.0004618	82.8440001011
1520.0	0.000462	82.8910000324
1520.0	0.0004618	82.9219999313
1520.0	0.0004618	82.9690001011
1530.0	0.00046	83.2350001335
1530.0	0.0004593	83.2820000648
1530.0	0.0004588	83.3289999962
1530.0	0.000458	83.3600001335
1530.0	0.0004575	83.4070000648
1530.0	0.0004575	83.4539999962
1530.0	0.0004575	83.4850001335
1530.0	0.000457	83.5320000648
1530.0	0.000457	83.5789999962
1530.0	0.0004568	83.6100001335
1530.0	0.0004568	83.6570000648
1530.0	0.0004568	83.7039999962
1530.0	0.0004568	83.7350001335
1530.0	0.0004568	83.7820000648
1530.0	0.000457	83.8129999638
1530.0	0.0004568	83.8600001335
1530.0	0.0004568	83.9070000648
1530.0	0.0004565	83.9539999962
1530.0	0.0004568	83.9850001335
1530.0	0.0004568	84.0320000648
1530.0	0.0004565	84.0789999962
1530.0	0.0004563	84.1100001335
1530.0	0.0004563	84.1570000648
1530.0	0.0004558	84.1879999638
1530.0	0.0004555	84.2350001335
1540.0	0.000453	84.5160000324
1540.0	0.000452	84.5469999313
1540.0	0.0004515	84.5940001011
1540.0	0.0004508	84.6410000324
1540.0	0.0004505	84.6719999313
1540.0	0.0004503	84.7190001011
1540.0	0.0004495	84.75
1540.0	0.0004493	84.7969999313
1540.0	0.000449	84.8440001011
1540.0	0.000449	84.875
1540.0	0.0004488	84.9219999313
1540.0	0.0004488	84.9690001011
1540.0	0.000449	85.0
1540.0	0.000449	85.0469999313
1540.0	0.000449	85.0789999962
1540.0	0.0004488	85.125
1540.0	0.0004488	85.1719999313
1540.0	0.0004488	85.2039999962
1540.0	0.0004488	85.25
1540.0	0.0004488	85.2969999313
1540.0	0.000449	85.3289999962
1540.0	0.0004488	85.375
1540.0	0.0004488	85.4070000648
1540.0	0.0004488	85.4539999962
1540.0	0.0004488	85.5
1550.0	0.0004458	85.7660000324
1550.0	0.0004445	85.8129999638
1550.0	0.0004433	85.8600001335
1550.0	0.0004425	85.8910000324
1550.0	0.0004418	85.9379999638
1550.0	0.0004413	85.9850001335
1550.0	0.0004408	86.0160000324
1550.0	0.0004405	86.0629999638
1550.0	0.0004403	86.0940001011
1550.0	0.0004403	86.1410000324
1550.0	0.00044	86.1879999638
1550.0	0.00044	86.2190001011
1550.0	0.00044	86.2660000324
1550.0	0.00044	86.2969999313
1550.0	0.00044	86.3440001011
1550.0	0.00044	86.3910000324
1550.0	0.00044	86.4219999313
1550.0	0.00044	86.4690001011
1550.0	0.0004403	86.5160000324
1550.0	0.0004403	86.5629999638
1550.0	0.0004403	86.5940001011
1550.0	0.0004403	86.6410000324
1550.0	0.0004403	86.6719999313
1550.0	0.0004403	86.7190001011
1550.0	0.0004403	86.7660000324
1560.0	0.0004365	87.0320000648
1560.0	0.0004345	87.0789999962
1560.0	0.000433	87.125
1560.0	0.000432	87.1570000648
1560.0	0.0004313	87.2039999962
1560.0	0.0004305	87.2350001335
1560.0	0.00043	87.2820000648
1560.0	0.0004295	87.3289999962
1560.0	0.000429	87.3600001335
1560.0	0.0004288	87.4070000648
1560.0	0.0004288	87.4539999962
1560.0	0.0004288	87.4850001335
1560.0	0.0004288	87.5320000648
1560.0	0.0004283	87.5629999638
1560.0	0.0004283	87.6100001335
1560.0	0.0004283	87.6570000648
1560.0	0.0004288	87.6879999638
1560.0	0.0004288	87.7350001335
1560.0	0.0004288	87.7820000648
1560.0	0.0004288	87.8129999638
1560.0	0.0004288	87.8600001335
1560.0	0.0004288	87.9070000648
1560.0	0.0004283	87.9379999638
1560.0	0.0004283	87.9850001335
1560.0	0.0004283	88.0160000324
1570.0	0.0004238	88.2969999313
1570.0	0.0004215	88.3289999962
1570.0	0.0004195	88.375
1570.0	0.0004178	88.4219999313
1570.0	0.0004165	88.4690001011
1570.0	0.0004158	88.5
1570.0	0.0004153	88.5469999313
1570.0	0.0004145	88.5789999962
1570.0	0.0004143	88.625
1570.0	0.000414	88.6719999313
1570.0	0.0004138	88.7039999962
1570.0	0.0004133	88.75
1570.0	0.0004133	88.7969999313
1570.0	0.000413	88.8289999962
1570.0	0.0004128	88.875
1570.0	0.0004128	88.9070000648
1570.0	0.000413	88.9539999962
1570.0	0.000413	89.0
1570.0	0.000413	89.0320000648
1570.0	0.000413	89.0789999962
1570.0	0.000413	89.125
1570.0	0.0004128	89.1570000648
1570.0	0.0004125	89.2039999962
1570.0	0.0004125	89.2350001335
1580.0	0.0004065	89.5160000324
1580.0	0.0004043	89.5469999313
1580.0	0.0004018	89.5940001011
1580.0	0.0004003	89.6410000324
1580.0	0.0003988	89.6719999313
1580.0	0.0003975	89.7190001011
1580.0	0.0003965	89.7660000324
1580.0	0.0003958	89.8129999638
1580.0	0.0003955	89.8440001011
1580.0	0.000395	89.8910000324
1580.0	0.0003945	89.9379999638
1580.0	0.0003945	89.9690001011
1580.0	0.0003945	90.0160000324
1580.0	0.0003945	90.0629999638
1580.0	0.0003945	90.0940001011
1580.0	0.0003945	90.1410000324
1580.0	0.0003943	90.1719999313
1580.0	0.0003943	90.2190001011
1580.0	0.0003943	90.2660000324
1580.0	0.0003943	90.2969999313
1580.0	0.0003945	90.3440001011
1580.0	0.0003945	90.3910000324
1580.0	0.0003945	90.4219999313
1580.0	0.0003945	90.4690001011
1590.0	0.0003875	90.7350001335
1590.0	0.000385	90.7820000648
1590.0	0.0003828	90.8289999962
1590.0	0.0003813	90.8600001335
1590.0	0.0003795	90.9070000648
1590.0	0.0003783	90.9539999962
1590.0	0.000378	90.9850001335
1590.0	0.000377	91.0320000648
1590.0	0.0003765	91.0629999638
1590.0	0.0003763	91.1100001335
1590.0	0.0003758	91.1570000648
1590.0	0.0003755	91.1879999638
1590.0	0.0003753	91.2350001335
1590.0	0.000375	91.2820000648
1590.0	0.000375	91.3129999638
1590.0	0.000375	91.3600001335
1590.0	0.0003745	91.3910000324
1590.0	0.000375	91.4379999638
1590.0	0.000375	91.4850001335
1590.0	0.0003753	91.5160000324
1590.0	0.0003753	91.5629999638
1590.0	0.0003755	91.6100001335
1590.0	0.0003755	91.6410000324
1590.0	0.0003758	91.6879999638
1590.0	0.0003755	91.7350001335
1600.0	0.000368	92.0
1600.0	0.000365	92.0469999313
1600.0	0.0003628	92.0940001011
1600.0	0.0003605	92.125
1600.0	0.0003588	92.1719999313
1600.0	0.0003575	92.2190001011
1600.0	0.0003565	92.25
1600.0	0.0003558	92.2969999313
1600.0	0.0003553	92.3440001011
1600.0	0.000355	92.375
1600.0	0.0003545	92.4219999313
1600.0	0.0003543	92.4690001011
1600.0	0.0003543	92.5
1600.0	0.000354	92.5469999313
1600.0	0.000354	92.5789999962
1600.0	0.000354	92.625
1600.0	0.000354	92.6719999313
1600.0	0.000354	92.7190001011
1600.0	0.000354	92.75
1600.0	0.000354	92.7969999313
1600.0	0.000354	92.8289999962
1600.0	0.000354	92.875
1600.0	0.000354	92.9219999313
1600.0	0.000354	92.9539999962
1600.0	0.000354	93.0
1610.0	0.0003455	93.2820000648
1610.0	0.0003425	93.3289999962
1610.0	0.0003395	93.3600001335
1610.0	0.0003375	93.4070000648
1610.0	0.0003358	93.4539999962
1610.0	0.0003345	93.4850001335
1610.0	0.0003333	93.5320000648
1610.0	0.000332	93.5789999962
1610.0	0.0003313	93.6100001335
1610.0	0.0003308	93.6570000648
1610.0	0.0003305	93.7039999962
1610.0	0.0003303	93.7350001335
1610.0	0.00033	93.7820000648
1610.0	0.00033	93.8289999962
1610.0	0.0003295	93.8600001335
1610.0	0.0003295	93.9070000648
1610.0	0.00033	93.9379999638
1610.0	0.00033	93.9850001335
1610.0	0.00033	94.0320000648
1610.0	0.00033	94.0629999638
1610.0	0.00033	94.1100001335
1610.0	0.00033	94.1570000648
1610.0	0.00033	94.1879999638
1610.0	0.00033	94.2350001335
1620.0	0.0003208	94.5160000324
1620.0	0.0003175	94.5469999313
1620.0	0.000315	94.5940001011
1620.0	0.0003125	94.6410000324
1620.0	0.0003108	94.6719999313
1620.0	0.0003095	94.7190001011
1620.0	0.0003088	94.75
1620.0	0.0003078	94.7969999313
1620.0	0.0003075	94.8440001011
1620.0	0.0003068	94.8910000324
1620.0	0.0003063	94.9219999313
1620.0	0.0003058	94.9690001011
1620.0	0.0003058	95.0160000324
1620.0	0.0003058	95.0469999313
1620.0	0.0003058	95.0940001011
1620.0	0.0003063	95.1410000324
1620.0	0.0003063	95.1719999313
1620.0	0.0003063	95.2190001011
1620.0	0.0003063	95.2660000324
1620.0	0.0003063	95.2969999313
1620.0	0.0003063	95.3440001011
1620.0	0.0003063	95.375
1620.0	0.0003058	95.4219999313
1620.0	0.0003058	95.4690001011
1630.0	0.0002965	95.75
1630.0	0.0002933	95.7820000648
1630.0	0.0002905	95.8289999962
1630.0	0.0002883	95.875
1630.0	0.0002865	95.9070000648
1630.0	0.0002853	95.9539999962
1630.0	0.0002843	96.0
1630.0	0.0002833	96.0320000648
1630.0	0.0002828	96.0789999962
1630.0	0.0002825	96.1100001335
1630.0	0.000282	96.1570000648
1630.0	0.000282	96.2039999962
1630.0	0.000282	96.2350001335
1630.0	0.000282	96.2820000648
1630.0	0.0002818	96.3289999962
1630.0	0.0002818	96.3600001335
1630.0	0.0002815	96.4070000648
1630.0	0.0002818	96.4539999962
1630.0	0.0002818	96.4850001335
1630.0	0.0002818	96.5320000648
1630.0	0.000282	96.5629999638
1630.0	0.000282	96.6100001335
1630.0	0.000282	96.6570000648
1630.0	0.0002818	96.6879999638
1630.0	0.000282	96.7350001335
1640.0	0.0002725	97.0160000324
1640.0	0.0002693	97.0629999638
1640.0	0.0002663	97.0940001011
1640.0	0.000264	97.1410000324
1640.0	0.0002625	97.1879999638
1640.0	0.0002613	97.2190001011
1640.0	0.00026	97.2660000324
1640.0	0.000259	97.2969999313
1640.0	0.0002583	97.3440001011
1640.0	0.000258	97.3910000324
1640.0	0.0002578	97.4379999638
1640.0	0.0002578	97.4850001335
1640.0	0.0002575	97.5160000324
1640.0	0.0002575	97.5629999638
1640.0	0.000257	97.5940001011
1640.0	0.000257	97.6410000324
1640.0	0.0002568	97.6879999638
1640.0	0.0002568	97.7190001011
1640.0	0.0002568	97.7660000324
1640.0	0.000257	97.7969999313
1640.0	0.000257	97.8440001011
1640.0	0.000257	97.8910000324
1640.0	0.000257	97.9219999313
1640.0	0.0002575	97.9690001011
1650.0	0.0002483	98.25
1650.0	0.0002453	98.2969999313
1650.0	0.0002425	98.3289999962
1650.0	0.0002403	98.375
1650.0	0.0002388	98.4219999313
1650.0	0.000237	98.4539999962
1650.0	0.0002358	98.5
1650.0	0.000235	98.5469999313
1650.0	0.0002343	98.5789999962
1650.0	0.000234	98.625
1650.0	0.0002338	98.6570000648
1650.0	0.0002338	98.7039999962
1650.0	0.0002333	98.75
1650.0	0.000233	98.7820000648
1650.0	0.000233	98.8289999962
1650.0	0.000233	98.875
1650.0	0.000233	98.9070000648
1650.0	0.000233	98.9539999962
1650.0	0.000233	99.0
1650.0	0.0002328	99.0320000648
1650.0	0.0002325	99.0789999962
1650.0	0.0002325	99.125
1650.0	0.0002328	99.1570000648
1650.0	0.0002325	99.2039999962
1660.0	0.000225	99.4850001335
1660.0	0.0002218	99.5320000648
1660.0	0.0002193	99.5629999638
1660.0	0.0002175	99.6100001335
1660.0	0.0002158	99.6570000648
1660.0	0.0002143	99.6879999638
1660.0	0.0002133	99.7350001335
1660.0	0.0002128	99.7660000324
1660.0	0.0002125	99.8129999638
1660.0	0.000212	99.8600001335
1660.0	0.0002118	99.8910000324
1660.0	0.0002118	99.9379999638
1660.0	0.0002118	99.9850001335
1660.0	0.0002118	100.016000032
1660.0	0.0002118	100.062999964
1660.0	0.0002115	100.110000134
1660.0	0.0002115	100.141000032
1660.0	0.0002115	100.187999964
1660.0	0.0002115	100.235000134
1660.0	0.0002113	100.266000032
1660.0	0.0002115	100.312999964
1660.0	0.0002113	100.360000134
1660.0	0.0002113	100.391000032
1660.0	0.0002113	100.437999964
1670.0	0.0002033	100.719000101
1670.0	0.0002008	100.766000032
1670.0	0.0001988	100.796999931
1670.0	0.000197	100.844000101
1670.0	0.0001955	100.875
1670.0	0.0001945	100.921999931
1670.0	0.000194	100.969000101
1670.0	0.0001933	101.0
1670.0	0.000193	101.046999931
1670.0	0.0001928	101.094000101
1670.0	0.0001925	101.125
1670.0	0.000192	101.171999931
1670.0	0.000192	101.203999996
1670.0	0.000192	101.25
1670.0	0.0001925	101.296999931
1670.0	0.0001925	101.328999996
1670.0	0.0001925	101.375
1670.0	0.0001925	101.421999931
1670.0	0.000192	101.453999996
1670.0	0.000192	101.5
1670.0	0.0001918	101.546999931
1670.0	0.0001915	101.578999996
1670.0	0.0001915	101.625
1670.0	0.0001915	101.671999931
1680.0	0.000185	101.953999996
1680.0	0.0001828	102.0
1680.0	0.0001808	102.032000065
1680.0	0.0001793	102.078999996
1680.0	0.000178	102.125
1680.0	0.0001768	102.157000065
1680.0	0.0001758	102.203999996
1680.0	0.0001753	102.25
1680.0	0.000175	102.282000065
1680.0	0.0001745	102.328999996
1680.0	0.0001745	102.375
1680.0	0.0001743	102.407000065
1680.0	0.0001743	102.453999996
1680.0	0.0001743	102.485000134
1680.0	0.0001743	102.532000065
1680.0	0.000174	102.578999996
1680.0	0.000174	102.610000134
1680.0	0.0001738	102.657000065
1680.0	0.0001738	102.703999996
1680.0	0.0001738	102.735000134
1680.0	0.0001733	102.782000065
1680.0	0.0001733	102.812999964
1680.0	0.0001733	102.860000134
1680.0	0.0001733	102.907000065
1690.0	0.0001678	103.187999964
1690.0	0.0001658	103.235000134
1690.0	0.0001643	103.266000032
1690.0	0.000163	103.312999964
1690.0	0.0001618	103.360000134
1690.0	0.0001608	103.391000032
1690.0	0.0001603	103.437999964
1690.0	0.0001595	103.485000134
1690.0	0.0001593	103.516000032
1690.0	0.0001593	103.562999964
1690.0	0.0001593	103.594000101
1690.0	0.0001593	103.641000032
1690.0	0.000159	103.687999964
1690.0	0.000159	103.719000101
1690.0	0.0001588	103.766000032
1690.0	0.0001588	103.812999964
1690.0	0.000159	103.844000101
1690.0	0.000159	103.891000032
1690.0	0.000159	103.921999931
1690.0	0.000159	103.969000101
1690.0	0.0001588	104.016000032
1690.0	0.000159	104.046999931
1690.0	0.0001588	104.094000101
1690.0	0.0001588	104.141000032
1700.0	0.000154	104.421999931
1700.0	0.0001518	104.469000101
1700.0	0.0001503	104.5
1700.0	0.000149	104.546999931
1700.0	0.000148	104.594000101
1700.0	0.0001475	104.625
1700.0	0.0001468	104.671999931
1700.0	0.0001465	104.703999996
1700.0	0.0001463	104.75
1700.0	0.0001458	104.796999931
1700.0	0.0001458	104.828999996
1700.0	0.0001455	104.875
1700.0	0.0001453	104.921999931
1700.0	0.0001453	104.953999996
1700.0	0.000145	105.0
1700.0	0.000145	105.032000065
1700.0	0.000145	105.078999996
1700.0	0.0001445	105.125
1700.0	0.0001445	105.157000065
1700.0	0.0001443	105.203999996
1700.0	0.0001443	105.25
1700.0	0.0001443	105.282000065
1700.0	0.0001443	105.328999996
1700.0	0.0001443	105.360000134
1710.0	0.00014	105.657000065
1710.0	0.000138	105.687999964
1710.0	0.0001368	105.735000134
1710.0	0.0001355	105.782000065
1710.0	0.0001345	105.812999964
1710.0	0.000134	105.860000134
1710.0	0.0001333	105.907000065
1710.0	0.000133	105.937999964
1710.0	0.0001328	105.985000134
1710.0	0.0001325	106.032000065
1710.0	0.0001325	106.062999964
1710.0	0.000132	106.110000134
1710.0	0.000132	106.141000032
1710.0	0.0001318	106.187999964
1710.0	0.0001318	106.235000134
1710.0	0.0001315	106.266000032
1710.0	0.0001318	106.312999964
1710.0	0.0001318	106.360000134
1710.0	0.0001318	106.391000032
1710.0	0.0001318	106.437999964
1710.0	0.0001318	106.469000101
1710.0	0.0001318	106.516000032
1710.0	0.000132	106.562999964
1710.0	0.0001318	106.594000101
1710.0	0.000132	106.641000032
1720.0	0.000128	106.921999931
1720.0	0.0001265	106.969000101
1720.0	0.000125	107.016000032
1720.0	0.000124	107.046999931
1720.0	0.000123	107.094000101
1720.0	0.0001225	107.125
1720.0	0.000122	107.171999931
1720.0	0.0001218	107.219000101
1720.0	0.0001213	107.25
1720.0	0.0001213	107.296999931
1720.0	0.0001213	107.344000101
1720.0	0.0001213	107.375
1720.0	0.0001208	107.421999931
1720.0	0.0001208	107.469000101
1720.0	0.0001208	107.5
1720.0	0.0001208	107.546999931
1720.0	0.0001208	107.578999996
1720.0	0.0001205	107.625
1720.0	0.0001205	107.671999931
1720.0	0.0001208	107.703999996
1720.0	0.0001208	107.75
1720.0	0.0001208	107.796999931
1720.0	0.0001208	107.828999996
1720.0	0.0001208	107.875
1720.0	0.0001208	107.907000065
1730.0	0.0001155	108.203999996
1730.0	0.0001138	108.25
1730.0	0.0001125	108.282000065
1730.0	0.0001115	108.328999996
1730.0	0.0001113	108.375
1730.0	0.0001105	108.407000065
1730.0	0.0001103	108.453999996
1730.0	0.0001103	108.5
1730.0	0.00011	108.532000065
1730.0	0.0001095	108.578999996
1730.0	0.00011	108.625
1730.0	0.0001095	108.657000065
1730.0	0.0001095	108.703999996
1730.0	0.0001095	108.75
1730.0	0.0001095	108.782000065
1730.0	0.0001095	108.828999996
1730.0	0.00011	108.860000134
1730.0	0.00011	108.907000065
1730.0	0.0001095	108.953999996
1730.0	0.0001095	108.985000134
1730.0	0.0001095	109.032000065
1730.0	0.0001095	109.078999996
1730.0	0.0001095	109.110000134
1730.0	0.0001095	109.157000065
1740.0	0.0001058	109.453999996
1740.0	0.0001045	109.485000134
1740.0	0.0001038	109.532000065
1740.0	0.0001028	109.578999996
1740.0	0.000102	109.610000134
1740.0	0.0001015	109.657000065
1740.0	0.0001008	109.703999996
1740.0	0.0001005	109.735000134
1740.0	0.0001003	109.782000065
1740.0	0.0001003	109.812999964
1740.0	0.0001003	109.860000134
1740.0	0.0001	109.907000065
1740.0	0.0001	109.937999964
1740.0	0.0001	109.985000134
1740.0	0.0001	110.032000065
1740.0	9.95e-05	110.062999964
1740.0	9.95e-05	110.110000134
1740.0	9.93e-05	110.141000032
1740.0	9.93e-05	110.187999964
1740.0	9.93e-05	110.235000134
1740.0	9.93e-05	110.266000032
1740.0	9.93e-05	110.312999964
1740.0	9.93e-05	110.360000134
1740.0	9.93e-05	110.391000032
1740.0	9.95e-05	110.437999964
1750.0	9.58e-05	110.735000134
1750.0	9.45e-05	110.766000032
1750.0	9.33e-05	110.812999964
1750.0	9.25e-05	110.860000134
1750.0	9.18e-05	110.891000032
1750.0	9.13e-05	110.937999964
1750.0	9.08e-05	110.985000134
1750.0	9.05e-05	111.016000032
1750.0	9.03e-05	111.062999964
1750.0	8.95e-05	111.110000134
1750.0	8.93e-05	111.141000032
1750.0	8.93e-05	111.187999964
1750.0	8.93e-05	111.235000134
1750.0	8.93e-05	111.266000032
1750.0	8.95e-05	111.312999964
1750.0	8.95e-05	111.344000101
1750.0	8.95e-05	111.391000032
1750.0	9e-05	111.437999964
1750.0	9e-05	111.469000101
1750.0	9e-05	111.516000032
1750.0	9e-05	111.562999964
1750.0	8.95e-05	111.594000101
1750.0	8.95e-05	111.641000032
1750.0	8.95e-05	111.671999931
1760.0	8.65e-05	111.985000134
1760.0	8.53e-05	112.016000032
1760.0	8.43e-05	112.062999964
1760.0	8.33e-05	112.110000134
1760.0	8.28e-05	112.141000032
1760.0	8.25e-05	112.187999964
1760.0	8.2e-05	112.219000101
1760.0	8.2e-05	112.266000032
1760.0	8.18e-05	112.312999964
1760.0	8.18e-05	112.344000101
1760.0	8.15e-05	112.391000032
1760.0	8.15e-05	112.437999964
1760.0	8.15e-05	112.469000101
1760.0	8.13e-05	112.516000032
1760.0	8.13e-05	112.562999964
1760.0	8.13e-05	112.594000101
1760.0	8.08e-05	112.641000032
1760.0	8.08e-05	112.687999964
1760.0	8.13e-05	112.719000101
1760.0	8.13e-05	112.766000032
1760.0	8.15e-05	112.796999931
1760.0	8.13e-05	112.844000101
1760.0	8.13e-05	112.891000032
1760.0	8.08e-05	112.921999931
1760.0	8.08e-05	112.969000101
1770.0	7.78e-05	113.266000032
1770.0	7.63e-05	113.312999964
1770.0	7.53e-05	113.360000134
1770.0	7.43e-05	113.391000032
1770.0	7.38e-05	113.437999964
1770.0	7.3e-05	113.485000134
1770.0	7.28e-05	113.516000032
1770.0	7.25e-05	113.562999964
1770.0	7.2e-05	113.610000134
1770.0	7.2e-05	113.641000032
1770.0	7.18e-05	113.687999964
1770.0	7.18e-05	113.719000101
1770.0	7.18e-05	113.766000032
1770.0	7.18e-05	113.812999964
1770.0	7.18e-05	113.860000134
1770.0	7.18e-05	113.891000032
1770.0	7.15e-05	113.937999964
1770.0	7.15e-05	113.969000101
1770.0	7.15e-05	114.016000032
1770.0	7.15e-05	114.062999964
1770.0	7.15e-05	114.094000101
1770.0	7.15e-05	114.141000032
1770.0	7.18e-05	114.187999964
1770.0	7.18e-05	114.219000101
1770.0	7.15e-05	114.266000032
1780.0	6.83e-05	114.562999964
1780.0	6.75e-05	114.610000134
1780.0	6.68e-05	114.657000065
1780.0	6.63e-05	114.687999964
1780.0	6.58e-05	114.735000134
1780.0	6.55e-05	114.766000032
1780.0	6.53e-05	114.812999964
1780.0	6.5e-05	114.860000134
1780.0	6.5e-05	114.891000032
1780.0	6.5e-05	114.937999964
1780.0	6.45e-05	114.985000134
1780.0	6.43e-05	115.016000032
1780.0	6.43e-05	115.062999964
1780.0	6.43e-05	115.094000101
1780.0	6.45e-05	115.141000032
1780.0	6.45e-05	115.187999964
1780.0	6.45e-05	115.219000101
1780.0	6.43e-05	115.266000032
1780.0	6.43e-05	115.312999964
1780.0	6.43e-05	115.344000101
1780.0	6.4e-05	115.391000032
1780.0	6.38e-05	115.421999931
1780.0	6.4e-05	115.469000101
1780.0	6.4e-05	115.516000032
1780.0	6.43e-05	115.546999931
1790.0	6.05e-05	115.860000134
1790.0	5.93e-05	115.891000032
1790.0	5.88e-05	115.937999964
1790.0	5.78e-05	115.985000134
1790.0	5.7e-05	116.016000032
1790.0	5.68e-05	116.062999964
1790.0	5.63e-05	116.110000134
1790.0	5.58e-05	116.141000032
1790.0	5.58e-05	116.187999964
1790.0	5.58e-05	116.235000134
1790.0	5.55e-05	116.266000032
1790.0	5.58e-05	116.312999964
1790.0	5.58e-05	116.344000101
1790.0	5.58e-05	116.391000032
1790.0	5.58e-05	116.437999964
1790.0	5.58e-05	116.469000101
1790.0	5.58e-05	116.516000032
1790.0	5.58e-05	116.546999931
1790.0	5.58e-05	116.594000101
1790.0	5.58e-05	116.641000032
1790.0	5.58e-05	116.671999931
1790.0	5.58e-05	116.719000101
1790.0	5.58e-05	116.766000032
1790.0	5.58e-05	116.796999931
1790.0	5.58e-05	116.844000101
1800.0	5.38e-05	117.141000032
1800.0	5.3e-05	117.187999964
1800.0	5.18e-05	117.235000134
1800.0	5.13e-05	117.282000065
1800.0	5.05e-05	117.312999964
1800.0	5.03e-05	117.360000134
1800.0	5e-05	117.391000032
1800.0	4.95e-05	117.437999964
1800.0	4.93e-05	117.485000134
1800.0	4.9e-05	117.516000032
1800.0	4.9e-05	117.562999964
1800.0	4.9e-05	117.610000134
1800.0	4.9e-05	117.641000032
1800.0	4.9e-05	117.687999964
1800.0	4.9e-05	117.719000101
1800.0	4.93e-05	117.766000032
1800.0	4.9e-05	117.812999964
1800.0	4.9e-05	117.844000101
1800.0	4.88e-05	117.891000032
1800.0	4.88e-05	117.937999964
1800.0	4.88e-05	117.969000101
1800.0	4.88e-05	118.016000032
1800.0	4.88e-05	118.062999964
1800.0	4.88e-05	118.094000101
1800.0	4.88e-05	118.141000032
