Your edit line - do NOT delete this line
Wavelength [nm], Voltage [V], Elapsed time [s]
800.0	6.6e-05	6.875
800.0	6.55e-05	6.90599989891
800.0	6.4e-05	6.95299983025
800.0	6.3e-05	7.0
800.0	6.25e-05	7.03099989891
800.0	6.1e-05	7.07799983025
800.0	6e-05	7.125
800.0	5.9e-05	7.15599989891
800.0	5.8e-05	7.20299983025
800.0	5.75e-05	7.23399996758
800.0	5.65e-05	7.28099989891
800.0	5.6e-05	7.32799983025
800.0	5.5e-05	7.35899996758
800.0	5.4e-05	7.40599989891
800.0	5.3e-05	7.45299983025
800.0	5.25e-05	7.48399996758
800.0	5.15e-05	7.53099989891
800.0	5.1e-05	7.56200003624
800.0	5.05e-05	7.60899996758
800.0	5e-05	7.65599989891
800.0	5e-05	7.68700003624
800.0	4.9e-05	7.73399996758
800.0	4.85e-05	7.78099989891
800.0	4.8e-05	7.81200003624
800.0	4.75e-05	7.85899996758
810.0	4.4e-05	8.18700003624
810.0	4.4e-05	8.23399996758
810.0	4.35e-05	8.28099989891
810.0	4.35e-05	8.31200003624
810.0	4.35e-05	8.35899996758
810.0	4.3e-05	8.40599989891
810.0	4.25e-05	8.43700003624
810.0	4.3e-05	8.48399996758
810.0	4.25e-05	8.51499986649
810.0	4.25e-05	8.56200003624
810.0	4.25e-05	8.60899996758
810.0	4.25e-05	8.63999986649
810.0	4.15e-05	8.68700003624
810.0	4.15e-05	8.73399996758
810.0	4.15e-05	8.76499986649
810.0	4.1e-05	8.81200003624
810.0	4.1e-05	8.84299993515
810.0	4.1e-05	8.88999986649
810.0	4.1e-05	8.93700003624
810.0	4.1e-05	8.96799993515
810.0	4.1e-05	9.01499986649
810.0	4.05e-05	9.06200003624
810.0	4.05e-05	9.09299993515
810.0	4.05e-05	9.13999986649
810.0	4e-05	9.18700003624
820.0	4.05e-05	9.51499986649
820.0	4e-05	9.56200003624
820.0	4e-05	9.59299993515
820.0	4e-05	9.63999986649
820.0	4.05e-05	9.68700003624
820.0	4.05e-05	9.71799993515
820.0	4.05e-05	9.76499986649
820.0	4.05e-05	9.79699993134
820.0	4.05e-05	9.84299993515
820.0	4.05e-05	9.88999986649
820.0	4.05e-05	9.92199993134
820.0	4.05e-05	9.96799993515
820.0	4.05e-05	10.0149998665
820.0	4.05e-05	10.0469999313
820.0	4.05e-05	10.0929999352
820.0	4.05e-05	10.1399998665
820.0	4.05e-05	10.1719999313
820.0	4.05e-05	10.2179999352
820.0	4.05e-05	10.25
820.0	4.05e-05	10.2969999313
820.0	4.05e-05	10.3429999352
820.0	4.05e-05	10.375
820.0	4.05e-05	10.4219999313
820.0	4.05e-05	10.4679999352
830.0	4.1e-05	10.7969999313
830.0	4.1e-05	10.8279998302
830.0	4.1e-05	10.875
830.0	4.1e-05	10.9219999313
830.0	4.15e-05	10.9529998302
830.0	4.15e-05	11.0
830.0	4.15e-05	11.0469999313
830.0	4.15e-05	11.0779998302
830.0	4.25e-05	11.125
830.0	4.25e-05	11.1719999313
830.0	4.25e-05	11.2029998302
830.0	4.25e-05	11.25
830.0	4.25e-05	11.2809998989
830.0	4.3e-05	11.3279998302
830.0	4.3e-05	11.375
830.0	4.3e-05	11.4059998989
830.0	4.3e-05	11.4529998302
830.0	4.3e-05	11.4839999676
830.0	4.3e-05	11.5309998989
830.0	4.3e-05	11.5779998302
830.0	4.35e-05	11.6089999676
830.0	4.3e-05	11.6559998989
830.0	4.3e-05	11.7029998302
830.0	4.35e-05	11.7339999676
830.0	4.35e-05	11.7809998989
840.0	4.4e-05	12.1089999676
840.0	4.5e-05	12.1559998989
840.0	4.5e-05	12.1870000362
840.0	4.5e-05	12.2339999676
840.0	4.5e-05	12.2809998989
840.0	4.5e-05	12.3120000362
840.0	4.55e-05	12.3589999676
840.0	4.6e-05	12.4059998989
840.0	4.6e-05	12.4370000362
840.0	4.6e-05	12.4839999676
840.0	4.6e-05	12.5309998989
840.0	4.6e-05	12.5620000362
840.0	4.6e-05	12.6089999676
840.0	4.6e-05	12.6399998665
840.0	4.6e-05	12.6870000362
840.0	4.65e-05	12.7339999676
840.0	4.65e-05	12.7649998665
840.0	4.75e-05	12.8120000362
840.0	4.65e-05	12.8589999676
840.0	4.65e-05	12.8899998665
840.0	4.65e-05	12.9370000362
840.0	4.75e-05	12.9839999676
840.0	4.75e-05	13.0149998665
840.0	4.75e-05	13.0620000362
850.0	4.8e-05	13.3899998665
850.0	4.85e-05	13.4219999313
850.0	4.85e-05	13.4679999352
850.0	4.85e-05	13.5149998665
850.0	4.9e-05	13.5469999313
850.0	5e-05	13.5929999352
850.0	4.9e-05	13.625
850.0	4.9e-05	13.6719999313
850.0	5e-05	13.7179999352
850.0	5e-05	13.75
850.0	5e-05	13.7969999313
850.0	5.05e-05	13.8429999352
850.0	5.05e-05	13.875
850.0	5.1e-05	13.9219999313
850.0	5.1e-05	13.9679999352
850.0	5.1e-05	14.0
850.0	5.05e-05	14.0469999313
850.0	5.1e-05	14.0779998302
850.0	5.1e-05	14.125
850.0	5.15e-05	14.1719999313
850.0	5.1e-05	14.2029998302
850.0	5.1e-05	14.25
850.0	5.15e-05	14.2969999313
850.0	5.15e-05	14.3279998302
850.0	5.15e-05	14.375
860.0	5.3e-05	14.6870000362
860.0	5.35e-05	14.7339999676
860.0	5.3e-05	14.7809998989
860.0	5.35e-05	14.8120000362
860.0	5.4e-05	14.8589999676
860.0	5.4e-05	14.8899998665
860.0	5.5e-05	14.9370000362
860.0	5.5e-05	14.9839999676
860.0	5.5e-05	15.0149998665
860.0	5.5e-05	15.0620000362
860.0	5.55e-05	15.1089999676
860.0	5.55e-05	15.1399998665
860.0	5.55e-05	15.1870000362
860.0	5.55e-05	15.2179999352
860.0	5.6e-05	15.2649998665
860.0	5.65e-05	15.3120000362
860.0	5.65e-05	15.3429999352
860.0	5.65e-05	15.3899998665
860.0	5.65e-05	15.4370000362
860.0	5.65e-05	15.4679999352
860.0	5.65e-05	15.5149998665
860.0	5.65e-05	15.5620000362
860.0	5.75e-05	15.5929999352
860.0	5.8e-05	15.6399998665
860.0	5.75e-05	15.6719999313
870.0	5.9e-05	15.9839999676
870.0	5.9e-05	16.0309998989
870.0	6e-05	16.0779998302
870.0	6e-05	16.1089999676
870.0	6e-05	16.1559998989
870.0	6.05e-05	16.1870000362
870.0	6.05e-05	16.2339999676
870.0	6.1e-05	16.2809998989
870.0	6.15e-05	16.3120000362
870.0	6.15e-05	16.3589999676
870.0	6.15e-05	16.4059998989
870.0	6.25e-05	16.4529998302
870.0	6.3e-05	16.4839999676
870.0	6.3e-05	16.5309998989
870.0	6.3e-05	16.5620000362
870.0	6.3e-05	16.6089999676
870.0	6.3e-05	16.6559998989
870.0	6.35e-05	16.6870000362
870.0	6.35e-05	16.7339999676
870.0	6.4e-05	16.7809998989
870.0	6.4e-05	16.8120000362
870.0	6.4e-05	16.8589999676
870.0	6.4e-05	16.8899998665
870.0	6.4e-05	16.9370000362
870.0	6.4e-05	16.9839999676
880.0	6.6e-05	17.2809998989
880.0	6.6e-05	17.3279998302
880.0	6.65e-05	17.375
880.0	6.65e-05	17.4059998989
880.0	6.75e-05	17.4529998302
880.0	6.75e-05	17.5
880.0	6.8e-05	17.5309998989
880.0	6.8e-05	17.5779998302
880.0	6.85e-05	17.6089999676
880.0	6.85e-05	17.6559998989
880.0	6.9e-05	17.7029998302
880.0	6.9e-05	17.7339999676
880.0	6.9e-05	17.7809998989
880.0	6.9e-05	17.8279998302
880.0	7e-05	17.8589999676
880.0	7e-05	17.9059998989
880.0	7.05e-05	17.9370000362
880.0	7.05e-05	17.9839999676
880.0	7.05e-05	18.0309998989
880.0	7.1e-05	18.0620000362
880.0	7.1e-05	18.1089999676
880.0	7.1e-05	18.1559998989
880.0	7.1e-05	18.1870000362
880.0	7.1e-05	18.2339999676
880.0	7.15e-05	18.2809998989
890.0	7.35e-05	18.5779998302
890.0	7.4e-05	18.6089999676
890.0	7.4e-05	18.6559998989
890.0	7.5e-05	18.7029998302
890.0	7.5e-05	18.7339999676
890.0	7.5e-05	18.7809998989
890.0	7.55e-05	18.8120000362
890.0	7.55e-05	18.8589999676
890.0	7.6e-05	18.9059998989
890.0	7.6e-05	18.9370000362
890.0	7.75e-05	18.9839999676
890.0	7.75e-05	19.0309998989
890.0	7.75e-05	19.0620000362
890.0	7.8e-05	19.1089999676
890.0	7.8e-05	19.1399998665
890.0	7.8e-05	19.1870000362
890.0	7.85e-05	19.2339999676
890.0	7.85e-05	19.2649998665
890.0	7.85e-05	19.3120000362
890.0	7.9e-05	19.3589999676
890.0	8e-05	19.3899998665
890.0	8e-05	19.4370000362
890.0	7.9e-05	19.4839999676
890.0	8e-05	19.5149998665
890.0	8.05e-05	19.5620000362
900.0	8.15e-05	19.8589999676
900.0	8.25e-05	19.8899998665
900.0	8.25e-05	19.9370000362
900.0	8.3e-05	19.9839999676
900.0	8.35e-05	20.0149998665
900.0	8.35e-05	20.0620000362
900.0	8.4e-05	20.0929999352
900.0	8.4e-05	20.1399998665
900.0	8.55e-05	20.1870000362
900.0	8.55e-05	20.2179999352
900.0	8.55e-05	20.2649998665
900.0	8.6e-05	20.3120000362
900.0	8.65e-05	20.3429999352
900.0	8.65e-05	20.3899998665
900.0	8.65e-05	20.4370000362
900.0	8.75e-05	20.4679999352
900.0	8.8e-05	20.5149998665
900.0	8.8e-05	20.5469999313
900.0	8.8e-05	20.5929999352
900.0	8.85e-05	20.6399998665
900.0	8.85e-05	20.6719999313
900.0	8.85e-05	20.7179999352
900.0	8.9e-05	20.7649998665
900.0	8.9e-05	20.7969999313
900.0	8.9e-05	20.8429999352
910.0	9.1e-05	21.125
910.0	9.25e-05	21.1719999313
910.0	9.25e-05	21.2179999352
910.0	9.25e-05	21.25
910.0	9.3e-05	21.2969999313
910.0	9.35e-05	21.3429999352
910.0	9.35e-05	21.375
910.0	9.4e-05	21.4219999313
910.0	9.5e-05	21.4679999352
910.0	9.5e-05	21.5
910.0	9.55e-05	21.5469999313
910.0	9.6e-05	21.5779998302
910.0	9.6e-05	21.625
910.0	9.6e-05	21.6719999313
910.0	9.65e-05	21.7029998302
910.0	9.75e-05	21.75
910.0	9.75e-05	21.7969999313
910.0	9.8e-05	21.8279998302
910.0	9.8e-05	21.875
910.0	9.85e-05	21.9059998989
910.0	9.85e-05	21.9529998302
910.0	9.85e-05	22.0
910.0	9.9e-05	22.0309998989
910.0	9.85e-05	22.0779998302
910.0	0.0001	22.125
920.0	0.000101	22.4059998989
920.0	0.0001015	22.4529998302
920.0	0.0001025	22.4839999676
920.0	0.000103	22.5309998989
920.0	0.0001025	22.5779998302
920.0	0.000103	22.6089999676
920.0	0.000103	22.6559998989
920.0	0.0001035	22.7029998302
920.0	0.0001035	22.7339999676
920.0	0.000104	22.7809998989
920.0	0.000105	22.8120000362
920.0	0.000105	22.8589999676
920.0	0.0001055	22.9059998989
920.0	0.0001055	22.9370000362
920.0	0.000106	22.9839999676
920.0	0.000106	23.0309998989
920.0	0.0001065	23.0620000362
920.0	0.000106	23.1089999676
920.0	0.0001065	23.1559998989
920.0	0.0001075	23.1870000362
920.0	0.0001075	23.2339999676
920.0	0.0001075	23.2649998665
920.0	0.0001075	23.3120000362
920.0	0.000108	23.3589999676
930.0	0.0001085	23.6399998665
930.0	0.000109	23.6719999313
930.0	0.000109	23.7179999352
930.0	0.00011	23.7649998665
930.0	0.00011	23.8120000362
930.0	0.00011	23.8429999352
930.0	0.0001105	23.8899998665
930.0	0.0001105	23.9370000362
930.0	0.0001105	23.9679999352
930.0	0.0001105	24.0149998665
930.0	0.000111	24.0620000362
930.0	0.000111	24.0929999352
930.0	0.000111	24.1399998665
930.0	0.000111	24.1870000362
930.0	0.0001115	24.2179999352
930.0	0.0001115	24.2649998665
930.0	0.000111	24.2969999313
930.0	0.0001115	24.3429999352
930.0	0.0001115	24.3899998665
930.0	0.0001115	24.4219999313
930.0	0.0001115	24.4679999352
930.0	0.0001125	24.5149998665
930.0	0.0001125	24.5469999313
930.0	0.0001125	24.5929999352
940.0	0.000113	24.875
940.0	0.000113	24.9059998989
940.0	0.0001125	24.9529998302
940.0	0.0001125	25.0
940.0	0.0001125	25.0309998989
940.0	0.0001125	25.0779998302
940.0	0.0001125	25.1089999676
940.0	0.0001125	25.1559998989
940.0	0.0001125	25.2029998302
940.0	0.0001125	25.2339999676
940.0	0.0001125	25.2809998989
940.0	0.0001115	25.3279998302
940.0	0.0001115	25.3589999676
940.0	0.0001115	25.4059998989
940.0	0.0001115	25.4370000362
940.0	0.0001115	25.4839999676
940.0	0.0001115	25.5309998989
940.0	0.0001115	25.5620000362
940.0	0.0001115	25.6089999676
940.0	0.0001115	25.6559998989
940.0	0.000111	25.6870000362
940.0	0.000111	25.7339999676
940.0	0.000111	25.7649998665
940.0	0.000111	25.8120000362
940.0	0.0001115	25.8589999676
950.0	0.0001115	26.125
950.0	0.0001115	26.1719999313
950.0	0.0001115	26.2179999352
950.0	0.0001125	26.25
950.0	0.0001125	26.2969999313
950.0	0.000113	26.3429999352
950.0	0.000113	26.375
950.0	0.0001135	26.4219999313
950.0	0.0001135	26.4529998302
950.0	0.0001135	26.5
950.0	0.0001135	26.5469999313
950.0	0.000114	26.5779998302
950.0	0.000114	26.625
950.0	0.000115	26.6719999313
950.0	0.000115	26.7029998302
950.0	0.0001155	26.75
950.0	0.0001155	26.7809998989
950.0	0.0001155	26.8279998302
950.0	0.0001155	26.875
950.0	0.000116	26.9059998989
950.0	0.000116	26.9529998302
950.0	0.000116	27.0
950.0	0.000116	27.0309998989
950.0	0.0001175	27.0779998302
950.0	0.0001175	27.1089999676
