Your edit line - do NOT delete this line
Wavelength [nm], Voltage [V], Elapsed time [s]
1000.0	2.202e-05	11.0469999313
1000.0	2.103e-05	11.2969999313
1000.0	2.02e-05	11.5309998989
1000.0	1.938e-05	11.7809998989
1000.0	1.877e-05	12.0309998989
1000.0	1.846e-05	12.2809998989
1000.0	1.82e-05	12.5309998989
1000.0	1.782e-05	12.7660000324
1000.0	1.747e-05	13.0160000324
1000.0	1.727e-05	13.2660000324
1000.0	1.715e-05	13.5160000324
1000.0	1.7e-05	13.75
1000.0	1.688e-05	14.0
1000.0	1.695e-05	14.25
1000.0	1.676e-05	14.5
1000.0	1.683e-05	14.7349998951
1000.0	1.688e-05	14.9849998951
1000.0	1.685e-05	15.2349998951
1000.0	1.681e-05	15.4849998951
1000.0	1.683e-05	15.7349998951
1000.0	1.69e-05	15.9689998627
1010.0	1.725e-05	16.6410000324
1010.0	1.752e-05	16.8910000324
1010.0	1.752e-05	17.1410000324
1010.0	1.756e-05	17.375
1010.0	1.771e-05	17.625
1010.0	1.762e-05	17.875
1010.0	1.762e-05	18.125
1010.0	1.776e-05	18.375
1010.0	1.775e-05	18.6099998951
1010.0	1.768e-05	18.8599998951
1010.0	1.777e-05	19.1099998951
1010.0	1.772e-05	19.3599998951
1010.0	1.777e-05	19.5939998627
1010.0	1.785e-05	19.8439998627
1010.0	1.777e-05	20.0939998627
1010.0	1.77e-05	20.3439998627
1010.0	1.771e-05	20.5939998627
1010.0	1.771e-05	20.8279998302
1010.0	1.766e-05	21.0779998302
1010.0	1.766e-05	21.3279998302
1010.0	1.758e-05	21.5779998302
1020.0	1.797e-05	22.2349998951
1020.0	1.815e-05	22.4849998951
1020.0	1.837e-05	22.7349998951
1020.0	1.837e-05	22.9849998951
1020.0	1.837e-05	23.2349998951
1020.0	1.84e-05	23.4689998627
1020.0	1.837e-05	23.7189998627
1020.0	1.828e-05	23.9689998627
1020.0	1.832e-05	24.2189998627
1020.0	1.827e-05	24.4529998302
1020.0	1.835e-05	24.7029998302
1020.0	1.852e-05	24.9529998302
1020.0	1.86e-05	25.2029998302
1020.0	1.863e-05	25.4529998302
1020.0	1.863e-05	25.6879999638
1020.0	1.875e-05	25.9379999638
1020.0	1.877e-05	26.1879999638
1020.0	1.885e-05	26.4379999638
1020.0	1.881e-05	26.6719999313
1020.0	1.882e-05	26.9219999313
1020.0	1.882e-05	27.1719999313
1030.0	1.902e-05	27.8439998627
1030.0	1.927e-05	28.0939998627
1030.0	1.937e-05	28.3279998302
1030.0	1.945e-05	28.5779998302
1030.0	1.953e-05	28.8279998302
1030.0	1.96e-05	29.0779998302
1030.0	1.96e-05	29.3129999638
1030.0	1.976e-05	29.5629999638
1030.0	1.985e-05	29.8129999638
1030.0	1.983e-05	30.0629999638
1030.0	1.977e-05	30.2969999313
1030.0	1.982e-05	30.5469999313
1030.0	1.977e-05	30.7969999313
1030.0	1.968e-05	31.0469999313
1030.0	1.968e-05	31.2969999313
1030.0	1.977e-05	31.5309998989
1030.0	1.977e-05	31.7809998989
1030.0	1.971e-05	32.0309998989
1030.0	1.956e-05	32.2809998989
1030.0	1.953e-05	32.5160000324
1030.0	1.963e-05	32.7660000324
1040.0	1.965e-05	33.4379999638
1040.0	1.981e-05	33.6719999313
1040.0	2e-05	33.9219999313
1040.0	2.006e-05	34.1719999313
1040.0	2.021e-05	34.4219999313
1040.0	2.043e-05	34.6719999313
1040.0	2.035e-05	34.9059998989
1040.0	2.031e-05	35.1559998989
1040.0	2.026e-05	35.4059998989
1040.0	2.031e-05	35.6559998989
1040.0	2.027e-05	35.9059998989
1040.0	2.028e-05	36.1410000324
1040.0	2.027e-05	36.3910000324
1040.0	2.028e-05	36.6410000324
1040.0	2.037e-05	36.8910000324
1040.0	2.041e-05	37.125
1040.0	2.052e-05	37.375
1040.0	2.051e-05	37.625
1040.0	2.053e-05	37.875
1040.0	2.051e-05	38.1099998951
1040.0	2.047e-05	38.3599998951
1050.0	2.093e-05	39.0309998989
1050.0	2.106e-05	39.2809998989
1050.0	2.125e-05	39.5160000324
1050.0	2.156e-05	39.7660000324
1050.0	2.16e-05	40.0160000324
1050.0	2.16e-05	40.2660000324
1050.0	2.157e-05	40.5
1050.0	2.16e-05	40.75
1050.0	2.156e-05	41.0
1050.0	2.162e-05	41.25
1050.0	2.16e-05	41.4849998951
1050.0	2.17e-05	41.7349998951
1050.0	2.168e-05	41.9849998951
1050.0	2.163e-05	42.2349998951
1050.0	2.176e-05	42.4849998951
1050.0	2.181e-05	42.7189998627
1050.0	2.191e-05	42.9689998627
1050.0	2.195e-05	43.2189998627
1050.0	2.202e-05	43.4689998627
1050.0	2.2e-05	43.7029998302
1050.0	2.19e-05	43.9529998302
1060.0	2.202e-05	44.625
1060.0	2.22e-05	44.875
1060.0	2.233e-05	45.1099998951
1060.0	2.231e-05	45.3599998951
1060.0	2.243e-05	45.6099998951
1060.0	2.247e-05	45.8599998951
1060.0	2.246e-05	46.0939998627
1060.0	2.26e-05	46.3439998627
1060.0	2.268e-05	46.5939998627
1060.0	2.277e-05	46.8439998627
1060.0	2.268e-05	47.0779998302
1060.0	2.272e-05	47.3279998302
1060.0	2.266e-05	47.5779998302
1060.0	2.253e-05	47.8279998302
1060.0	2.263e-05	48.0779998302
1060.0	2.258e-05	48.3129999638
1060.0	2.257e-05	48.5629999638
1060.0	2.25e-05	48.8129999638
1060.0	2.246e-05	49.0629999638
1060.0	2.243e-05	49.2969999313
1060.0	2.241e-05	49.5469999313
1070.0	2.257e-05	50.2189998627
1070.0	2.27e-05	50.4529998302
1070.0	2.296e-05	50.7029998302
1070.0	2.302e-05	50.9529998302
1070.0	2.303e-05	51.2029998302
1070.0	2.3e-05	51.4379999638
1070.0	2.296e-05	51.6879999638
1070.0	2.295e-05	51.9379999638
1070.0	2.293e-05	52.1879999638
1070.0	2.297e-05	52.4219999313
1070.0	2.312e-05	52.6719999313
1070.0	2.326e-05	52.9219999313
1070.0	2.332e-05	53.1719999313
1070.0	2.332e-05	53.4219999313
1070.0	2.331e-05	53.6559998989
1070.0	2.333e-05	53.9059998989
1070.0	2.346e-05	54.1559998989
1070.0	2.346e-05	54.4059998989
1070.0	2.346e-05	54.6410000324
1070.0	2.351e-05	54.8910000324
1070.0	2.347e-05	55.1410000324
1080.0	2.378e-05	55.7969999313
1080.0	2.387e-05	56.0469999313
1080.0	2.401e-05	56.2969999313
1080.0	2.396e-05	56.5469999313
1080.0	2.412e-05	56.7809998989
1080.0	2.421e-05	57.0309998989
1080.0	2.432e-05	57.2809998989
1080.0	2.438e-05	57.5309998989
1080.0	2.438e-05	57.7809998989
1080.0	2.431e-05	58.0160000324
1080.0	2.428e-05	58.2660000324
1080.0	2.431e-05	58.5160000324
1080.0	2.42e-05	58.7660000324
1080.0	2.425e-05	59.0
1080.0	2.435e-05	59.25
1080.0	2.456e-05	59.5
1080.0	2.475e-05	59.75
1080.0	2.475e-05	59.9849998951
1080.0	2.465e-05	60.2349998951
1080.0	2.478e-05	60.4849998951
1080.0	2.462e-05	60.7349998951
1090.0	2.485e-05	61.3910000324
1090.0	2.506e-05	61.6410000324
1090.0	2.51e-05	61.8910000324
1090.0	2.508e-05	62.125
1090.0	2.502e-05	62.375
1090.0	2.508e-05	62.625
1090.0	2.52e-05	62.875
1090.0	2.535e-05	63.1099998951
1090.0	2.543e-05	63.3599998951
1090.0	2.55e-05	63.6099998951
1090.0	2.547e-05	63.8599998951
1090.0	2.54e-05	64.1099998951
1090.0	2.538e-05	64.3439998627
1090.0	2.558e-05	64.5939998627
1090.0	2.553e-05	64.8439998627
1090.0	2.562e-05	65.0939998627
1090.0	2.571e-05	65.3279998302
1090.0	2.558e-05	65.5779998302
1090.0	2.553e-05	65.8279998302
1090.0	2.556e-05	66.0779998302
1090.0	2.541e-05	66.3279998302
1100.0	2.562e-05	66.9849998951
1100.0	2.571e-05	67.2349998951
1100.0	2.588e-05	67.4689998627
1100.0	2.612e-05	67.7189998627
1100.0	2.62e-05	67.9689998627
1100.0	2.631e-05	68.2189998627
1100.0	2.64e-05	68.4529998302
1100.0	2.641e-05	68.7029998302
1100.0	2.631e-05	68.9529998302
1100.0	2.628e-05	69.2029998302
1100.0	2.628e-05	69.4529998302
1100.0	2.621e-05	69.6879999638
1100.0	2.62e-05	69.9379999638
1100.0	2.632e-05	70.1879999638
1100.0	2.641e-05	70.4379999638
1100.0	2.635e-05	70.6719999313
1100.0	2.646e-05	70.9219999313
1100.0	2.653e-05	71.1719999313
1100.0	2.665e-05	71.4219999313
1100.0	2.666e-05	71.6559998989
1100.0	2.665e-05	71.9059998989
1110.0	2.671e-05	72.5629999638
1110.0	2.681e-05	72.8129999638
1110.0	2.696e-05	73.0629999638
1110.0	2.71e-05	73.3129999638
1110.0	2.707e-05	73.5469999313
1110.0	2.712e-05	73.7969999313
1110.0	2.71e-05	74.0469999313
1110.0	2.708e-05	74.2969999313
1110.0	2.708e-05	74.5309998989
1110.0	2.712e-05	74.7809998989
1110.0	2.707e-05	75.0309998989
1110.0	2.712e-05	75.2809998989
1110.0	2.706e-05	75.5309998989
1110.0	2.69e-05	75.7660000324
1110.0	2.681e-05	76.0160000324
1110.0	2.691e-05	76.2660000324
1110.0	2.707e-05	76.5160000324
1110.0	2.706e-05	76.75
1110.0	2.706e-05	77.0
1110.0	2.708e-05	77.25
1110.0	2.71e-05	77.5
1120.0	2.721e-05	78.1559998989
1120.0	2.74e-05	78.4059998989
1120.0	2.743e-05	78.6410000324
1120.0	2.745e-05	78.8910000324
1120.0	2.746e-05	79.1410000324
1120.0	2.753e-05	79.3910000324
1120.0	2.75e-05	79.625
1120.0	2.743e-05	79.875
1120.0	2.743e-05	80.125
1120.0	2.74e-05	80.375
1120.0	2.745e-05	80.625
1120.0	2.751e-05	80.8599998951
1120.0	2.758e-05	81.1099998951
1120.0	2.762e-05	81.3599998951
1120.0	2.763e-05	81.6099998951
1120.0	2.768e-05	81.8439998627
1120.0	2.772e-05	82.0939998627
1120.0	2.782e-05	82.3439998627
1120.0	2.778e-05	82.5939998627
1120.0	2.775e-05	82.8279998302
1120.0	2.783e-05	83.0779998302
1130.0	2.821e-05	83.7349998951
1130.0	2.84e-05	83.9849998951
1130.0	2.856e-05	84.2349998951
1130.0	2.852e-05	84.4849998951
1130.0	2.865e-05	84.7189998627
1130.0	2.89e-05	84.9689998627
1130.0	2.887e-05	85.2189998627
1130.0	2.896e-05	85.4689998627
1130.0	2.895e-05	85.7029998302
1130.0	2.888e-05	85.9529998302
1130.0	2.883e-05	86.2029998302
1130.0	2.876e-05	86.4529998302
1130.0	2.87e-05	86.7029998302
1130.0	2.882e-05	86.9379999638
1130.0	2.882e-05	87.1879999638
1130.0	2.888e-05	87.4379999638
1130.0	2.885e-05	87.6879999638
1130.0	2.885e-05	87.9219999313
1130.0	2.877e-05	88.1719999313
1130.0	2.875e-05	88.4219999313
1130.0	2.878e-05	88.6719999313
1140.0	2.9e-05	89.3279998302
1140.0	2.9e-05	89.5779998302
1140.0	2.92e-05	89.8129999638
1140.0	2.926e-05	90.0629999638
1140.0	2.938e-05	90.3129999638
1140.0	2.94e-05	90.5629999638
1140.0	2.945e-05	90.7969999313
1140.0	2.945e-05	91.0469999313
1140.0	2.928e-05	91.2969999313
1140.0	2.927e-05	91.5469999313
1140.0	2.926e-05	91.7969999313
1140.0	2.935e-05	92.0309998989
1140.0	2.927e-05	92.2809998989
1140.0	2.933e-05	92.5309998989
1140.0	2.946e-05	92.7809998989
1140.0	2.956e-05	93.0160000324
1140.0	2.947e-05	93.2660000324
1140.0	2.946e-05	93.5160000324
1140.0	2.945e-05	93.7660000324
1140.0	2.958e-05	94.0
1140.0	2.953e-05	94.25
1150.0	2.96e-05	94.9059998989
1150.0	2.965e-05	95.1559998989
1150.0	2.976e-05	95.4059998989
1150.0	2.977e-05	95.6559998989
1150.0	2.976e-05	95.8910000324
1150.0	2.981e-05	96.1410000324
1150.0	2.99e-05	96.3910000324
1150.0	2.99e-05	96.6410000324
1150.0	2.978e-05	96.875
1150.0	2.968e-05	97.125
1150.0	2.966e-05	97.375
1150.0	2.985e-05	97.625
1150.0	2.99e-05	97.875
1150.0	2.991e-05	98.1099998951
1150.0	3e-05	98.3599998951
1150.0	3.015e-05	98.6099998951
1150.0	3.016e-05	98.8599998951
1150.0	3.007e-05	99.0939998627
1150.0	3.001e-05	99.3439998627
1150.0	3.001e-05	99.5939998627
1150.0	3.001e-05	99.8439998627
1160.0	3.016e-05	100.5
1160.0	3.025e-05	100.75
1160.0	3.027e-05	100.984999895
1160.0	3.027e-05	101.234999895
1160.0	3.031e-05	101.484999895
1160.0	3.032e-05	101.734999895
1160.0	3.04e-05	101.968999863
1160.0	3.051e-05	102.218999863
1160.0	3.058e-05	102.468999863
1160.0	3.071e-05	102.718999863
1160.0	3.076e-05	102.95299983
1160.0	3.075e-05	103.20299983
1160.0	3.088e-05	103.45299983
1160.0	3.09e-05	103.70299983
1160.0	3.1e-05	103.95299983
1160.0	3.088e-05	104.187999964
1160.0	3.085e-05	104.437999964
1160.0	3.078e-05	104.687999964
1160.0	3.085e-05	104.937999964
1160.0	3.071e-05	105.171999931
1160.0	3.078e-05	105.421999931
1170.0	3.072e-05	106.07799983
1170.0	3.076e-05	106.32799983
1170.0	3.081e-05	106.57799983
1170.0	3.07e-05	106.82799983
1170.0	3.076e-05	107.062999964
1170.0	3.081e-05	107.312999964
1170.0	3.085e-05	107.562999964
1170.0	3.1e-05	107.812999964
1170.0	3.097e-05	108.046999931
1170.0	3.09e-05	108.296999931
1170.0	3.082e-05	108.546999931
1170.0	3.068e-05	108.796999931
1170.0	3.072e-05	109.046999931
1170.0	3.072e-05	109.280999899
1170.0	3.077e-05	109.530999899
1170.0	3.075e-05	109.780999899
1170.0	3.07e-05	110.030999899
1170.0	3.07e-05	110.266000032
1170.0	3.071e-05	110.516000032
1170.0	3.078e-05	110.766000032
1170.0	3.077e-05	111.016000032
1180.0	3.09e-05	111.671999931
1180.0	3.096e-05	111.921999931
1180.0	3.102e-05	112.155999899
1180.0	3.101e-05	112.405999899
1180.0	3.108e-05	112.655999899
1180.0	3.118e-05	112.905999899
1180.0	3.115e-05	113.141000032
1180.0	3.125e-05	113.391000032
1180.0	3.138e-05	113.641000032
1180.0	3.143e-05	113.891000032
1180.0	3.156e-05	114.125
1180.0	3.15e-05	114.375
1180.0	3.152e-05	114.625
1180.0	3.147e-05	114.875
1180.0	3.133e-05	115.125
1180.0	3.128e-05	115.359999895
1180.0	3.133e-05	115.609999895
1180.0	3.121e-05	115.859999895
1180.0	3.113e-05	116.109999895
1180.0	3.116e-05	116.343999863
1180.0	3.132e-05	116.593999863
1190.0	3.151e-05	117.25
1190.0	3.153e-05	117.5
1190.0	3.158e-05	117.75
1190.0	3.166e-05	118.0
1190.0	3.171e-05	118.234999895
1190.0	3.166e-05	118.484999895
1190.0	3.156e-05	118.734999895
1190.0	3.145e-05	118.984999895
1190.0	3.145e-05	119.218999863
1190.0	3.137e-05	119.468999863
1190.0	3.121e-05	119.718999863
1190.0	3.128e-05	119.968999863
1190.0	3.135e-05	120.218999863
1190.0	3.15e-05	120.45299983
1190.0	3.15e-05	120.70299983
1190.0	3.14e-05	120.95299983
1190.0	3.133e-05	121.20299983
1190.0	3.128e-05	121.437999964
1190.0	3.125e-05	121.687999964
1190.0	3.131e-05	121.937999964
1190.0	3.143e-05	122.187999964
1200.0	3.158e-05	122.82799983
1200.0	3.17e-05	123.07799983
1200.0	3.172e-05	123.32799983
1200.0	3.171e-05	123.57799983
1200.0	3.171e-05	123.82799983
1200.0	3.171e-05	124.062999964
1200.0	3.178e-05	124.312999964
1200.0	3.193e-05	124.562999964
1200.0	3.196e-05	124.812999964
1200.0	3.191e-05	125.046999931
1200.0	3.187e-05	125.296999931
1200.0	3.181e-05	125.546999931
1200.0	3.177e-05	125.796999931
1200.0	3.176e-05	126.046999931
1200.0	3.165e-05	126.280999899
1200.0	3.165e-05	126.530999899
1200.0	3.168e-05	126.780999899
1200.0	3.168e-05	127.030999899
1200.0	3.17e-05	127.266000032
1200.0	3.183e-05	127.516000032
1200.0	3.188e-05	127.766000032
1210.0	3.191e-05	128.421999931
1210.0	3.2e-05	128.671999931
1210.0	3.212e-05	128.905999899
1210.0	3.217e-05	129.155999899
1210.0	3.206e-05	129.405999899
1210.0	3.188e-05	129.655999899
1210.0	3.175e-05	129.891000032
1210.0	3.181e-05	130.141000032
1210.0	3.182e-05	130.391000032
1210.0	3.176e-05	130.641000032
1210.0	3.177e-05	130.875
1210.0	3.187e-05	131.125
1210.0	3.195e-05	131.375
1210.0	3.195e-05	131.625
1210.0	3.191e-05	131.875
1210.0	3.195e-05	132.109999895
1210.0	3.187e-05	132.359999895
1210.0	3.191e-05	132.609999895
1210.0	3.183e-05	132.859999895
1210.0	3.177e-05	133.093999863
1210.0	3.188e-05	133.343999863
1220.0	3.206e-05	134.0
1220.0	3.205e-05	134.25
1220.0	3.2e-05	134.5
1220.0	3.198e-05	134.734999895
1220.0	3.196e-05	134.984999895
1220.0	3.182e-05	135.234999895
1220.0	3.182e-05	135.484999895
1220.0	3.183e-05	135.718999863
1220.0	3.183e-05	135.968999863
1220.0	3.182e-05	136.218999863
1220.0	3.187e-05	136.468999863
1220.0	3.196e-05	136.70299983
1220.0	3.206e-05	136.95299983
1220.0	3.197e-05	137.20299983
1220.0	3.198e-05	137.45299983
1220.0	3.19e-05	137.687999964
1220.0	3.195e-05	137.937999964
1220.0	3.19e-05	138.187999964
1220.0	3.187e-05	138.437999964
1220.0	3.182e-05	138.687999964
1220.0	3.19e-05	138.921999931
1230.0	3.196e-05	139.57799983
1230.0	3.197e-05	139.82799983
1230.0	3.196e-05	140.07799983
1230.0	3.206e-05	140.312999964
1230.0	3.191e-05	140.562999964
1230.0	3.187e-05	140.812999964
1230.0	3.188e-05	141.062999964
1230.0	3.187e-05	141.312999964
1230.0	3.188e-05	141.546999931
1230.0	3.182e-05	141.796999931
1230.0	3.191e-05	142.046999931
1230.0	3.202e-05	142.296999931
1230.0	3.207e-05	142.530999899
1230.0	3.212e-05	142.780999899
1230.0	3.221e-05	143.030999899
1230.0	3.218e-05	143.280999899
1230.0	3.226e-05	143.530999899
1230.0	3.245e-05	143.766000032
1230.0	3.251e-05	144.016000032
1230.0	3.255e-05	144.266000032
1230.0	3.242e-05	144.516000032
1240.0	3.213e-05	145.155999899
1240.0	3.201e-05	145.405999899
1240.0	3.208e-05	145.655999899
1240.0	3.218e-05	145.905999899
1240.0	3.225e-05	146.141000032
1240.0	3.217e-05	146.391000032
1240.0	3.212e-05	146.641000032
1240.0	3.218e-05	146.891000032
1240.0	3.211e-05	147.141000032
1240.0	3.2e-05	147.375
1240.0	3.202e-05	147.625
1240.0	3.218e-05	147.875
1240.0	3.212e-05	148.125
1240.0	3.206e-05	148.359999895
1240.0	3.207e-05	148.609999895
1240.0	3.201e-05	148.859999895
1240.0	3.208e-05	149.109999895
1240.0	3.206e-05	149.359999895
1240.0	3.207e-05	149.593999863
1240.0	3.218e-05	149.843999863
1240.0	3.223e-05	150.093999863
1250.0	3.245e-05	150.75
1250.0	3.245e-05	151.0
1250.0	3.23e-05	151.234999895
1250.0	3.238e-05	151.484999895
1250.0	3.232e-05	151.734999895
1250.0	3.233e-05	151.984999895
1250.0	3.242e-05	152.234999895
1250.0	3.226e-05	152.468999863
1250.0	3.223e-05	152.718999863
1250.0	3.22e-05	152.968999863
1250.0	3.217e-05	153.218999863
1250.0	3.225e-05	153.45299983
1250.0	3.238e-05	153.70299983
1250.0	3.251e-05	153.95299983
1250.0	3.255e-05	154.20299983
1250.0	3.242e-05	154.437999964
1250.0	3.245e-05	154.687999964
1250.0	3.246e-05	154.937999964
1250.0	3.245e-05	155.187999964
1250.0	3.226e-05	155.437999964
1250.0	3.211e-05	155.671999931
1260.0	3.187e-05	156.32799983
1260.0	3.183e-05	156.57799983
1260.0	3.185e-05	156.82799983
1260.0	3.183e-05	157.07799983
1260.0	3.19e-05	157.312999964
1260.0	3.201e-05	157.562999964
1260.0	3.207e-05	157.812999964
1260.0	3.208e-05	158.062999964
1260.0	3.225e-05	158.312999964
1260.0	3.218e-05	158.546999931
1260.0	3.225e-05	158.796999931
1260.0	3.245e-05	159.046999931
1260.0	3.24e-05	159.296999931
1260.0	3.226e-05	159.530999899
1260.0	3.223e-05	159.780999899
1260.0	3.213e-05	160.030999899
1260.0	3.206e-05	160.280999899
1260.0	3.205e-05	160.516000032
1260.0	3.205e-05	160.766000032
1260.0	3.195e-05	161.016000032
1260.0	3.197e-05	161.266000032
1270.0	3.213e-05	161.921999931
1270.0	3.206e-05	162.171999931
1270.0	3.205e-05	162.421999931
1270.0	3.195e-05	162.655999899
1270.0	3.188e-05	162.905999899
1270.0	3.178e-05	163.155999899
1270.0	3.171e-05	163.405999899
1270.0	3.171e-05	163.655999899
1270.0	3.157e-05	163.891000032
1270.0	3.163e-05	164.141000032
1270.0	3.156e-05	164.391000032
1270.0	3.15e-05	164.641000032
1270.0	3.147e-05	164.875
1270.0	3.147e-05	165.125
1270.0	3.138e-05	165.375
1270.0	3.126e-05	165.625
1270.0	3.131e-05	165.875
1270.0	3.14e-05	166.109999895
1270.0	3.146e-05	166.359999895
1270.0	3.138e-05	166.609999895
1270.0	3.135e-05	166.859999895
1280.0	3.128e-05	167.516000032
1280.0	3.11e-05	167.766000032
1280.0	3.112e-05	168.0
1280.0	3.103e-05	168.25
1280.0	3.096e-05	168.5
1280.0	3.082e-05	168.75
1280.0	3.076e-05	168.984999895
1280.0	3.075e-05	169.234999895
1280.0	3.056e-05	169.484999895
1280.0	3.057e-05	169.734999895
1280.0	3.066e-05	169.984999895
1280.0	3.062e-05	170.218999863
1280.0	3.071e-05	170.468999863
1280.0	3.078e-05	170.718999863
1280.0	3.077e-05	170.968999863
1280.0	3.072e-05	171.20299983
1280.0	3.062e-05	171.45299983
1280.0	3.05e-05	171.70299983
1280.0	3.046e-05	171.95299983
1280.0	3.06e-05	172.20299983
1280.0	3.068e-05	172.437999964
1290.0	3.046e-05	173.093999863
1290.0	3.022e-05	173.343999863
1290.0	3.003e-05	173.593999863
1290.0	3.006e-05	173.843999863
1290.0	2.99e-05	174.07799983
1290.0	2.982e-05	174.32799983
1290.0	2.982e-05	174.57799983
1290.0	2.987e-05	174.82799983
1290.0	3.001e-05	175.07799983
1290.0	3.002e-05	175.312999964
1290.0	3e-05	175.562999964
1290.0	2.988e-05	175.812999964
1290.0	2.993e-05	176.062999964
1290.0	3.002e-05	176.296999931
1290.0	3.003e-05	176.546999931
1290.0	2.993e-05	176.796999931
1290.0	2.982e-05	177.046999931
1290.0	2.976e-05	177.296999931
1290.0	2.975e-05	177.530999899
1290.0	2.97e-05	177.780999899
1290.0	2.965e-05	178.030999899
1300.0	2.94e-05	178.687999964
1300.0	2.932e-05	178.937999964
1300.0	2.913e-05	179.171999931
1300.0	2.891e-05	179.421999931
1300.0	2.883e-05	179.671999931
1300.0	2.888e-05	179.921999931
1300.0	2.877e-05	180.171999931
1300.0	2.882e-05	180.405999899
1300.0	2.865e-05	180.655999899
1300.0	2.872e-05	180.905999899
1300.0	2.887e-05	181.155999899
1300.0	2.883e-05	181.391000032
1300.0	2.877e-05	181.641000032
1300.0	2.883e-05	181.891000032
1300.0	2.881e-05	182.141000032
1300.0	2.887e-05	182.375
1300.0	2.875e-05	182.625
1300.0	2.877e-05	182.875
1300.0	2.863e-05	183.125
1300.0	2.845e-05	183.375
1300.0	2.838e-05	183.609999895
1310.0	2.821e-05	184.266000032
1310.0	2.796e-05	184.516000032
1310.0	2.783e-05	184.766000032
1310.0	2.765e-05	185.016000032
1310.0	2.765e-05	185.25
1310.0	2.76e-05	185.5
1310.0	2.75e-05	185.75
1310.0	2.738e-05	186.0
1310.0	2.74e-05	186.25
1310.0	2.745e-05	186.484999895
1310.0	2.753e-05	186.734999895
1310.0	2.741e-05	186.984999895
1310.0	2.718e-05	187.234999895
1310.0	2.718e-05	187.468999863
1310.0	2.72e-05	187.718999863
1310.0	2.713e-05	187.968999863
1310.0	2.706e-05	188.218999863
1310.0	2.697e-05	188.468999863
1310.0	2.701e-05	188.70299983
1310.0	2.708e-05	188.95299983
1310.0	2.713e-05	189.20299983
1320.0	2.683e-05	189.859999895
1320.0	2.677e-05	190.093999863
1320.0	2.657e-05	190.343999863
1320.0	2.638e-05	190.593999863
1320.0	2.638e-05	190.843999863
1320.0	2.628e-05	191.07799983
1320.0	2.621e-05	191.32799983
1320.0	2.608e-05	191.57799983
1320.0	2.602e-05	191.82799983
1320.0	2.601e-05	192.07799983
1320.0	2.591e-05	192.312999964
1320.0	2.583e-05	192.562999964
1320.0	2.583e-05	192.812999964
1320.0	2.577e-05	193.062999964
1320.0	2.577e-05	193.296999931
1320.0	2.566e-05	193.546999931
1320.0	2.556e-05	193.796999931
1320.0	2.562e-05	194.046999931
1320.0	2.582e-05	194.296999931
1320.0	2.587e-05	194.530999899
1320.0	2.576e-05	194.780999899
1330.0	2.562e-05	195.437999964
1330.0	2.54e-05	195.687999964
1330.0	2.527e-05	195.921999931
1330.0	2.522e-05	196.171999931
1330.0	2.507e-05	196.421999931
1330.0	2.493e-05	196.671999931
1330.0	2.478e-05	196.905999899
1330.0	2.471e-05	197.155999899
1330.0	2.457e-05	197.405999899
1330.0	2.446e-05	197.655999899
1330.0	2.45e-05	197.905999899
1330.0	2.45e-05	198.141000032
1330.0	2.443e-05	198.391000032
1330.0	2.438e-05	198.641000032
1330.0	2.431e-05	198.891000032
1330.0	2.427e-05	199.125
1330.0	2.441e-05	199.375
1330.0	2.446e-05	199.625
1330.0	2.466e-05	199.875
1330.0	2.462e-05	200.109999895
1330.0	2.468e-05	200.359999895
1340.0	2.433e-05	201.016000032
1340.0	2.42e-05	201.266000032
1340.0	2.401e-05	201.516000032
1340.0	2.372e-05	201.75
1340.0	2.358e-05	202.0
1340.0	2.346e-05	202.25
1340.0	2.338e-05	202.5
1340.0	2.325e-05	202.734999895
1340.0	2.322e-05	202.984999895
1340.0	2.321e-05	203.234999895
1340.0	2.321e-05	203.484999895
1340.0	2.326e-05	203.734999895
1340.0	2.321e-05	203.968999863
1340.0	2.315e-05	204.218999863
1340.0	2.315e-05	204.468999863
1340.0	2.315e-05	204.718999863
1340.0	2.302e-05	204.95299983
1340.0	2.3e-05	205.20299983
1340.0	2.316e-05	205.45299983
1340.0	2.325e-05	205.70299983
1340.0	2.327e-05	205.937999964
1350.0	2.263e-05	206.593999863
1350.0	2.253e-05	206.843999863
1350.0	2.25e-05	207.093999863
1350.0	2.237e-05	207.343999863
1350.0	2.215e-05	207.57799983
1350.0	2.207e-05	207.82799983
1350.0	2.2e-05	208.07799983
1350.0	2.195e-05	208.32799983
1350.0	2.197e-05	208.562999964
1350.0	2.195e-05	208.812999964
1350.0	2.202e-05	209.062999964
1350.0	2.213e-05	209.312999964
1350.0	2.212e-05	209.562999964
1350.0	2.206e-05	209.796999931
1350.0	2.2e-05	210.046999931
1350.0	2.206e-05	210.296999931
1350.0	2.208e-05	210.546999931
1350.0	2.196e-05	210.780999899
1350.0	2.185e-05	211.030999899
1350.0	2.177e-05	211.280999899
1350.0	2.171e-05	211.530999899
1360.0	2.16e-05	212.187999964
1360.0	2.143e-05	212.421999931
1360.0	2.122e-05	212.671999931
1360.0	2.102e-05	212.921999931
1360.0	2.101e-05	213.171999931
1360.0	2.1e-05	213.405999899
1360.0	2.1e-05	213.655999899
1360.0	2.103e-05	213.905999899
1360.0	2.108e-05	214.155999899
1360.0	2.102e-05	214.391000032
1360.0	2.102e-05	214.641000032
1360.0	2.11e-05	214.891000032
1360.0	2.097e-05	215.141000032
1360.0	2.102e-05	215.391000032
1360.0	2.108e-05	215.625
1360.0	2.106e-05	215.875
1360.0	2.101e-05	216.125
1360.0	2.095e-05	216.375
1360.0	2.091e-05	216.609999895
1360.0	2.09e-05	216.859999895
1360.0	2.09e-05	217.109999895
1370.0	2.066e-05	217.766000032
1370.0	2.056e-05	218.016000032
1370.0	2.043e-05	218.266000032
1370.0	2.028e-05	218.5
1370.0	2.015e-05	218.75
1370.0	2.01e-05	219.0
1370.0	2.015e-05	219.25
1370.0	2.021e-05	219.484999895
1370.0	2.018e-05	219.734999895
1370.0	2.02e-05	219.984999895
1370.0	2.013e-05	220.234999895
1370.0	2.003e-05	220.484999895
1370.0	2.002e-05	220.718999863
1370.0	2.001e-05	220.968999863
1370.0	2.001e-05	221.218999863
1370.0	1.993e-05	221.468999863
1370.0	1.987e-05	221.70299983
1370.0	1.988e-05	221.95299983
1370.0	1.983e-05	222.20299983
1370.0	1.978e-05	222.45299983
1370.0	1.965e-05	222.687999964
1380.0	1.952e-05	223.343999863
1380.0	1.951e-05	223.593999863
1380.0	1.953e-05	223.843999863
1380.0	1.947e-05	224.093999863
1380.0	1.947e-05	224.32799983
1380.0	1.958e-05	224.57799983
1380.0	1.971e-05	224.82799983
1380.0	1.966e-05	225.07799983
1380.0	1.953e-05	225.312999964
1380.0	1.953e-05	225.562999964
1380.0	1.94e-05	225.812999964
1380.0	1.937e-05	226.062999964
1380.0	1.927e-05	226.312999964
1380.0	1.932e-05	226.546999931
1380.0	1.918e-05	226.796999931
1380.0	1.915e-05	227.046999931
1380.0	1.915e-05	227.296999931
1380.0	1.912e-05	227.530999899
1380.0	1.913e-05	227.780999899
1380.0	1.915e-05	228.030999899
1380.0	1.913e-05	228.280999899
1390.0	1.885e-05	228.921999931
1390.0	1.875e-05	229.171999931
1390.0	1.868e-05	229.421999931
1390.0	1.853e-05	229.671999931
1390.0	1.846e-05	229.921999931
1390.0	1.835e-05	230.155999899
1390.0	1.828e-05	230.405999899
1390.0	1.831e-05	230.655999899
1390.0	1.828e-05	230.905999899
1390.0	1.825e-05	231.141000032
1390.0	1.815e-05	231.391000032
1390.0	1.813e-05	231.641000032
1390.0	1.807e-05	231.891000032
1390.0	1.803e-05	232.141000032
1390.0	1.813e-05	232.375
1390.0	1.82e-05	232.625
1390.0	1.82e-05	232.875
1390.0	1.832e-05	233.125
1390.0	1.835e-05	233.359999895
1390.0	1.851e-05	233.609999895
1390.0	1.865e-05	233.859999895
1400.0	1.85e-05	234.516000032
1400.0	1.84e-05	234.766000032
1400.0	1.826e-05	235.0
1400.0	1.825e-05	235.25
1400.0	1.813e-05	235.5
1400.0	1.797e-05	235.75
1400.0	1.783e-05	235.984999895
1400.0	1.775e-05	236.234999895
1400.0	1.796e-05	236.484999895
1400.0	1.82e-05	236.734999895
1400.0	1.816e-05	236.968999863
1400.0	1.806e-05	237.218999863
1400.0	1.812e-05	237.468999863
1400.0	1.816e-05	237.718999863
1400.0	1.815e-05	237.968999863
1400.0	1.812e-05	238.20299983
1400.0	1.816e-05	238.45299983
1400.0	1.82e-05	238.70299983
1400.0	1.806e-05	238.95299983
1400.0	1.808e-05	239.187999964
1400.0	1.816e-05	239.437999964
1410.0	1.806e-05	240.093999863
1410.0	1.806e-05	240.32799983
1410.0	1.796e-05	240.57799983
1410.0	1.79e-05	240.82799983
1410.0	1.778e-05	241.07799983
1410.0	1.788e-05	241.32799983
1410.0	1.801e-05	241.562999964
1410.0	1.808e-05	241.812999964
1410.0	1.795e-05	242.062999964
1410.0	1.79e-05	242.312999964
1410.0	1.788e-05	242.546999931
1410.0	1.781e-05	242.796999931
1410.0	1.775e-05	243.046999931
1410.0	1.77e-05	243.296999931
1410.0	1.77e-05	243.530999899
1410.0	1.781e-05	243.780999899
1410.0	1.793e-05	244.030999899
1410.0	1.796e-05	244.280999899
1410.0	1.788e-05	244.530999899
1410.0	1.776e-05	244.766000032
1410.0	1.763e-05	245.016000032
1420.0	1.778e-05	245.671999931
1420.0	1.772e-05	245.905999899
1420.0	1.776e-05	246.155999899
1420.0	1.775e-05	246.405999899
1420.0	1.765e-05	246.655999899
1420.0	1.768e-05	246.891000032
1420.0	1.781e-05	247.141000032
1420.0	1.776e-05	247.391000032
1420.0	1.768e-05	247.641000032
1420.0	1.76e-05	247.891000032
1420.0	1.758e-05	248.125
1420.0	1.768e-05	248.375
1420.0	1.77e-05	248.625
1420.0	1.757e-05	248.875
1420.0	1.74e-05	249.109999895
1420.0	1.74e-05	249.359999895
1420.0	1.735e-05	249.609999895
1420.0	1.743e-05	249.859999895
1420.0	1.738e-05	250.109999895
1420.0	1.737e-05	250.343999863
1420.0	1.738e-05	250.593999863
1430.0	1.745e-05	251.25
1430.0	1.753e-05	251.484999895
1430.0	1.757e-05	251.734999895
1430.0	1.763e-05	251.984999895
1430.0	1.763e-05	252.234999895
1430.0	1.756e-05	252.468999863
1430.0	1.762e-05	252.718999863
1430.0	1.76e-05	252.968999863
1430.0	1.751e-05	253.218999863
1430.0	1.765e-05	253.468999863
1430.0	1.77e-05	253.70299983
1430.0	1.772e-05	253.95299983
1430.0	1.772e-05	254.20299983
1430.0	1.743e-05	254.45299983
1430.0	1.735e-05	254.687999964
1430.0	1.728e-05	254.937999964
1430.0	1.735e-05	255.187999964
1430.0	1.733e-05	255.437999964
1430.0	1.735e-05	255.671999931
1430.0	1.752e-05	255.921999931
1430.0	1.745e-05	256.171999931
1440.0	1.738e-05	256.82799983
1440.0	1.743e-05	257.062999964
1440.0	1.735e-05	257.312999964
1440.0	1.741e-05	257.562999964
1440.0	1.726e-05	257.812999964
1440.0	1.725e-05	258.046999931
1440.0	1.721e-05	258.296999931
1440.0	1.716e-05	258.546999931
1440.0	1.731e-05	258.796999931
1440.0	1.731e-05	259.046999931
1440.0	1.718e-05	259.280999899
1440.0	1.71e-05	259.530999899
1440.0	1.697e-05	259.780999899
1440.0	1.696e-05	260.030999899
1440.0	1.695e-05	260.266000032
1440.0	1.706e-05	260.516000032
1440.0	1.706e-05	260.766000032
1440.0	1.713e-05	261.016000032
1440.0	1.72e-05	261.266000032
1440.0	1.733e-05	261.5
1440.0	1.74e-05	261.75
1450.0	1.75e-05	262.405999899
1450.0	1.752e-05	262.641000032
1450.0	1.766e-05	262.891000032
1450.0	1.772e-05	263.141000032
1450.0	1.782e-05	263.391000032
1450.0	1.787e-05	263.625
1450.0	1.776e-05	263.875
1450.0	1.777e-05	264.125
1450.0	1.77e-05	264.375
1450.0	1.768e-05	264.609999895
1450.0	1.762e-05	264.859999895
1450.0	1.762e-05	265.109999895
1450.0	1.768e-05	265.359999895
1450.0	1.772e-05	265.609999895
1450.0	1.777e-05	265.843999863
1450.0	1.77e-05	266.093999863
1450.0	1.763e-05	266.343999863
1450.0	1.76e-05	266.593999863
1450.0	1.77e-05	266.82799983
1450.0	1.781e-05	267.07799983
1450.0	1.775e-05	267.32799983
1460.0	1.793e-05	267.984999895
1460.0	1.81e-05	268.234999895
1460.0	1.81e-05	268.484999895
1460.0	1.806e-05	268.718999863
1460.0	1.815e-05	268.968999863
1460.0	1.826e-05	269.218999863
1460.0	1.837e-05	269.468999863
1460.0	1.847e-05	269.70299983
1460.0	1.85e-05	269.95299983
1460.0	1.858e-05	270.20299983
1460.0	1.86e-05	270.45299983
1460.0	1.86e-05	270.70299983
1460.0	1.853e-05	270.937999964
1460.0	1.845e-05	271.187999964
1460.0	1.852e-05	271.437999964
1460.0	1.853e-05	271.687999964
1460.0	1.845e-05	271.921999931
1460.0	1.856e-05	272.171999931
1460.0	1.872e-05	272.421999931
1460.0	1.863e-05	272.671999931
1460.0	1.863e-05	272.905999899
1470.0	1.878e-05	273.57799983
1470.0	1.895e-05	273.812999964
1470.0	1.91e-05	274.062999964
1470.0	1.915e-05	274.312999964
1470.0	1.918e-05	274.562999964
1470.0	1.921e-05	274.796999931
1470.0	1.928e-05	275.046999931
1470.0	1.935e-05	275.296999931
1470.0	1.943e-05	275.546999931
1470.0	1.935e-05	275.780999899
1470.0	1.927e-05	276.030999899
1470.0	1.938e-05	276.280999899
1470.0	1.928e-05	276.530999899
1470.0	1.928e-05	276.780999899
1470.0	1.933e-05	277.016000032
1470.0	1.94e-05	277.266000032
1470.0	1.947e-05	277.516000032
1470.0	1.962e-05	277.766000032
1470.0	1.962e-05	278.0
1470.0	1.963e-05	278.25
1470.0	1.966e-05	278.5
1480.0	1.985e-05	279.155999899
1480.0	2.008e-05	279.405999899
1480.0	2.032e-05	279.655999899
1480.0	2.046e-05	279.905999899
1480.0	2.052e-05	280.141000032
1480.0	2.062e-05	280.391000032
1480.0	2.063e-05	280.641000032
1480.0	2.07e-05	280.891000032
1480.0	2.076e-05	281.125
1480.0	2.077e-05	281.375
1480.0	2.068e-05	281.625
1480.0	2.057e-05	281.875
1480.0	2.07e-05	282.125
1480.0	2.071e-05	282.359999895
1480.0	2.068e-05	282.609999895
1480.0	2.068e-05	282.859999895
1480.0	2.066e-05	283.109999895
1480.0	2.065e-05	283.343999863
1480.0	2.068e-05	283.593999863
1480.0	2.065e-05	283.843999863
1480.0	2.06e-05	284.093999863
1490.0	2.071e-05	284.75
1490.0	2.103e-05	285.0
1490.0	2.115e-05	285.25
1490.0	2.125e-05	285.484999895
1490.0	2.128e-05	285.734999895
1490.0	2.138e-05	285.984999895
1490.0	2.152e-05	286.234999895
1490.0	2.158e-05	286.468999863
1490.0	2.16e-05	286.718999863
1490.0	2.168e-05	286.968999863
1490.0	2.171e-05	287.218999863
1490.0	2.182e-05	287.468999863
1490.0	2.185e-05	287.70299983
1490.0	2.185e-05	287.95299983
1490.0	2.176e-05	288.20299983
1490.0	2.171e-05	288.45299983
1490.0	2.171e-05	288.687999964
1490.0	2.172e-05	288.937999964
1490.0	2.166e-05	289.187999964
1490.0	2.181e-05	289.437999964
1490.0	2.206e-05	289.687999964
1500.0	2.252e-05	290.343999863
1500.0	2.281e-05	290.593999863
1500.0	2.302e-05	290.82799983
1500.0	2.306e-05	291.07799983
1500.0	2.306e-05	291.32799983
1500.0	2.322e-05	291.57799983
1500.0	2.337e-05	291.812999964
1500.0	2.337e-05	292.062999964
1500.0	2.335e-05	292.312999964
1500.0	2.335e-05	292.562999964
1500.0	2.335e-05	292.812999964
1500.0	2.326e-05	293.046999931
1500.0	2.316e-05	293.296999931
1500.0	2.315e-05	293.546999931
1500.0	2.316e-05	293.796999931
1500.0	2.327e-05	294.030999899
1500.0	2.333e-05	294.280999899
1500.0	2.322e-05	294.530999899
1500.0	2.316e-05	294.780999899
1500.0	2.32e-05	295.016000032
1500.0	2.322e-05	295.266000032
1510.0	2.368e-05	295.937999964
1510.0	2.4e-05	296.171999931
1510.0	2.408e-05	296.421999931
1510.0	2.41e-05	296.671999931
1510.0	2.416e-05	296.921999931
1510.0	2.443e-05	297.155999899
1510.0	2.445e-05	297.405999899
1510.0	2.46e-05	297.655999899
1510.0	2.465e-05	297.905999899
1510.0	2.47e-05	298.155999899
1510.0	2.468e-05	298.391000032
1510.0	2.471e-05	298.641000032
1510.0	2.485e-05	298.891000032
1510.0	2.47e-05	299.141000032
1510.0	2.458e-05	299.375
1510.0	2.468e-05	299.625
1510.0	2.472e-05	299.875
1510.0	2.475e-05	300.125
1510.0	2.483e-05	300.359999895
1510.0	2.495e-05	300.609999895
1510.0	2.485e-05	300.859999895
1520.0	2.54e-05	301.516000032
1520.0	2.553e-05	301.766000032
1520.0	2.562e-05	302.016000032
1520.0	2.571e-05	302.25
1520.0	2.576e-05	302.5
1520.0	2.581e-05	302.75
1520.0	2.583e-05	303.0
1520.0	2.582e-05	303.234999895
1520.0	2.595e-05	303.484999895
1520.0	2.607e-05	303.734999895
1520.0	2.608e-05	303.984999895
1520.0	2.608e-05	304.234999895
1520.0	2.613e-05	304.468999863
1520.0	2.613e-05	304.718999863
1520.0	2.612e-05	304.968999863
1520.0	2.613e-05	305.218999863
1520.0	2.603e-05	305.45299983
1520.0	2.601e-05	305.70299983
1520.0	2.601e-05	305.95299983
1520.0	2.59e-05	306.20299983
1520.0	2.583e-05	306.437999964
1530.0	2.627e-05	307.109999895
1530.0	2.646e-05	307.343999863
1530.0	2.662e-05	307.593999863
1530.0	2.681e-05	307.843999863
1530.0	2.687e-05	308.093999863
1530.0	2.676e-05	308.32799983
1530.0	2.687e-05	308.57799983
1530.0	2.696e-05	308.82799983
1530.0	2.7e-05	309.07799983
1530.0	2.718e-05	309.312999964
1530.0	2.721e-05	309.562999964
1530.0	2.722e-05	309.812999964
1530.0	2.713e-05	310.062999964
1530.0	2.708e-05	310.312999964
1530.0	2.702e-05	310.546999931
1530.0	2.718e-05	310.796999931
1530.0	2.726e-05	311.046999931
1530.0	2.732e-05	311.296999931
1530.0	2.728e-05	311.530999899
1530.0	2.725e-05	311.780999899
1530.0	2.727e-05	312.030999899
1540.0	2.766e-05	312.687999964
1540.0	2.785e-05	312.937999964
1540.0	2.795e-05	313.187999964
1540.0	2.802e-05	313.437999964
1540.0	2.791e-05	313.671999931
1540.0	2.791e-05	313.921999931
1540.0	2.795e-05	314.171999931
1540.0	2.795e-05	314.421999931
1540.0	2.795e-05	314.655999899
1540.0	2.793e-05	314.905999899
1540.0	2.791e-05	315.155999899
1540.0	2.788e-05	315.405999899
1540.0	2.797e-05	315.655999899
1540.0	2.808e-05	315.891000032
1540.0	2.818e-05	316.141000032
1540.0	2.828e-05	316.391000032
1540.0	2.838e-05	316.641000032
1540.0	2.821e-05	316.875
1540.0	2.803e-05	317.125
1540.0	2.802e-05	317.375
1540.0	2.81e-05	317.625
1550.0	2.803e-05	318.280999899
1550.0	2.818e-05	318.530999899
1550.0	2.831e-05	318.780999899
1550.0	2.847e-05	319.016000032
1550.0	2.847e-05	319.266000032
1550.0	2.827e-05	319.516000032
1550.0	2.826e-05	319.766000032
1550.0	2.832e-05	320.0
1550.0	2.838e-05	320.25
1550.0	2.851e-05	320.5
1550.0	2.852e-05	320.75
1550.0	2.856e-05	321.0
1550.0	2.853e-05	321.234999895
1550.0	2.862e-05	321.484999895
1550.0	2.856e-05	321.734999895
1550.0	2.851e-05	321.984999895
1550.0	2.846e-05	322.218999863
1550.0	2.85e-05	322.468999863
1550.0	2.862e-05	322.718999863
1550.0	2.871e-05	322.968999863
1550.0	2.872e-05	323.20299983
1560.0	2.865e-05	323.875
1560.0	2.872e-05	324.125
1560.0	2.876e-05	324.359999895
1560.0	2.87e-05	324.609999895
1560.0	2.877e-05	324.859999895
1560.0	2.883e-05	325.109999895
1560.0	2.883e-05	325.343999863
1560.0	2.883e-05	325.593999863
1560.0	2.89e-05	325.843999863
1560.0	2.89e-05	326.093999863
1560.0	2.888e-05	326.343999863
1560.0	2.882e-05	326.57799983
1560.0	2.89e-05	326.82799983
1560.0	2.893e-05	327.07799983
1560.0	2.906e-05	327.32799983
1560.0	2.921e-05	327.562999964
1560.0	2.931e-05	327.812999964
1560.0	2.933e-05	328.062999964
1560.0	2.931e-05	328.312999964
1560.0	2.921e-05	328.546999931
1560.0	2.92e-05	328.796999931
1570.0	2.91e-05	329.468999863
1570.0	2.912e-05	329.70299983
1570.0	2.921e-05	329.95299983
1570.0	2.925e-05	330.20299983
1570.0	2.922e-05	330.45299983
1570.0	2.915e-05	330.687999964
1570.0	2.912e-05	330.937999964
1570.0	2.901e-05	331.187999964
1570.0	2.9e-05	331.437999964
1570.0	2.895e-05	331.671999931
1570.0	2.893e-05	331.921999931
1570.0	2.907e-05	332.171999931
1570.0	2.913e-05	332.421999931
1570.0	2.91e-05	332.671999931
1570.0	2.908e-05	332.905999899
1570.0	2.9e-05	333.155999899
1570.0	2.895e-05	333.405999899
1570.0	2.883e-05	333.655999899
1570.0	2.875e-05	333.891000032
1570.0	2.885e-05	334.141000032
1570.0	2.883e-05	334.391000032
1580.0	2.877e-05	335.062999964
1580.0	2.877e-05	335.296999931
1580.0	2.878e-05	335.546999931
1580.0	2.882e-05	335.796999931
1580.0	2.882e-05	336.046999931
1580.0	2.882e-05	336.280999899
1580.0	2.887e-05	336.530999899
1580.0	2.893e-05	336.780999899
1580.0	2.89e-05	337.030999899
1580.0	2.891e-05	337.280999899
1580.0	2.9e-05	337.516000032
1580.0	2.907e-05	337.766000032
1580.0	2.9e-05	338.016000032
1580.0	2.897e-05	338.266000032
1580.0	2.891e-05	338.5
1580.0	2.882e-05	338.75
1580.0	2.89e-05	339.0
1580.0	2.89e-05	339.25
1580.0	2.881e-05	339.484999895
1580.0	2.875e-05	339.734999895
1580.0	2.87e-05	339.984999895
1590.0	2.866e-05	340.655999899
1590.0	2.86e-05	340.891000032
1590.0	2.841e-05	341.141000032
1590.0	2.827e-05	341.391000032
1590.0	2.821e-05	341.641000032
1590.0	2.82e-05	341.875
1590.0	2.816e-05	342.125
1590.0	2.808e-05	342.375
1590.0	2.785e-05	342.625
1590.0	2.783e-05	342.875
1590.0	2.781e-05	343.109999895
1590.0	2.781e-05	343.359999895
1590.0	2.781e-05	343.609999895
1590.0	2.768e-05	343.859999895
1590.0	2.768e-05	344.093999863
1590.0	2.765e-05	344.343999863
1590.0	2.762e-05	344.593999863
1590.0	2.766e-05	344.843999863
1590.0	2.782e-05	345.07799983
1590.0	2.79e-05	345.32799983
1590.0	2.79e-05	345.57799983
1600.0	2.797e-05	346.25
1600.0	2.787e-05	346.484999895
1600.0	2.783e-05	346.734999895
1600.0	2.772e-05	346.984999895
1600.0	2.768e-05	347.234999895
1600.0	2.765e-05	347.468999863
1600.0	2.762e-05	347.718999863
1600.0	2.753e-05	347.968999863
1600.0	2.758e-05	348.218999863
1600.0	2.775e-05	348.468999863
1600.0	2.77e-05	348.70299983
1600.0	2.758e-05	348.95299983
1600.0	2.753e-05	349.20299983
1600.0	2.766e-05	349.45299983
1600.0	2.771e-05	349.687999964
1600.0	2.778e-05	349.937999964
1600.0	2.785e-05	350.187999964
1600.0	2.776e-05	350.437999964
1600.0	2.781e-05	350.671999931
1600.0	2.787e-05	350.921999931
1600.0	2.775e-05	351.171999931
1610.0	2.746e-05	351.843999863
1610.0	2.725e-05	352.07799983
1610.0	2.701e-05	352.32799983
1610.0	2.675e-05	352.57799983
1610.0	2.663e-05	352.82799983
1610.0	2.662e-05	353.062999964
1610.0	2.657e-05	353.312999964
1610.0	2.652e-05	353.562999964
1610.0	2.656e-05	353.812999964
1610.0	2.646e-05	354.062999964
1610.0	2.645e-05	354.296999931
1610.0	2.645e-05	354.546999931
1610.0	2.646e-05	354.796999931
1610.0	2.64e-05	355.046999931
1610.0	2.638e-05	355.280999899
1610.0	2.625e-05	355.530999899
1610.0	2.625e-05	355.780999899
1610.0	2.618e-05	356.030999899
1610.0	2.62e-05	356.280999899
1610.0	2.627e-05	356.516000032
1610.0	2.622e-05	356.766000032
1620.0	2.606e-05	357.437999964
1620.0	2.576e-05	357.671999931
1620.0	2.571e-05	357.921999931
1620.0	2.56e-05	358.171999931
1620.0	2.562e-05	358.421999931
1620.0	2.557e-05	358.671999931
1620.0	2.543e-05	358.905999899
1620.0	2.527e-05	359.155999899
1620.0	2.531e-05	359.405999899
1620.0	2.533e-05	359.655999899
1620.0	2.541e-05	359.891000032
1620.0	2.533e-05	360.141000032
1620.0	2.533e-05	360.391000032
1620.0	2.545e-05	360.641000032
1620.0	2.537e-05	360.875
1620.0	2.551e-05	361.125
1620.0	2.552e-05	361.375
1620.0	2.551e-05	361.625
1620.0	2.551e-05	361.875
1620.0	2.537e-05	362.109999895
1620.0	2.535e-05	362.359999895
1630.0	2.521e-05	363.030999899
1630.0	2.51e-05	363.266000032
1630.0	2.501e-05	363.516000032
1630.0	2.487e-05	363.766000032
1630.0	2.476e-05	364.016000032
1630.0	2.482e-05	364.266000032
1630.0	2.47e-05	364.5
1630.0	2.452e-05	364.75
1630.0	2.437e-05	365.0
1630.0	2.44e-05	365.25
1630.0	2.433e-05	365.484999895
1630.0	2.428e-05	365.734999895
1630.0	2.422e-05	365.984999895
1630.0	2.421e-05	366.234999895
1630.0	2.421e-05	366.468999863
1630.0	2.416e-05	366.718999863
1630.0	2.425e-05	366.968999863
1630.0	2.438e-05	367.218999863
1630.0	2.443e-05	367.468999863
1630.0	2.427e-05	367.70299983
1630.0	2.428e-05	367.95299983
1640.0	2.375e-05	368.625
1640.0	2.358e-05	368.859999895
1640.0	2.347e-05	369.109999895
1640.0	2.338e-05	369.359999895
1640.0	2.328e-05	369.609999895
1640.0	2.328e-05	369.843999863
1640.0	2.322e-05	370.093999863
1640.0	2.308e-05	370.343999863
1640.0	2.308e-05	370.593999863
1640.0	2.295e-05	370.843999863
1640.0	2.3e-05	371.07799983
1640.0	2.31e-05	371.32799983
1640.0	2.31e-05	371.57799983
1640.0	2.303e-05	371.82799983
1640.0	2.296e-05	372.07799983
1640.0	2.288e-05	372.312999964
1640.0	2.293e-05	372.562999964
1640.0	2.288e-05	372.812999964
1640.0	2.282e-05	373.062999964
1640.0	2.295e-05	373.296999931
1640.0	2.291e-05	373.546999931
1650.0	2.278e-05	374.218999863
1650.0	2.247e-05	374.468999863
1650.0	2.221e-05	374.70299983
1650.0	2.202e-05	374.95299983
1650.0	2.183e-05	375.20299983
1650.0	2.166e-05	375.45299983
1650.0	2.162e-05	375.70299983
1650.0	2.162e-05	375.937999964
1650.0	2.165e-05	376.187999964
1650.0	2.16e-05	376.437999964
1650.0	2.15e-05	376.687999964
1650.0	2.15e-05	376.921999931
1650.0	2.157e-05	377.171999931
1650.0	2.153e-05	377.421999931
1650.0	2.145e-05	377.671999931
1650.0	2.146e-05	377.921999931
1650.0	2.153e-05	378.155999899
1650.0	2.145e-05	378.405999899
1650.0	2.135e-05	378.655999899
1650.0	2.133e-05	378.905999899
1650.0	2.128e-05	379.141000032
1660.0	2.095e-05	379.82799983
1660.0	2.063e-05	380.062999964
1660.0	2.043e-05	380.312999964
1660.0	2.025e-05	380.562999964
1660.0	2.012e-05	380.812999964
1660.0	2.013e-05	381.046999931
1660.0	2.006e-05	381.296999931
1660.0	2.001e-05	381.546999931
1660.0	2e-05	381.796999931
1660.0	2.003e-05	382.030999899
1660.0	2.015e-05	382.280999899
1660.0	2.006e-05	382.530999899
1660.0	2.01e-05	382.780999899
1660.0	2.01e-05	383.030999899
1660.0	2.001e-05	383.266000032
1660.0	2.003e-05	383.516000032
1660.0	1.993e-05	383.766000032
1660.0	2.01e-05	384.016000032
1660.0	2.006e-05	384.25
1660.0	1.993e-05	384.5
1660.0	2.003e-05	384.75
1670.0	1.962e-05	385.421999931
1670.0	1.931e-05	385.671999931
1670.0	1.916e-05	385.921999931
1670.0	1.9e-05	386.171999931
1670.0	1.881e-05	386.405999899
1670.0	1.858e-05	386.655999899
1670.0	1.856e-05	386.905999899
1670.0	1.853e-05	387.155999899
1670.0	1.85e-05	387.405999899
1670.0	1.847e-05	387.641000032
1670.0	1.846e-05	387.891000032
1670.0	1.835e-05	388.141000032
1670.0	1.831e-05	388.391000032
1670.0	1.835e-05	388.625
1670.0	1.833e-05	388.875
1670.0	1.832e-05	389.125
1670.0	1.835e-05	389.375
1670.0	1.846e-05	389.609999895
1670.0	1.852e-05	389.859999895
1670.0	1.851e-05	390.109999895
1670.0	1.852e-05	390.359999895
1680.0	1.837e-05	391.030999899
1680.0	1.81e-05	391.280999899
1680.0	1.795e-05	391.530999899
1680.0	1.771e-05	391.766000032
1680.0	1.758e-05	392.016000032
1680.0	1.746e-05	392.266000032
1680.0	1.733e-05	392.516000032
1680.0	1.721e-05	392.766000032
1680.0	1.708e-05	393.0
1680.0	1.693e-05	393.25
1680.0	1.681e-05	393.5
1680.0	1.677e-05	393.75
1680.0	1.678e-05	393.984999895
1680.0	1.693e-05	394.234999895
1680.0	1.691e-05	394.484999895
1680.0	1.693e-05	394.734999895
1680.0	1.706e-05	394.968999863
1680.0	1.706e-05	395.218999863
1680.0	1.715e-05	395.468999863
1680.0	1.725e-05	395.718999863
1680.0	1.731e-05	395.968999863
1690.0	1.701e-05	396.641000032
1690.0	1.676e-05	396.891000032
1690.0	1.652e-05	397.125
1690.0	1.635e-05	397.375
1690.0	1.608e-05	397.625
1690.0	1.597e-05	397.875
1690.0	1.6e-05	398.125
1690.0	1.595e-05	398.359999895
1690.0	1.591e-05	398.609999895
1690.0	1.59e-05	398.859999895
1690.0	1.593e-05	399.109999895
1690.0	1.585e-05	399.343999863
1690.0	1.59e-05	399.593999863
1690.0	1.591e-05	399.843999863
1690.0	1.602e-05	400.093999863
1690.0	1.597e-05	400.343999863
1690.0	1.591e-05	400.57799983
1690.0	1.585e-05	400.82799983
1690.0	1.588e-05	401.07799983
1690.0	1.571e-05	401.32799983
1690.0	1.556e-05	401.562999964
1700.0	1.541e-05	402.25
1700.0	1.518e-05	402.5
1700.0	1.49e-05	402.734999895
1700.0	1.483e-05	402.984999895
1700.0	1.47e-05	403.234999895
1700.0	1.463e-05	403.484999895
1700.0	1.462e-05	403.718999863
1700.0	1.46e-05	403.968999863
1700.0	1.435e-05	404.218999863
1700.0	1.42e-05	404.468999863
1700.0	1.421e-05	404.70299983
1700.0	1.422e-05	404.95299983
1700.0	1.432e-05	405.20299983
1700.0	1.446e-05	405.45299983
1700.0	1.45e-05	405.70299983
1700.0	1.443e-05	405.937999964
1700.0	1.438e-05	406.187999964
1700.0	1.435e-05	406.437999964
1700.0	1.443e-05	406.687999964
1700.0	1.462e-05	406.921999931
1700.0	1.465e-05	407.171999931
