Your edit line - do NOT delete this line
Wavelength [nm], Voltage [V], Elapsed time [s]
800.0	1.31e-05	8.29699993134
800.0	1.31e-05	8.32799983025
800.0	1.28e-05	8.35899996758
800.0	1.31e-05	8.40599989891
800.0	1.32e-05	8.43799996376
800.0	1.32e-05	8.46899986267
800.0	1.31e-05	8.51600003242
800.0	1.31e-05	8.54699993134
800.0	1.28e-05	8.57799983025
800.0	1.26e-05	8.625
800.0	1.22e-05	8.65599989891
800.0	1.22e-05	8.70299983025
800.0	1.25e-05	8.73399996758
800.0	1.27e-05	8.76600003242
800.0	1.27e-05	8.81299996376
800.0	1.31e-05	8.84399986267
800.0	1.32e-05	8.875
800.0	1.31e-05	8.92199993134
800.0	1.28e-05	8.95299983025
800.0	1.27e-05	8.98399996758
800.0	1.27e-05	9.03099989891
800.0	1.27e-05	9.06299996376
800.0	1.27e-05	9.10899996758
800.0	1.26e-05	9.14100003242
800.0	1.21e-05	9.17199993134
800.0	1.21e-05	9.21899986267
800.0	1.21e-05	9.25
800.0	1.18e-05	9.28099989891
800.0	1.18e-05	9.32799983025
800.0	1.16e-05	9.35899996758
800.0	1.2e-05	9.40599989891
800.0	1.2e-05	9.43799996376
800.0	1.16e-05	9.46899986267
800.0	1.15e-05	9.51600003242
800.0	1.18e-05	9.54699993134
800.0	1.22e-05	9.57799983025
800.0	1.21e-05	9.625
800.0	1.22e-05	9.65599989891
800.0	1.25e-05	9.68799996376
800.0	1.27e-05	9.73399996758
800.0	1.28e-05	9.76600003242
820.0	1.21e-05	10.3129999638
820.0	1.21e-05	10.3439998627
820.0	1.21e-05	10.3910000324
820.0	1.21e-05	10.4219999313
820.0	1.21e-05	10.4689998627
820.0	1.22e-05	10.5
820.0	1.25e-05	10.5309998989
820.0	1.27e-05	10.5779998302
820.0	1.25e-05	10.6089999676
820.0	1.21e-05	10.6410000324
820.0	1.18e-05	10.6879999638
820.0	1.15e-05	10.7189998627
820.0	1.18e-05	10.75
820.0	1.16e-05	10.7969999313
820.0	1.13e-05	10.8279998302
820.0	1.13e-05	10.875
820.0	1.15e-05	10.9059998989
820.0	1.2e-05	10.9379999638
820.0	1.25e-05	10.9839999676
820.0	1.28e-05	11.0160000324
820.0	1.28e-05	11.0469999313
820.0	1.27e-05	11.0939998627
820.0	1.27e-05	11.125
820.0	1.26e-05	11.1719999313
820.0	1.22e-05	11.2029998302
820.0	1.22e-05	11.2339999676
820.0	1.26e-05	11.2809998989
820.0	1.31e-05	11.3129999638
820.0	1.32e-05	11.3439998627
820.0	1.33e-05	11.3910000324
820.0	1.32e-05	11.4219999313
820.0	1.33e-05	11.4529998302
820.0	1.32e-05	11.5
820.0	1.27e-05	11.5309998989
820.0	1.26e-05	11.5779998302
820.0	1.25e-05	11.6089999676
820.0	1.26e-05	11.6410000324
820.0	1.25e-05	11.6879999638
820.0	1.26e-05	11.7189998627
820.0	1.27e-05	11.7660000324
820.0	1.27e-05	11.7969999313
840.0	1.5e-05	12.3279998302
840.0	1.45e-05	12.3589999676
840.0	1.4e-05	12.3910000324
840.0	1.4e-05	12.4379999638
840.0	1.38e-05	12.4689998627
840.0	1.43e-05	12.5160000324
840.0	1.47e-05	12.5469999313
840.0	1.47e-05	12.5779998302
840.0	1.46e-05	12.625
840.0	1.51e-05	12.6559998989
840.0	1.52e-05	12.7029998302
840.0	1.51e-05	12.7339999676
840.0	1.51e-05	12.7660000324
840.0	1.5e-05	12.8129999638
840.0	1.47e-05	12.8439998627
840.0	1.5e-05	12.875
840.0	1.46e-05	12.9219999313
840.0	1.45e-05	12.9529998302
840.0	1.46e-05	13.0
840.0	1.46e-05	13.0309998989
840.0	1.45e-05	13.0779998302
840.0	1.47e-05	13.1089999676
840.0	1.47e-05	13.1410000324
840.0	1.47e-05	13.1879999638
840.0	1.46e-05	13.2189998627
840.0	1.43e-05	13.2660000324
840.0	1.4e-05	13.2969999313
840.0	1.37e-05	13.3279998302
840.0	1.32e-05	13.375
840.0	1.27e-05	13.4059998989
840.0	1.28e-05	13.4379999638
840.0	1.28e-05	13.4839999676
840.0	1.28e-05	13.5160000324
840.0	1.31e-05	13.5469999313
840.0	1.31e-05	13.5939998627
840.0	1.28e-05	13.625
840.0	1.31e-05	13.6719999313
840.0	1.31e-05	13.7029998302
840.0	1.31e-05	13.7339999676
840.0	1.31e-05	13.7809998989
860.0	1.38e-05	14.2809998989
860.0	1.4e-05	14.3279998302
860.0	1.41e-05	14.3589999676
860.0	1.43e-05	14.3910000324
860.0	1.43e-05	14.4379999638
860.0	1.45e-05	14.4689998627
860.0	1.46e-05	14.5
860.0	1.51e-05	14.5469999313
860.0	1.53e-05	14.5779998302
860.0	1.56e-05	14.625
860.0	1.56e-05	14.6559998989
860.0	1.53e-05	14.6879999638
860.0	1.52e-05	14.7339999676
860.0	1.51e-05	14.7660000324
860.0	1.5e-05	14.7969999313
860.0	1.47e-05	14.8439998627
860.0	1.47e-05	14.875
860.0	1.46e-05	14.9219999313
860.0	1.47e-05	14.9529998302
860.0	1.5e-05	14.9839999676
860.0	1.51e-05	15.0309998989
860.0	1.52e-05	15.0629999638
860.0	1.53e-05	15.0939998627
860.0	1.56e-05	15.1410000324
860.0	1.56e-05	15.1719999313
860.0	1.56e-05	15.2029998302
860.0	1.57e-05	15.25
860.0	1.58e-05	15.2809998989
860.0	1.58e-05	15.3279998302
860.0	1.58e-05	15.3589999676
860.0	1.6e-05	15.4059998989
860.0	1.63e-05	15.4379999638
860.0	1.66e-05	15.4689998627
860.0	1.65e-05	15.5160000324
860.0	1.63e-05	15.5469999313
860.0	1.58e-05	15.5779998302
860.0	1.56e-05	15.625
860.0	1.53e-05	15.6559998989
860.0	1.52e-05	15.6879999638
860.0	1.5e-05	15.7339999676
860.0	1.5e-05	15.7660000324
880.0	1.63e-05	16.2660000324
880.0	1.62e-05	16.2969999313
880.0	1.58e-05	16.3439998627
880.0	1.58e-05	16.375
880.0	1.6e-05	16.4219999313
880.0	1.63e-05	16.4529998302
880.0	1.68e-05	16.5
880.0	1.7e-05	16.5309998989
880.0	1.68e-05	16.5629999638
880.0	1.71e-05	16.6089999676
880.0	1.72e-05	16.6410000324
880.0	1.72e-05	16.6879999638
880.0	1.71e-05	16.7189998627
880.0	1.72e-05	16.75
880.0	1.75e-05	16.7969999313
880.0	1.72e-05	16.8279998302
880.0	1.72e-05	16.8589999676
880.0	1.75e-05	16.9059998989
880.0	1.76e-05	16.9379999638
880.0	1.77e-05	16.9689998627
880.0	1.77e-05	17.0160000324
880.0	1.77e-05	17.0469999313
880.0	1.78e-05	17.0939998627
880.0	1.77e-05	17.125
880.0	1.76e-05	17.1719999313
880.0	1.75e-05	17.2029998302
880.0	1.71e-05	17.2339999676
880.0	1.72e-05	17.2809998989
880.0	1.76e-05	17.3129999638
880.0	1.77e-05	17.3439998627
880.0	1.81e-05	17.3910000324
880.0	1.78e-05	17.4219999313
880.0	1.75e-05	17.4529998302
880.0	1.72e-05	17.5
880.0	1.75e-05	17.5309998989
880.0	1.76e-05	17.5779998302
880.0	1.75e-05	17.6089999676
880.0	1.72e-05	17.6410000324
880.0	1.71e-05	17.6879999638
880.0	1.7e-05	17.7189998627
880.0	1.72e-05	17.75
900.0	1.9e-05	18.25
900.0	1.9e-05	18.2809998989
900.0	1.91e-05	18.3129999638
900.0	1.93e-05	18.3589999676
900.0	1.96e-05	18.3910000324
900.0	2.01e-05	18.4379999638
900.0	2.02e-05	18.4689998627
900.0	2.03e-05	18.5
900.0	2.03e-05	18.5469999313
900.0	2.02e-05	18.5779998302
900.0	2.01e-05	18.6089999676
900.0	2e-05	18.6559998989
900.0	2e-05	18.6879999638
900.0	2e-05	18.7189998627
900.0	2e-05	18.7660000324
900.0	2e-05	18.7969999313
900.0	2e-05	18.8439998627
900.0	1.97e-05	18.875
900.0	1.95e-05	18.9059998989
900.0	1.95e-05	18.9529998302
900.0	1.95e-05	18.9839999676
900.0	1.96e-05	19.0160000324
900.0	2e-05	19.0629999638
900.0	2e-05	19.0939998627
900.0	1.96e-05	19.125
900.0	1.96e-05	19.1719999313
900.0	1.96e-05	19.2029998302
900.0	1.97e-05	19.25
900.0	2e-05	19.2809998989
900.0	2.03e-05	19.3129999638
900.0	2.02e-05	19.3589999676
900.0	2.03e-05	19.3910000324
900.0	2.02e-05	19.4219999313
900.0	2.03e-05	19.4689998627
900.0	2.08e-05	19.5
900.0	2.08e-05	19.5469999313
900.0	2.08e-05	19.5779998302
900.0	2.12e-05	19.6089999676
900.0	2.12e-05	19.6559998989
900.0	2.1e-05	19.6879999638
900.0	2.13e-05	19.7189998627
920.0	2.28e-05	20.2029998302
920.0	2.32e-05	20.25
920.0	2.37e-05	20.2809998989
920.0	2.4e-05	20.3129999638
920.0	2.4e-05	20.3589999676
920.0	2.41e-05	20.3910000324
920.0	2.41e-05	20.4379999638
920.0	2.43e-05	20.4689998627
920.0	2.41e-05	20.5
920.0	2.4e-05	20.5469999313
920.0	2.37e-05	20.5779998302
920.0	2.33e-05	20.6089999676
920.0	2.28e-05	20.6559998989
920.0	2.26e-05	20.6879999638
920.0	2.28e-05	20.7189998627
920.0	2.31e-05	20.7660000324
920.0	2.31e-05	20.7969999313
920.0	2.31e-05	20.8439998627
920.0	2.31e-05	20.875
920.0	2.28e-05	20.9059998989
920.0	2.31e-05	20.9529998302
920.0	2.33e-05	20.9839999676
920.0	2.32e-05	21.0160000324
920.0	2.27e-05	21.0629999638
920.0	2.21e-05	21.0939998627
920.0	2.16e-05	21.125
920.0	2.1e-05	21.1719999313
920.0	2.1e-05	21.2029998302
920.0	2.15e-05	21.25
920.0	2.18e-05	21.2809998989
920.0	2.18e-05	21.3279998302
920.0	2.21e-05	21.3589999676
920.0	2.26e-05	21.3910000324
920.0	2.31e-05	21.4379999638
920.0	2.32e-05	21.4689998627
920.0	2.35e-05	21.5
920.0	2.35e-05	21.5469999313
920.0	2.33e-05	21.5779998302
920.0	2.37e-05	21.625
920.0	2.37e-05	21.6559998989
920.0	2.37e-05	21.6879999638
940.0	2.58e-05	22.1559998989
940.0	2.6e-05	22.2029998302
940.0	2.62e-05	22.2339999676
940.0	2.62e-05	22.2809998989
940.0	2.62e-05	22.3129999638
940.0	2.62e-05	22.3439998627
940.0	2.63e-05	22.3910000324
940.0	2.62e-05	22.4219999313
940.0	2.58e-05	22.4529998302
940.0	2.58e-05	22.5
940.0	2.58e-05	22.5309998989
940.0	2.62e-05	22.5779998302
940.0	2.66e-05	22.6089999676
940.0	2.66e-05	22.6559998989
940.0	2.68e-05	22.6879999638
940.0	2.68e-05	22.7189998627
940.0	2.7e-05	22.7660000324
940.0	2.71e-05	22.7969999313
940.0	2.71e-05	22.8279998302
940.0	2.7e-05	22.875
940.0	2.7e-05	22.9059998989
940.0	2.71e-05	22.9379999638
940.0	2.7e-05	22.9839999676
940.0	2.7e-05	23.0160000324
940.0	2.72e-05	23.0469999313
940.0	2.76e-05	23.0939998627
940.0	2.77e-05	23.125
940.0	2.75e-05	23.1719999313
940.0	2.71e-05	23.2029998302
940.0	2.68e-05	23.2339999676
940.0	2.66e-05	23.2809998989
940.0	2.66e-05	23.3129999638
940.0	2.65e-05	23.3439998627
940.0	2.63e-05	23.3910000324
940.0	2.62e-05	23.4219999313
940.0	2.58e-05	23.4689998627
940.0	2.58e-05	23.5
940.0	2.56e-05	23.5309998989
940.0	2.56e-05	23.5779998302
940.0	2.58e-05	23.6089999676
940.0	2.58e-05	23.6410000324
960.0	2.82e-05	24.0939998627
960.0	2.85e-05	24.1410000324
960.0	2.87e-05	24.1719999313
960.0	2.88e-05	24.2189998627
960.0	2.9e-05	24.25
960.0	2.88e-05	24.2809998989
960.0	2.88e-05	24.3279998302
960.0	2.9e-05	24.3589999676
960.0	2.91e-05	24.3910000324
960.0	2.93e-05	24.4379999638
960.0	2.95e-05	24.4689998627
960.0	2.97e-05	24.5160000324
960.0	3.01e-05	24.5469999313
960.0	3e-05	24.5779998302
960.0	2.96e-05	24.625
960.0	2.91e-05	24.6559998989
960.0	2.9e-05	24.6879999638
960.0	2.91e-05	24.7339999676
960.0	2.93e-05	24.7660000324
960.0	2.95e-05	24.7969999313
960.0	2.96e-05	24.8439998627
960.0	2.97e-05	24.875
960.0	3e-05	24.9219999313
960.0	3.01e-05	24.9529998302
960.0	3.01e-05	24.9839999676
960.0	3.03e-05	25.0309998989
960.0	3.07e-05	25.0629999638
960.0	3.1e-05	25.0939998627
960.0	3.12e-05	25.1410000324
960.0	3.13e-05	25.1719999313
960.0	3.12e-05	25.2189998627
960.0	3.08e-05	25.25
960.0	3.08e-05	25.2809998989
960.0	3.06e-05	25.3279998302
960.0	3.03e-05	25.3589999676
960.0	3.03e-05	25.3910000324
960.0	3.03e-05	25.4379999638
960.0	3.03e-05	25.4689998627
960.0	3.02e-05	25.5
960.0	3.02e-05	25.5469999313
960.0	3.03e-05	25.5779998302
980.0	3.13e-05	26.0160000324
980.0	3.13e-05	26.0469999313
980.0	3.13e-05	26.0939998627
980.0	3.18e-05	26.125
980.0	3.22e-05	26.1719999313
980.0	3.27e-05	26.2029998302
980.0	3.31e-05	26.2339999676
980.0	3.31e-05	26.2809998989
980.0	3.32e-05	26.3129999638
980.0	3.32e-05	26.3439998627
980.0	3.32e-05	26.3910000324
980.0	3.32e-05	26.4219999313
980.0	3.32e-05	26.4529998302
980.0	3.31e-05	26.5
980.0	3.32e-05	26.5309998989
980.0	3.33e-05	26.5779998302
980.0	3.33e-05	26.6089999676
980.0	3.31e-05	26.6410000324
980.0	3.28e-05	26.6879999638
980.0	3.27e-05	26.7189998627
980.0	3.27e-05	26.75
980.0	3.31e-05	26.7969999313
980.0	3.32e-05	26.8279998302
980.0	3.31e-05	26.8589999676
980.0	3.32e-05	26.9059998989
980.0	3.33e-05	26.9379999638
980.0	3.35e-05	26.9839999676
980.0	3.35e-05	27.0160000324
980.0	3.37e-05	27.0469999313
980.0	3.35e-05	27.0939998627
980.0	3.37e-05	27.125
980.0	3.38e-05	27.1559998989
980.0	3.38e-05	27.2029998302
980.0	3.37e-05	27.2339999676
980.0	3.35e-05	27.2660000324
980.0	3.33e-05	27.3129999638
980.0	3.33e-05	27.3439998627
980.0	3.33e-05	27.3910000324
980.0	3.31e-05	27.4219999313
980.0	3.31e-05	27.4529998302
980.0	3.31e-05	27.5
1000.0	3.45e-05	27.9219999313
1000.0	3.45e-05	27.9529998302
1000.0	3.46e-05	28.0
1000.0	3.5e-05	28.0309998989
1000.0	3.53e-05	28.0629999638
1000.0	3.58e-05	28.1089999676
1000.0	3.6e-05	28.1410000324
1000.0	3.62e-05	28.1879999638
1000.0	3.63e-05	28.2189998627
1000.0	3.65e-05	28.25
1000.0	3.66e-05	28.2969999313
1000.0	3.68e-05	28.3279998302
1000.0	3.71e-05	28.3589999676
1000.0	3.72e-05	28.4059998989
1000.0	3.75e-05	28.4379999638
1000.0	3.76e-05	28.4689998627
1000.0	3.77e-05	28.5160000324
1000.0	3.77e-05	28.5469999313
1000.0	3.77e-05	28.5939998627
1000.0	3.72e-05	28.625
1000.0	3.68e-05	28.6559998989
1000.0	3.68e-05	28.7029998302
1000.0	3.7e-05	28.7339999676
1000.0	3.7e-05	28.7660000324
1000.0	3.7e-05	28.8129999638
1000.0	3.66e-05	28.8439998627
1000.0	3.66e-05	28.8910000324
1000.0	3.66e-05	28.9219999313
1000.0	3.68e-05	28.9529998302
1000.0	3.7e-05	29.0
1000.0	3.66e-05	29.0309998989
1000.0	3.63e-05	29.0629999638
1000.0	3.65e-05	29.1089999676
1000.0	3.7e-05	29.1410000324
1000.0	3.75e-05	29.1719999313
1000.0	3.77e-05	29.2189998627
1000.0	3.78e-05	29.25
1000.0	3.81e-05	29.2969999313
1000.0	3.82e-05	29.3279998302
1000.0	3.83e-05	29.3589999676
1000.0	3.83e-05	29.4059998989
1020.0	3.82e-05	29.8279998302
1020.0	3.85e-05	29.875
1020.0	3.9e-05	29.9059998989
1020.0	3.96e-05	29.9379999638
1020.0	3.96e-05	29.9839999676
1020.0	3.97e-05	30.0160000324
1020.0	4.01e-05	30.0469999313
1020.0	4.01e-05	30.0939998627
1020.0	4.03e-05	30.125
1020.0	4.07e-05	30.1719999313
1020.0	4.07e-05	30.2029998302
1020.0	4.07e-05	30.2339999676
1020.0	4.06e-05	30.2809998989
1020.0	4.06e-05	30.3129999638
1020.0	4.07e-05	30.3439998627
1020.0	4.1e-05	30.3910000324
1020.0	4.1e-05	30.4219999313
1020.0	4.08e-05	30.4529998302
1020.0	4.08e-05	30.5
1020.0	4.08e-05	30.5309998989
1020.0	4.1e-05	30.5779998302
1020.0	4.13e-05	30.6089999676
1020.0	4.12e-05	30.6410000324
1020.0	4.1e-05	30.6879999638
1020.0	4.12e-05	30.7189998627
1020.0	4.13e-05	30.75
1020.0	4.18e-05	30.7969999313
1020.0	4.16e-05	30.8279998302
1020.0	4.16e-05	30.875
1020.0	4.16e-05	30.9059998989
1020.0	4.16e-05	30.9379999638
1020.0	4.15e-05	30.9839999676
1020.0	4.12e-05	31.0160000324
1020.0	4.13e-05	31.0629999638
1020.0	4.13e-05	31.0939998627
1020.0	4.13e-05	31.125
1020.0	4.1e-05	31.1719999313
1020.0	4.06e-05	31.2029998302
1020.0	4.02e-05	31.2339999676
1020.0	4.02e-05	31.2809998989
1020.0	4e-05	31.3129999638
1040.0	4.45e-05	31.75
1040.0	4.47e-05	31.7809998989
1040.0	4.5e-05	31.8279998302
1040.0	4.51e-05	31.8589999676
1040.0	4.56e-05	31.8910000324
1040.0	4.58e-05	31.9379999638
1040.0	4.62e-05	31.9689998627
1040.0	4.65e-05	32.0160000324
1040.0	4.65e-05	32.0469999313
1040.0	4.66e-05	32.0779998302
1040.0	4.68e-05	32.125
1040.0	4.71e-05	32.1559998989
1040.0	4.75e-05	32.1879999638
1040.0	4.77e-05	32.2339999676
1040.0	4.77e-05	32.2660000324
1040.0	4.77e-05	32.2969999313
1040.0	4.78e-05	32.3439998627
1040.0	4.77e-05	32.375
1040.0	4.75e-05	32.4219999313
1040.0	4.75e-05	32.4529998302
1040.0	4.75e-05	32.4839999676
1040.0	4.75e-05	32.5309998989
1040.0	4.76e-05	32.5629999638
1040.0	4.78e-05	32.5939998627
1040.0	4.83e-05	32.6410000324
1040.0	4.82e-05	32.6719999313
1040.0	4.82e-05	32.7189998627
1040.0	4.82e-05	32.75
1040.0	4.82e-05	32.7969999313
1040.0	4.81e-05	32.8279998302
1040.0	4.77e-05	32.8589999676
1040.0	4.76e-05	32.9059998989
1040.0	4.75e-05	32.9379999638
1040.0	4.75e-05	32.9839999676
1040.0	4.77e-05	33.0160000324
1040.0	4.76e-05	33.0469999313
1040.0	4.72e-05	33.0939998627
1040.0	4.72e-05	33.125
1040.0	4.7e-05	33.1719999313
1040.0	4.71e-05	33.2029998302
1060.0	5.21e-05	33.6410000324
1060.0	5.32e-05	33.6719999313
1060.0	5.41e-05	33.7029998302
1060.0	5.46e-05	33.75
1060.0	5.45e-05	33.7809998989
1060.0	5.5e-05	33.8129999638
1060.0	5.51e-05	33.8589999676
1060.0	5.52e-05	33.8910000324
1060.0	5.53e-05	33.9379999638
1060.0	5.58e-05	33.9689998627
1060.0	5.62e-05	34.0
1060.0	5.63e-05	34.0469999313
1060.0	5.63e-05	34.0779998302
1060.0	5.63e-05	34.125
1060.0	5.63e-05	34.1559998989
1060.0	5.62e-05	34.1879999638
1060.0	5.58e-05	34.2339999676
1060.0	5.57e-05	34.2660000324
1060.0	5.56e-05	34.2969999313
1060.0	5.53e-05	34.3439998627
1060.0	5.52e-05	34.375
1060.0	5.52e-05	34.4219999313
1060.0	5.52e-05	34.4529998302
1060.0	5.51e-05	34.4839999676
1060.0	5.5e-05	34.5309998989
1060.0	5.51e-05	34.5629999638
1060.0	5.52e-05	34.5939998627
1060.0	5.52e-05	34.6410000324
1060.0	5.53e-05	34.6719999313
1060.0	5.56e-05	34.7189998627
1060.0	5.53e-05	34.75
1060.0	5.53e-05	34.7809998989
1060.0	5.53e-05	34.8279998302
1060.0	5.53e-05	34.8589999676
1060.0	5.56e-05	34.8910000324
1060.0	5.57e-05	34.9379999638
1060.0	5.62e-05	34.9689998627
1060.0	5.63e-05	35.0
1060.0	5.65e-05	35.0469999313
1060.0	5.66e-05	35.0779998302
1060.0	5.63e-05	35.125
1080.0	6.31e-05	35.5469999313
1080.0	6.41e-05	35.5779998302
1080.0	6.5e-05	35.625
1080.0	6.58e-05	35.6559998989
1080.0	6.63e-05	35.7029998302
1080.0	6.63e-05	35.7339999676
1080.0	6.68e-05	35.7660000324
1080.0	6.71e-05	35.8129999638
1080.0	6.71e-05	35.8439998627
1080.0	6.75e-05	35.875
1080.0	6.81e-05	35.9219999313
1080.0	6.85e-05	35.9529998302
1080.0	6.9e-05	36.0
1080.0	6.91e-05	36.0309998989
1080.0	6.93e-05	36.0629999638
1080.0	6.91e-05	36.1089999676
1080.0	6.91e-05	36.1410000324
1080.0	6.9e-05	36.1719999313
1080.0	6.88e-05	36.2189998627
1080.0	6.87e-05	36.25
1080.0	6.85e-05	36.2809998989
1080.0	6.82e-05	36.3279998302
1080.0	6.83e-05	36.3589999676
1080.0	6.85e-05	36.4059998989
1080.0	6.87e-05	36.4379999638
1080.0	6.83e-05	36.4689998627
1080.0	6.81e-05	36.5160000324
1080.0	6.78e-05	36.5469999313
1080.0	6.82e-05	36.5779998302
1080.0	6.82e-05	36.625
1080.0	6.87e-05	36.6559998989
1080.0	6.91e-05	36.6879999638
1080.0	6.91e-05	36.7339999676
1080.0	6.88e-05	36.7660000324
1080.0	6.87e-05	36.8129999638
1080.0	6.83e-05	36.8439998627
1080.0	6.81e-05	36.8910000324
1080.0	6.81e-05	36.9219999313
1080.0	6.78e-05	36.9529998302
1080.0	6.77e-05	37.0
1100.0	7.57e-05	37.4059998989
1100.0	7.72e-05	37.4529998302
1100.0	7.87e-05	37.4839999676
1100.0	7.97e-05	37.5309998989
1100.0	8.07e-05	37.5629999638
1100.0	8.15e-05	37.6089999676
1100.0	8.22e-05	37.6410000324
1100.0	8.26e-05	37.6719999313
1100.0	8.27e-05	37.7189998627
1100.0	8.27e-05	37.75
1100.0	8.31e-05	37.7809998989
1100.0	8.33e-05	37.8279998302
1100.0	8.33e-05	37.8589999676
1100.0	8.32e-05	37.9059998989
1100.0	8.32e-05	37.9379999638
1100.0	8.35e-05	37.9689998627
1100.0	8.37e-05	38.0160000324
1100.0	8.37e-05	38.0469999313
1100.0	8.37e-05	38.0939998627
1100.0	8.37e-05	38.125
1100.0	8.38e-05	38.1559998989
1100.0	8.38e-05	38.2029998302
1100.0	8.4e-05	38.2339999676
1100.0	8.43e-05	38.2660000324
1100.0	8.43e-05	38.3129999638
1100.0	8.45e-05	38.3439998627
1100.0	8.43e-05	38.3910000324
1100.0	8.41e-05	38.4219999313
1100.0	8.43e-05	38.4529998302
1100.0	8.41e-05	38.5
1100.0	8.43e-05	38.5309998989
1100.0	8.43e-05	38.5629999638
1100.0	8.4e-05	38.6089999676
1100.0	8.38e-05	38.6410000324
1100.0	8.38e-05	38.6719999313
1100.0	8.37e-05	38.7189998627
1100.0	8.33e-05	38.75
1100.0	8.33e-05	38.7969999313
1100.0	8.33e-05	38.8279998302
1100.0	8.33e-05	38.8589999676
1100.0	8.37e-05	38.9059998989
1120.0	9.33e-05	39.3129999638
1120.0	9.56e-05	39.3439998627
1120.0	9.71e-05	39.375
1120.0	9.83e-05	39.4219999313
1120.0	9.96e-05	39.4529998302
1120.0	0.0001003	39.5
1120.0	0.000101	39.5309998989
1120.0	0.0001015	39.5779998302
1120.0	0.000102	39.625
1120.0	0.0001021	39.6559998989
1120.0	0.0001022	39.7029998302
1120.0	0.0001027	39.75
1120.0	0.0001031	39.7809998989
1120.0	0.0001035	39.8279998302
1120.0	0.0001033	39.8589999676
1120.0	0.0001033	39.9059998989
1120.0	0.0001033	39.9529998302
1120.0	0.0001033	39.9839999676
1120.0	0.0001031	40.0309998989
1120.0	0.0001031	40.0779998302
1120.0	0.0001035	40.1089999676
1120.0	0.0001032	40.1559998989
1120.0	0.0001027	40.1879999638
1120.0	0.0001026	40.2339999676
1120.0	0.0001025	40.2809998989
1120.0	0.0001022	40.3129999638
1120.0	0.0001022	40.3589999676
1120.0	0.0001022	40.4059998989
1120.0	0.0001025	40.4379999638
1120.0	0.000102	40.4839999676
1120.0	0.0001018	40.5309998989
1120.0	0.0001018	40.5629999638
1120.0	0.000102	40.6089999676
1120.0	0.0001021	40.6559998989
1120.0	0.0001025	40.6879999638
1120.0	0.0001028	40.7339999676
1120.0	0.0001032	40.7660000324
1140.0	0.0001182	41.1879999638
1140.0	0.0001215	41.2189998627
1140.0	0.0001241	41.2660000324
1140.0	0.0001262	41.3129999638
1140.0	0.0001278	41.3439998627
1140.0	0.0001291	41.3910000324
1140.0	0.00013	41.4379999638
1140.0	0.0001301	41.4689998627
1140.0	0.0001302	41.5160000324
1140.0	0.0001306	41.5469999313
1140.0	0.000131	41.5939998627
1140.0	0.0001313	41.6410000324
1140.0	0.0001315	41.6719999313
1140.0	0.0001318	41.7189998627
1140.0	0.0001318	41.7660000324
1140.0	0.000132	41.7969999313
1140.0	0.0001322	41.8439998627
1140.0	0.0001325	41.875
1140.0	0.0001322	41.9219999313
1140.0	0.0001322	41.9689998627
1140.0	0.0001327	42.0
1140.0	0.0001331	42.0469999313
1140.0	0.0001332	42.0939998627
1140.0	0.0001332	42.1410000324
1140.0	0.0001333	42.1719999313
1140.0	0.0001333	42.2189998627
1140.0	0.0001333	42.25
1140.0	0.0001335	42.2969999313
1140.0	0.0001335	42.3439998627
1140.0	0.0001332	42.375
1140.0	0.0001327	42.4219999313
1140.0	0.0001327	42.4689998627
1140.0	0.0001328	42.5
1140.0	0.0001328	42.5469999313
1140.0	0.0001328	42.5779998302
1140.0	0.0001327	42.625
1140.0	0.0001327	42.6719999313
1160.0	0.0001532	43.0779998302
1160.0	0.0001571	43.125
1160.0	0.0001597	43.1559998989
1160.0	0.0001618	43.2029998302
1160.0	0.0001637	43.25
1160.0	0.0001651	43.2809998989
1160.0	0.0001662	43.3279998302
1160.0	0.0001666	43.3589999676
1160.0	0.0001671	43.4059998989
1160.0	0.0001677	43.4529998302
1160.0	0.0001681	43.4839999676
1160.0	0.0001682	43.5309998989
1160.0	0.0001685	43.5779998302
1160.0	0.000169	43.6089999676
1160.0	0.0001696	43.6559998989
1160.0	0.0001701	43.7029998302
1160.0	0.0001702	43.7339999676
1160.0	0.0001703	43.7809998989
1160.0	0.0001702	43.8279998302
1160.0	0.0001707	43.8589999676
1160.0	0.0001708	43.9059998989
1160.0	0.0001703	43.9379999638
1160.0	0.00017	43.9839999676
1160.0	0.00017	44.0309998989
1160.0	0.0001696	44.0629999638
1160.0	0.0001696	44.1089999676
1160.0	0.0001695	44.1559998989
1160.0	0.0001695	44.1879999638
1160.0	0.0001695	44.2339999676
1160.0	0.0001697	44.2660000324
1160.0	0.0001697	44.3129999638
1160.0	0.0001695	44.3589999676
1160.0	0.0001691	44.3910000324
1160.0	0.0001688	44.4379999638
1160.0	0.000169	44.4839999676
1160.0	0.0001691	44.5160000324
1160.0	0.0001693	44.5629999638
1180.0	0.0001941	44.9839999676
1180.0	0.0001983	45.0160000324
1180.0	0.0002018	45.0629999638
1180.0	0.0002045	45.1089999676
1180.0	0.000206	45.1410000324
1180.0	0.000207	45.1879999638
1180.0	0.0002081	45.2189998627
1180.0	0.0002091	45.2660000324
1180.0	0.00021	45.3129999638
1180.0	0.0002106	45.3439998627
1180.0	0.000211	45.3910000324
1180.0	0.0002116	45.4379999638
1180.0	0.0002118	45.4689998627
1180.0	0.000212	45.5160000324
1180.0	0.0002121	45.5469999313
1180.0	0.0002125	45.5939998627
1180.0	0.0002126	45.6410000324
1180.0	0.0002127	45.6719999313
1180.0	0.0002128	45.7189998627
1180.0	0.0002127	45.7660000324
1180.0	0.0002125	45.7969999313
1180.0	0.0002126	45.8439998627
1180.0	0.0002126	45.875
1180.0	0.0002128	45.9219999313
1180.0	0.0002128	45.9689998627
1180.0	0.0002128	46.0
1180.0	0.0002128	46.0469999313
1180.0	0.0002131	46.0939998627
1180.0	0.0002133	46.125
1180.0	0.0002131	46.1719999313
1180.0	0.0002128	46.2189998627
1180.0	0.0002126	46.25
1180.0	0.000212	46.2969999313
1180.0	0.0002116	46.3279998302
1180.0	0.0002112	46.375
1180.0	0.0002112	46.4219999313
1180.0	0.0002115	46.4529998302
1200.0	0.0002356	46.875
1200.0	0.0002395	46.9219999313
1200.0	0.0002427	46.9529998302
1200.0	0.0002456	47.0
1200.0	0.0002482	47.0469999313
1200.0	0.0002502	47.0779998302
1200.0	0.0002515	47.125
1200.0	0.0002522	47.1719999313
1200.0	0.0002527	47.2029998302
1200.0	0.0002527	47.25
1200.0	0.0002531	47.2809998989
1200.0	0.0002533	47.3279998302
1200.0	0.0002535	47.375
1200.0	0.0002538	47.4059998989
1200.0	0.0002543	47.4529998302
1200.0	0.0002541	47.5
1200.0	0.000254	47.5309998989
1200.0	0.0002538	47.5779998302
1200.0	0.000254	47.6089999676
1200.0	0.0002543	47.6559998989
1200.0	0.0002547	47.7029998302
1200.0	0.0002551	47.7339999676
1200.0	0.0002552	47.7809998989
1200.0	0.000255	47.8279998302
1200.0	0.000255	47.8589999676
1200.0	0.0002551	47.9059998989
1200.0	0.0002553	47.9379999638
1200.0	0.0002552	47.9839999676
1200.0	0.0002547	48.0309998989
1200.0	0.0002551	48.0629999638
1200.0	0.0002558	48.1089999676
1200.0	0.0002562	48.1559998989
1200.0	0.0002562	48.2029998302
1200.0	0.0002563	48.2339999676
1200.0	0.000256	48.2809998989
1200.0	0.0002556	48.3129999638
1200.0	0.0002552	48.3589999676
1220.0	0.0002756	48.7809998989
1220.0	0.0002791	48.8129999638
1220.0	0.0002818	48.8589999676
1220.0	0.0002837	48.8910000324
1220.0	0.0002857	48.9379999638
1220.0	0.0002875	48.9839999676
1220.0	0.000289	49.0160000324
1220.0	0.0002896	49.0629999638
1220.0	0.00029	49.1089999676
1220.0	0.00029	49.1410000324
1220.0	0.00029	49.1879999638
1220.0	0.0002903	49.2339999676
1220.0	0.0002903	49.2660000324
1220.0	0.0002906	49.3129999638
1220.0	0.0002906	49.3589999676
1220.0	0.0002901	49.3910000324
1220.0	0.0002896	49.4379999638
1220.0	0.0002896	49.4689998627
1220.0	0.0002895	49.5160000324
1220.0	0.0002896	49.5629999638
1220.0	0.0002896	49.5939998627
1220.0	0.00029	49.6410000324
1220.0	0.0002901	49.6879999638
1220.0	0.0002901	49.7189998627
1220.0	0.0002906	49.7660000324
1220.0	0.0002907	49.8129999638
1220.0	0.0002908	49.8439998627
1220.0	0.0002912	49.8910000324
1220.0	0.0002915	49.9219999313
1220.0	0.0002918	49.9689998627
1220.0	0.0002921	50.0160000324
1220.0	0.000292	50.0469999313
1220.0	0.0002916	50.0939998627
1220.0	0.0002912	50.1410000324
1220.0	0.0002908	50.1719999313
1220.0	0.0002907	50.2189998627
1220.0	0.0002907	50.25
1240.0	0.0003057	50.6719999313
1240.0	0.0003081	50.7029998302
1240.0	0.00031	50.75
1240.0	0.0003113	50.7969999313
1240.0	0.0003122	50.8279998302
1240.0	0.0003135	50.875
1240.0	0.0003138	50.9219999313
1240.0	0.0003141	50.9529998302
1240.0	0.0003146	51.0
1240.0	0.0003152	51.0309998989
1240.0	0.0003153	51.0779998302
1240.0	0.0003158	51.125
1240.0	0.0003166	51.1559998989
1240.0	0.000317	51.2029998302
1240.0	0.0003171	51.25
1240.0	0.000317	51.2809998989
1240.0	0.0003168	51.3279998302
1240.0	0.0003163	51.375
1240.0	0.0003165	51.4059998989
1240.0	0.0003165	51.4529998302
1240.0	0.0003163	51.5
1240.0	0.0003162	51.5309998989
1240.0	0.0003162	51.5779998302
1240.0	0.0003165	51.6089999676
1240.0	0.0003168	51.6559998989
1240.0	0.0003168	51.7029998302
1240.0	0.0003168	51.7339999676
1240.0	0.0003171	51.7809998989
1240.0	0.0003171	51.8279998302
1240.0	0.000317	51.8589999676
1240.0	0.0003166	51.9059998989
1240.0	0.0003162	51.9529998302
1240.0	0.0003158	51.9839999676
1240.0	0.0003158	52.0309998989
1240.0	0.0003158	52.0629999638
1240.0	0.0003158	52.1089999676
1240.0	0.0003158	52.1559998989
1260.0	0.0003255	52.5629999638
1260.0	0.000327	52.6089999676
1260.0	0.0003287	52.6410000324
1260.0	0.00033	52.6879999638
1260.0	0.0003307	52.7189998627
1260.0	0.0003312	52.7660000324
1260.0	0.000332	52.8129999638
1260.0	0.0003327	52.8439998627
1260.0	0.0003332	52.8910000324
1260.0	0.0003336	52.9379999638
1260.0	0.0003338	52.9689998627
1260.0	0.0003337	53.0160000324
1260.0	0.0003336	53.0469999313
1260.0	0.0003336	53.0939998627
1260.0	0.0003338	53.1410000324
1260.0	0.0003338	53.1719999313
1260.0	0.0003342	53.2189998627
1260.0	0.0003346	53.2660000324
1260.0	0.000335	53.2969999313
1260.0	0.0003345	53.3439998627
1260.0	0.0003342	53.375
1260.0	0.0003342	53.4219999313
1260.0	0.0003338	53.4689998627
1260.0	0.0003338	53.5
1260.0	0.0003342	53.5469999313
1260.0	0.0003338	53.5939998627
1260.0	0.0003337	53.625
1260.0	0.0003337	53.6719999313
1260.0	0.0003337	53.7189998627
1260.0	0.0003338	53.75
1260.0	0.0003338	53.7969999313
1260.0	0.0003337	53.8279998302
1260.0	0.0003338	53.875
1260.0	0.0003338	53.9219999313
1260.0	0.0003336	53.9529998302
1260.0	0.0003336	54.0
1260.0	0.0003336	54.0469999313
1280.0	0.0003382	54.4529998302
1280.0	0.000339	54.5
1280.0	0.0003396	54.5309998989
1280.0	0.0003402	54.5779998302
1280.0	0.0003408	54.6089999676
1280.0	0.0003413	54.6559998989
1280.0	0.0003418	54.7029998302
1280.0	0.0003425	54.7339999676
1280.0	0.0003432	54.7809998989
1280.0	0.0003436	54.8279998302
1280.0	0.0003437	54.8589999676
1280.0	0.0003436	54.9059998989
1280.0	0.0003436	54.9379999638
1280.0	0.0003431	54.9839999676
1280.0	0.000343	55.0309998989
1280.0	0.0003431	55.0629999638
1280.0	0.000343	55.1089999676
1280.0	0.0003423	55.1559998989
1280.0	0.0003423	55.1879999638
1280.0	0.0003423	55.2339999676
1280.0	0.000342	55.2660000324
1280.0	0.000342	55.3129999638
1280.0	0.0003417	55.3589999676
1280.0	0.0003413	55.3910000324
1280.0	0.0003413	55.4379999638
1280.0	0.0003418	55.4839999676
1280.0	0.000342	55.5160000324
1280.0	0.0003418	55.5629999638
1280.0	0.0003417	55.5939998627
1280.0	0.0003415	55.6410000324
1280.0	0.0003415	55.6879999638
1280.0	0.0003417	55.7189998627
1280.0	0.0003418	55.7660000324
1280.0	0.0003421	55.8129999638
1280.0	0.0003426	55.8439998627
1280.0	0.0003426	55.8910000324
1280.0	0.0003427	55.9219999313
1300.0	0.0003442	56.3439998627
1300.0	0.0003436	56.3910000324
1300.0	0.0003437	56.4219999313
1300.0	0.0003438	56.4689998627
1300.0	0.0003437	56.5160000324
1300.0	0.0003438	56.5469999313
1300.0	0.0003442	56.5939998627
1300.0	0.000344	56.625
1300.0	0.0003438	56.6719999313
1300.0	0.0003436	56.7189998627
1300.0	0.0003433	56.75
1300.0	0.0003427	56.7969999313
1300.0	0.0003426	56.8439998627
1300.0	0.000343	56.875
1300.0	0.0003433	56.9219999313
1300.0	0.0003438	56.9529998302
1300.0	0.0003438	57.0
1300.0	0.000344	57.0469999313
1300.0	0.0003438	57.0939998627
1300.0	0.0003437	57.125
1300.0	0.0003437	57.1719999313
1300.0	0.0003437	57.2029998302
1300.0	0.0003431	57.25
1300.0	0.0003426	57.2969999313
1300.0	0.0003426	57.3279998302
1300.0	0.0003427	57.375
1300.0	0.000343	57.4219999313
1300.0	0.0003431	57.4529998302
1300.0	0.0003436	57.5
1300.0	0.000344	57.5469999313
1300.0	0.0003442	57.5779998302
1300.0	0.0003442	57.625
1300.0	0.0003442	57.6559998989
1300.0	0.0003438	57.7029998302
1300.0	0.0003442	57.75
1300.0	0.0003438	57.7969999313
1320.0	0.0003361	58.2029998302
1320.0	0.0003351	58.25
1320.0	0.000334	58.2969999313
1320.0	0.0003327	58.3279998302
1320.0	0.0003315	58.375
1320.0	0.0003307	58.4219999313
1320.0	0.0003302	58.4529998302
1320.0	0.0003302	58.5
1320.0	0.0003305	58.5309998989
1320.0	0.0003305	58.5779998302
1320.0	0.0003302	58.625
1320.0	0.0003301	58.6719999313
1320.0	0.00033	58.7029998302
1320.0	0.0003302	58.75
1320.0	0.0003298	58.7809998989
1320.0	0.0003295	58.8279998302
1320.0	0.0003293	58.875
1320.0	0.0003288	58.9059998989
1320.0	0.0003286	58.9529998302
1320.0	0.0003286	59.0
1320.0	0.0003283	59.0309998989
1320.0	0.0003283	59.0779998302
1320.0	0.0003286	59.1089999676
1320.0	0.0003287	59.1559998989
1320.0	0.0003287	59.2029998302
1320.0	0.0003286	59.2339999676
1320.0	0.0003286	59.2809998989
1320.0	0.0003288	59.3279998302
1320.0	0.0003288	59.375
1320.0	0.0003288	59.4059998989
1320.0	0.0003288	59.4529998302
1320.0	0.0003288	59.4839999676
1320.0	0.0003288	59.5309998989
1320.0	0.0003287	59.5779998302
1320.0	0.0003287	59.6089999676
1320.0	0.0003287	59.6559998989
1320.0	0.0003286	59.7029998302
1340.0	0.0003135	60.1089999676
1340.0	0.0003103	60.1559998989
1340.0	0.0003083	60.2029998302
1340.0	0.0003065	60.2339999676
1340.0	0.000305	60.2809998989
1340.0	0.0003037	60.3129999638
1340.0	0.0003027	60.3589999676
1340.0	0.0003021	60.4059998989
1340.0	0.0003015	60.4379999638
1340.0	0.0003008	60.4839999676
1340.0	0.0003008	60.5309998989
1340.0	0.0003003	60.5629999638
1340.0	0.0003002	60.6089999676
1340.0	0.0003002	60.6410000324
1340.0	0.0003002	60.6879999638
1340.0	0.0003002	60.7339999676
1340.0	0.0003006	60.7660000324
1340.0	0.0003006	60.8129999638
1340.0	0.0003003	60.8589999676
1340.0	0.0003	60.8910000324
1340.0	0.0002995	60.9379999638
1340.0	0.0002995	60.9839999676
1340.0	0.000299	61.0160000324
1340.0	0.0002991	61.0629999638
1340.0	0.0002993	61.1089999676
1340.0	0.0002993	61.1410000324
1340.0	0.0002997	61.1879999638
1340.0	0.0003001	61.2339999676
1340.0	0.0003003	61.2660000324
1340.0	0.0003007	61.3129999638
1340.0	0.0003007	61.3439998627
1340.0	0.0003007	61.3910000324
1340.0	0.0003008	61.4379999638
1340.0	0.0003003	61.4689998627
1340.0	0.0003002	61.5160000324
1340.0	0.0003003	61.5629999638
1340.0	0.0003007	61.5939998627
1360.0	0.0002822	62.0160000324
1360.0	0.0002791	62.0469999313
1360.0	0.0002765	62.0939998627
1360.0	0.0002745	62.1410000324
1360.0	0.0002732	62.1719999313
1360.0	0.0002722	62.2189998627
1360.0	0.000271	62.2660000324
1360.0	0.0002701	62.2969999313
1360.0	0.0002691	62.3439998627
1360.0	0.0002683	62.3910000324
1360.0	0.0002682	62.4219999313
1360.0	0.0002678	62.4689998627
1360.0	0.0002675	62.5160000324
1360.0	0.0002671	62.5469999313
1360.0	0.000267	62.5939998627
1360.0	0.000267	62.625
1360.0	0.0002672	62.6719999313
1360.0	0.0002676	62.7189998627
1360.0	0.0002677	62.75
1360.0	0.0002681	62.7969999313
1360.0	0.0002682	62.8439998627
1360.0	0.0002678	62.875
1360.0	0.0002678	62.9219999313
1360.0	0.0002678	62.9529998302
1360.0	0.0002681	63.0
1360.0	0.0002682	63.0469999313
1360.0	0.0002687	63.0939998627
1360.0	0.0002687	63.125
1360.0	0.0002681	63.1719999313
1360.0	0.0002676	63.2189998627
1360.0	0.0002671	63.25
1360.0	0.0002668	63.2969999313
1360.0	0.0002668	63.3279998302
1360.0	0.000267	63.375
1360.0	0.0002671	63.4219999313
1360.0	0.0002672	63.4529998302
1360.0	0.0002672	63.5
1380.0	0.0002502	63.9059998989
1380.0	0.0002472	63.9529998302
1380.0	0.0002451	64.0
1380.0	0.0002431	64.0309998989
1380.0	0.0002418	64.0779998302
1380.0	0.0002407	64.1089999676
1380.0	0.0002397	64.1559998989
1380.0	0.0002388	64.2029998302
1380.0	0.0002385	64.2339999676
1380.0	0.0002383	64.2809998989
1380.0	0.0002381	64.3279998302
1380.0	0.0002378	64.3589999676
1380.0	0.0002375	64.4059998989
1380.0	0.0002372	64.4529998302
1380.0	0.0002372	64.4839999676
1380.0	0.0002372	64.5309998989
1380.0	0.0002375	64.5779998302
1380.0	0.0002375	64.6089999676
1380.0	0.0002371	64.6559998989
1380.0	0.0002366	64.6879999638
1380.0	0.0002366	64.7339999676
1380.0	0.0002368	64.7809998989
1380.0	0.0002368	64.8129999638
1380.0	0.0002368	64.8589999676
1380.0	0.000237	64.9059998989
1380.0	0.0002372	64.9379999638
1380.0	0.0002372	64.9839999676
1380.0	0.0002371	65.0160000324
1380.0	0.0002372	65.0629999638
1380.0	0.0002375	65.1089999676
1380.0	0.0002376	65.1410000324
1380.0	0.0002378	65.1879999638
1380.0	0.0002378	65.2339999676
1380.0	0.0002381	65.2660000324
1380.0	0.0002382	65.3129999638
1380.0	0.0002382	65.3439998627
1380.0	0.0002382	65.3910000324
1400.0	0.0002268	65.7969999313
1400.0	0.0002246	65.8439998627
1400.0	0.0002227	65.8910000324
1400.0	0.0002212	65.9219999313
1400.0	0.0002203	65.9689998627
1400.0	0.0002197	66.0160000324
1400.0	0.0002193	66.0469999313
1400.0	0.0002191	66.0939998627
1400.0	0.000219	66.125
1400.0	0.0002188	66.1719999313
1400.0	0.0002185	66.2189998627
1400.0	0.0002187	66.2660000324
1400.0	0.0002188	66.2969999313
1400.0	0.0002185	66.3439998627
1400.0	0.0002182	66.375
1400.0	0.0002181	66.4219999313
1400.0	0.0002181	66.4689998627
1400.0	0.0002182	66.5
1400.0	0.0002183	66.5469999313
1400.0	0.0002188	66.5939998627
1400.0	0.0002193	66.625
1400.0	0.000219	66.6719999313
1400.0	0.000219	66.7189998627
1400.0	0.0002191	66.75
1400.0	0.000219	66.7969999313
1400.0	0.000219	66.8439998627
1400.0	0.0002191	66.875
1400.0	0.0002193	66.9219999313
1400.0	0.0002191	66.9689998627
1400.0	0.000219	67.0
1400.0	0.000219	67.0469999313
1400.0	0.0002191	67.0779998302
1400.0	0.000219	67.125
1400.0	0.0002193	67.1719999313
1400.0	0.0002196	67.2189998627
1400.0	0.0002196	67.25
1420.0	0.0002156	67.6719999313
1420.0	0.0002152	67.7189998627
1420.0	0.0002146	67.75
1420.0	0.0002143	67.7969999313
1420.0	0.0002137	67.8439998627
1420.0	0.0002132	67.875
1420.0	0.0002128	67.9219999313
1420.0	0.0002127	67.9529998302
1420.0	0.0002127	68.0
1420.0	0.0002125	68.0469999313
1420.0	0.0002122	68.0779998302
1420.0	0.0002121	68.125
1420.0	0.0002122	68.1719999313
1420.0	0.0002125	68.2029998302
1420.0	0.0002127	68.25
1420.0	0.0002132	68.2809998989
1420.0	0.0002128	68.3279998302
1420.0	0.0002131	68.375
1420.0	0.0002132	68.4059998989
1420.0	0.0002128	68.4529998302
1420.0	0.0002125	68.5
1420.0	0.0002125	68.5309998989
1420.0	0.0002121	68.5779998302
1420.0	0.0002116	68.6089999676
1420.0	0.0002112	68.6559998989
1420.0	0.0002115	68.7029998302
1420.0	0.0002116	68.7339999676
1420.0	0.0002116	68.7809998989
1420.0	0.0002121	68.8279998302
1420.0	0.0002125	68.875
1420.0	0.0002126	68.9059998989
1420.0	0.0002128	68.9529998302
1420.0	0.0002131	68.9839999676
1420.0	0.0002127	69.0309998989
1420.0	0.0002127	69.0779998302
1420.0	0.0002127	69.1089999676
1420.0	0.0002126	69.1559998989
1440.0	0.0002171	69.5629999638
1440.0	0.0002178	69.6089999676
1440.0	0.0002187	69.6410000324
1440.0	0.000219	69.6879999638
1440.0	0.00022	69.7339999676
1440.0	0.0002202	69.7660000324
1440.0	0.0002202	69.8129999638
1440.0	0.0002203	69.8589999676
1440.0	0.0002202	69.8910000324
1440.0	0.0002201	69.9379999638
1440.0	0.0002201	69.9689998627
1440.0	0.0002203	70.0160000324
1440.0	0.0002207	70.0629999638
1440.0	0.0002208	70.0939998627
1440.0	0.0002208	70.1410000324
1440.0	0.000221	70.1879999638
1440.0	0.0002208	70.2189998627
1440.0	0.0002208	70.2660000324
1440.0	0.000221	70.2969999313
1440.0	0.0002212	70.3439998627
1440.0	0.0002213	70.3910000324
1440.0	0.0002216	70.4219999313
1440.0	0.0002218	70.4689998627
1440.0	0.000222	70.5160000324
1440.0	0.0002222	70.5469999313
1440.0	0.000222	70.5939998627
1440.0	0.0002218	70.6410000324
1440.0	0.000222	70.6719999313
1440.0	0.0002222	70.7189998627
1440.0	0.0002226	70.7660000324
1440.0	0.0002232	70.7969999313
1440.0	0.0002235	70.8439998627
1440.0	0.0002232	70.8910000324
1440.0	0.0002231	70.9219999313
1440.0	0.0002231	70.9689998627
1440.0	0.0002231	71.0
1460.0	0.0002287	71.4219999313
1460.0	0.0002297	71.4689998627
1460.0	0.0002308	71.5
1460.0	0.0002318	71.5469999313
1460.0	0.0002327	71.5939998627
1460.0	0.0002335	71.625
1460.0	0.0002341	71.6719999313
1460.0	0.0002346	71.7029998302
1460.0	0.0002351	71.75
1460.0	0.0002351	71.7969999313
1460.0	0.000235	71.8279998302
1460.0	0.0002347	71.875
1460.0	0.000235	71.9219999313
1460.0	0.000235	71.9529998302
1460.0	0.0002347	72.0
1460.0	0.0002347	72.0309998989
1460.0	0.0002351	72.0779998302
1460.0	0.000235	72.125
1460.0	0.000235	72.1559998989
1460.0	0.0002346	72.2029998302
1460.0	0.000234	72.25
1460.0	0.000234	72.2809998989
1460.0	0.0002343	72.3279998302
1460.0	0.0002347	72.3589999676
1460.0	0.0002353	72.4059998989
1460.0	0.0002356	72.4529998302
1460.0	0.0002358	72.4839999676
1460.0	0.0002357	72.5309998989
1460.0	0.0002352	72.5779998302
1460.0	0.0002352	72.6089999676
1460.0	0.000235	72.6559998989
1460.0	0.0002346	72.7029998302
1460.0	0.0002347	72.7339999676
1460.0	0.0002351	72.7809998989
1460.0	0.0002352	72.8129999638
1460.0	0.0002351	72.8589999676
1460.0	0.000235	72.9059998989
1480.0	0.0002396	73.3129999638
1480.0	0.0002403	73.3589999676
1480.0	0.0002408	73.3910000324
1480.0	0.0002408	73.4379999638
1480.0	0.000241	73.4839999676
1480.0	0.0002408	73.5160000324
1480.0	0.0002407	73.5629999638
1480.0	0.000241	73.6089999676
1480.0	0.0002415	73.6410000324
1480.0	0.000242	73.6879999638
1480.0	0.0002422	73.7339999676
1480.0	0.0002425	73.7660000324
1480.0	0.0002425	73.8129999638
1480.0	0.0002427	73.8589999676
1480.0	0.0002427	73.8910000324
1480.0	0.0002426	73.9379999638
1480.0	0.0002422	73.9689998627
1480.0	0.000242	74.0160000324
1480.0	0.0002422	74.0629999638
1480.0	0.0002422	74.0939998627
1480.0	0.0002425	74.1410000324
1480.0	0.0002425	74.1879999638
1480.0	0.0002426	74.2189998627
1480.0	0.0002425	74.2660000324
1480.0	0.000242	74.2969999313
1480.0	0.0002415	74.3439998627
1480.0	0.000241	74.3910000324
1480.0	0.0002407	74.4219999313
1480.0	0.0002408	74.4689998627
1480.0	0.0002408	74.5160000324
1480.0	0.0002407	74.5469999313
1480.0	0.0002408	74.5939998627
1480.0	0.0002407	74.6410000324
1480.0	0.0002403	74.6719999313
1480.0	0.0002407	74.7189998627
1480.0	0.0002412	74.75
1480.0	0.0002415	74.7969999313
1500.0	0.0002446	75.2189998627
1500.0	0.0002447	75.2660000324
1500.0	0.000245	75.2969999313
1500.0	0.0002452	75.3439998627
1500.0	0.0002453	75.375
1500.0	0.0002453	75.4219999313
1500.0	0.0002452	75.4689998627
1500.0	0.0002453	75.5
1500.0	0.0002458	75.5469999313
1500.0	0.0002462	75.5939998627
1500.0	0.0002465	75.625
1500.0	0.0002466	75.6719999313
1500.0	0.0002471	75.7029998302
1500.0	0.000247	75.75
1500.0	0.0002468	75.7969999313
1500.0	0.0002468	75.8279998302
1500.0	0.0002468	75.875
1500.0	0.0002466	75.9219999313
1500.0	0.0002466	75.9529998302
1500.0	0.0002468	76.0
1500.0	0.0002468	76.0309998989
1500.0	0.0002465	76.0779998302
1500.0	0.0002466	76.125
1500.0	0.0002468	76.1559998989
1500.0	0.0002468	76.2029998302
1500.0	0.0002468	76.25
1500.0	0.000247	76.2809998989
1500.0	0.000247	76.3279998302
1500.0	0.0002468	76.3589999676
1500.0	0.0002465	76.4059998989
1500.0	0.000246	76.4529998302
1500.0	0.000246	76.4839999676
1500.0	0.000246	76.5309998989
1500.0	0.0002463	76.5779998302
1500.0	0.0002465	76.6089999676
1500.0	0.0002463	76.6559998989
1500.0	0.0002465	76.7029998302
1520.0	0.0002477	77.125
1520.0	0.0002475	77.1559998989
1520.0	0.0002472	77.2029998302
1520.0	0.0002471	77.25
1520.0	0.0002472	77.2809998989
1520.0	0.0002477	77.3279998302
1520.0	0.0002482	77.375
1520.0	0.0002481	77.4219999313
1520.0	0.0002481	77.4529998302
1520.0	0.0002481	77.5
1520.0	0.0002478	77.5309998989
1520.0	0.0002476	77.5779998302
1520.0	0.0002475	77.625
1520.0	0.0002477	77.6559998989
1520.0	0.0002478	77.7029998302
1520.0	0.0002478	77.75
1520.0	0.0002481	77.7809998989
1520.0	0.0002483	77.8279998302
1520.0	0.0002487	77.8589999676
1520.0	0.0002485	77.9059998989
1520.0	0.0002485	77.9529998302
1520.0	0.0002483	77.9839999676
1520.0	0.0002482	78.0309998989
1520.0	0.0002483	78.0779998302
1520.0	0.0002482	78.1089999676
1520.0	0.0002475	78.1559998989
1520.0	0.0002471	78.1879999638
1520.0	0.000247	78.2339999676
1520.0	0.000247	78.2809998989
1520.0	0.0002468	78.3129999638
1520.0	0.0002471	78.3589999676
1520.0	0.0002478	78.4059998989
1520.0	0.0002483	78.4379999638
1520.0	0.0002488	78.4839999676
1520.0	0.0002491	78.5160000324
1520.0	0.0002491	78.5629999638
1520.0	0.0002491	78.6089999676
1540.0	0.0002481	79.0309998989
1540.0	0.0002471	79.0779998302
1540.0	0.0002465	79.1089999676
1540.0	0.0002462	79.1559998989
1540.0	0.0002458	79.2029998302
1540.0	0.0002456	79.2339999676
1540.0	0.0002453	79.2809998989
1540.0	0.0002451	79.3129999638
1540.0	0.0002447	79.3589999676
1540.0	0.0002446	79.4059998989
1540.0	0.0002446	79.4379999638
1540.0	0.0002445	79.4839999676
1540.0	0.0002443	79.5309998989
1540.0	0.0002445	79.5629999638
1540.0	0.0002451	79.6089999676
1540.0	0.0002452	79.6410000324
1540.0	0.0002456	79.6879999638
1540.0	0.0002453	79.7339999676
1540.0	0.000245	79.7660000324
1540.0	0.0002443	79.8129999638
1540.0	0.0002438	79.8589999676
1540.0	0.0002438	79.8910000324
1540.0	0.0002443	79.9379999638
1540.0	0.0002446	79.9839999676
1540.0	0.0002446	80.0160000324
1540.0	0.000245	80.0629999638
1540.0	0.000245	80.0939998627
1540.0	0.0002453	80.1410000324
1540.0	0.0002452	80.1879999638
1540.0	0.0002447	80.2189998627
1540.0	0.0002446	80.2660000324
1540.0	0.0002445	80.3129999638
1540.0	0.0002443	80.3439998627
1540.0	0.0002443	80.3910000324
1540.0	0.0002443	80.4219999313
1540.0	0.0002441	80.4689998627
1540.0	0.0002441	80.5160000324
1560.0	0.0002377	80.9379999638
1560.0	0.0002368	80.9839999676
1560.0	0.0002362	81.0160000324
1560.0	0.0002357	81.0629999638
1560.0	0.0002351	81.1089999676
1560.0	0.0002343	81.1410000324
1560.0	0.0002337	81.1879999638
1560.0	0.0002337	81.2189998627
1560.0	0.0002338	81.2660000324
1560.0	0.0002337	81.3129999638
1560.0	0.0002335	81.3439998627
1560.0	0.0002333	81.3910000324
1560.0	0.0002331	81.4379999638
1560.0	0.0002327	81.4689998627
1560.0	0.0002326	81.5160000324
1560.0	0.0002325	81.5469999313
1560.0	0.0002327	81.5939998627
1560.0	0.0002327	81.6410000324
1560.0	0.0002328	81.6719999313
1560.0	0.0002331	81.7189998627
1560.0	0.0002332	81.7660000324
1560.0	0.0002331	81.7969999313
1560.0	0.0002331	81.8439998627
1560.0	0.0002331	81.8910000324
1560.0	0.0002333	81.9219999313
1560.0	0.0002337	81.9689998627
1560.0	0.0002338	82.0160000324
1560.0	0.0002338	82.0469999313
1560.0	0.0002338	82.0939998627
1560.0	0.0002337	82.1410000324
1560.0	0.000234	82.1719999313
1560.0	0.0002341	82.2189998627
1560.0	0.000234	82.25
1560.0	0.0002337	82.2969999313
1560.0	0.0002333	82.3439998627
1560.0	0.0002333	82.375
1560.0	0.0002331	82.4219999313
1580.0	0.000222	82.8439998627
1580.0	0.0002197	82.8910000324
1580.0	0.0002183	82.9379999638
1580.0	0.000217	82.9689998627
1580.0	0.0002158	83.0160000324
1580.0	0.0002151	83.0469999313
1580.0	0.000215	83.0939998627
1580.0	0.0002145	83.1410000324
1580.0	0.000214	83.1719999313
1580.0	0.0002141	83.2189998627
1580.0	0.0002143	83.2660000324
1580.0	0.0002145	83.2969999313
1580.0	0.0002143	83.3439998627
1580.0	0.0002143	83.375
1580.0	0.000214	83.4219999313
1580.0	0.0002135	83.4689998627
1580.0	0.0002133	83.5
1580.0	0.0002132	83.5469999313
1580.0	0.0002131	83.5939998627
1580.0	0.0002128	83.625
1580.0	0.0002127	83.6719999313
1580.0	0.0002128	83.7029998302
1580.0	0.0002128	83.75
1580.0	0.0002128	83.7969999313
1580.0	0.0002128	83.8279998302
1580.0	0.0002128	83.875
1580.0	0.0002127	83.9219999313
1580.0	0.0002127	83.9529998302
1580.0	0.0002132	84.0
1580.0	0.0002135	84.0469999313
1580.0	0.0002137	84.0779998302
1580.0	0.0002133	84.125
1580.0	0.0002133	84.1559998989
1580.0	0.0002133	84.2029998302
1580.0	0.0002133	84.25
1580.0	0.0002131	84.2809998989
1580.0	0.0002133	84.3279998302
1600.0	0.000197	84.75
1600.0	0.0001943	84.7969999313
1600.0	0.000192	84.8439998627
1600.0	0.0001897	84.875
1600.0	0.0001883	84.9219999313
1600.0	0.0001872	84.9529998302
1600.0	0.0001866	85.0
1600.0	0.0001865	85.0469999313
1600.0	0.0001863	85.0779998302
1600.0	0.0001862	85.125
1600.0	0.0001862	85.1719999313
1600.0	0.0001862	85.2029998302
1600.0	0.0001858	85.25
1600.0	0.0001853	85.2809998989
1600.0	0.0001853	85.3279998302
1600.0	0.0001856	85.375
1600.0	0.0001856	85.4059998989
1600.0	0.0001852	85.4529998302
1600.0	0.000185	85.5
1600.0	0.0001845	85.5309998989
1600.0	0.000184	85.5779998302
1600.0	0.000184	85.6089999676
1600.0	0.0001845	85.6559998989
1600.0	0.0001847	85.7029998302
1600.0	0.0001847	85.75
1600.0	0.0001845	85.7809998989
1600.0	0.0001843	85.8279998302
1600.0	0.0001843	85.875
1600.0	0.0001847	85.9059998989
1600.0	0.0001852	85.9529998302
1600.0	0.0001856	86.0
1600.0	0.0001858	86.0309998989
1600.0	0.0001863	86.0779998302
1600.0	0.0001866	86.125
1600.0	0.0001871	86.1559998989
1600.0	0.0001875	86.2029998302
1620.0	0.0001683	86.6410000324
1620.0	0.0001651	86.6719999313
1620.0	0.0001627	86.7189998627
1620.0	0.0001608	86.7660000324
1620.0	0.0001593	86.7969999313
1620.0	0.0001585	86.8439998627
1620.0	0.0001578	86.875
1620.0	0.0001575	86.9219999313
1620.0	0.000157	86.9689998627
1620.0	0.0001565	87.0
1620.0	0.0001562	87.0469999313
1620.0	0.0001557	87.0939998627
1620.0	0.0001557	87.125
1620.0	0.000156	87.1719999313
1620.0	0.0001557	87.2029998302
1620.0	0.0001553	87.25
1620.0	0.0001553	87.2969999313
1620.0	0.0001552	87.3279998302
1620.0	0.0001552	87.375
1620.0	0.0001552	87.4219999313
1620.0	0.000155	87.4529998302
1620.0	0.000155	87.5
1620.0	0.000155	87.5469999313
1620.0	0.0001547	87.5779998302
1620.0	0.000155	87.625
1620.0	0.000155	87.6559998989
1620.0	0.0001547	87.7029998302
1620.0	0.0001551	87.75
1620.0	0.0001552	87.7809998989
1620.0	0.0001557	87.8279998302
1620.0	0.000156	87.875
1620.0	0.000156	87.9059998989
1620.0	0.0001558	87.9529998302
1620.0	0.0001558	87.9839999676
1620.0	0.0001558	88.0309998989
1620.0	0.000156	88.0779998302
1620.0	0.0001558	88.1089999676
1640.0	0.0001365	88.5629999638
1640.0	0.0001337	88.5939998627
1640.0	0.0001315	88.6410000324
1640.0	0.0001301	88.6879999638
1640.0	0.0001287	88.7189998627
1640.0	0.0001276	88.7660000324
1640.0	0.0001268	88.7969999313
1640.0	0.000126	88.8439998627
1640.0	0.0001253	88.8910000324
1640.0	0.0001251	88.9219999313
1640.0	0.000125	88.9689998627
1640.0	0.0001245	89.0160000324
1640.0	0.0001241	89.0469999313
1640.0	0.0001237	89.0939998627
1640.0	0.0001235	89.125
1640.0	0.0001235	89.1719999313
1640.0	0.0001235	89.2189998627
1640.0	0.0001237	89.25
1640.0	0.000124	89.2969999313
1640.0	0.0001243	89.3439998627
1640.0	0.0001246	89.375
1640.0	0.0001247	89.4219999313
1640.0	0.0001247	89.4689998627
1640.0	0.000125	89.5
1640.0	0.000125	89.5469999313
1640.0	0.000125	89.5939998627
1640.0	0.000125	89.625
1640.0	0.000125	89.6719999313
1640.0	0.000125	89.7189998627
1640.0	0.000125	89.75
1640.0	0.0001247	89.7969999313
1640.0	0.0001247	89.8279998302
1640.0	0.0001247	89.875
1640.0	0.000125	89.9219999313
1640.0	0.0001252	89.9529998302
1640.0	0.0001252	90.0
1640.0	0.0001253	90.0469999313
1660.0	0.0001081	90.4839999676
1660.0	0.0001062	90.5309998989
1660.0	0.0001041	90.5629999638
1660.0	0.0001026	90.6089999676
1660.0	0.0001015	90.6559998989
1660.0	0.0001007	90.6879999638
1660.0	0.0001006	90.7339999676
1660.0	0.0001002	90.7809998989
1660.0	0.0001002	90.8279998302
1660.0	0.0001	90.8589999676
1660.0	9.96e-05	90.8910000324
1660.0	9.96e-05	90.9379999638
1660.0	9.95e-05	90.9689998627
1660.0	9.93e-05	91.0160000324
1660.0	9.93e-05	91.0469999313
1660.0	9.93e-05	91.0779998302
1660.0	9.93e-05	91.125
1660.0	9.95e-05	91.1559998989
1660.0	9.91e-05	91.1879999638
1660.0	9.87e-05	91.2339999676
1660.0	9.85e-05	91.2660000324
1660.0	9.83e-05	91.2969999313
1660.0	9.85e-05	91.3439998627
1660.0	9.83e-05	91.375
1660.0	9.82e-05	91.4219999313
1660.0	9.83e-05	91.4529998302
1660.0	9.81e-05	91.4839999676
1660.0	9.81e-05	91.5309998989
1660.0	9.81e-05	91.5629999638
1660.0	9.78e-05	91.5939998627
1660.0	9.76e-05	91.6410000324
1660.0	9.71e-05	91.6719999313
1660.0	9.66e-05	91.7189998627
1660.0	9.65e-05	91.75
1660.0	9.66e-05	91.7809998989
1660.0	9.68e-05	91.8279998302
1660.0	9.71e-05	91.8589999676
1660.0	9.72e-05	91.8910000324
1660.0	9.75e-05	91.9379999638
1680.0	8.62e-05	92.375
1680.0	8.46e-05	92.4219999313
1680.0	8.32e-05	92.4529998302
1680.0	8.21e-05	92.4839999676
1680.0	8.1e-05	92.5309998989
1680.0	8.02e-05	92.5629999638
1680.0	7.97e-05	92.6089999676
1680.0	7.97e-05	92.6410000324
1680.0	8.01e-05	92.6719999313
1680.0	8e-05	92.7189998627
1680.0	7.97e-05	92.75
1680.0	7.96e-05	92.7809998989
1680.0	7.96e-05	92.8279998302
1680.0	7.95e-05	92.8589999676
1680.0	7.95e-05	92.8910000324
1680.0	7.93e-05	92.9379999638
1680.0	7.91e-05	92.9689998627
1680.0	7.87e-05	93.0160000324
1680.0	7.83e-05	93.0469999313
1680.0	7.87e-05	93.0779998302
1680.0	7.9e-05	93.125
1680.0	7.93e-05	93.1559998989
1680.0	7.91e-05	93.1879999638
1680.0	7.91e-05	93.2339999676
1680.0	7.85e-05	93.2660000324
1680.0	7.82e-05	93.2969999313
1680.0	7.81e-05	93.3439998627
1680.0	7.81e-05	93.375
1680.0	7.81e-05	93.4219999313
1680.0	7.83e-05	93.4529998302
1680.0	7.87e-05	93.4839999676
1680.0	7.87e-05	93.5309998989
1680.0	7.88e-05	93.5629999638
1680.0	7.88e-05	93.5939998627
1680.0	7.88e-05	93.6410000324
1680.0	7.87e-05	93.6719999313
1680.0	7.87e-05	93.7189998627
1680.0	7.91e-05	93.75
1680.0	7.95e-05	93.7809998989
1680.0	7.96e-05	93.8279998302
1680.0	7.95e-05	93.8589999676
1700.0	6.87e-05	94.2969999313
1700.0	6.72e-05	94.3439998627
1700.0	6.63e-05	94.375
1700.0	6.57e-05	94.4219999313
1700.0	6.51e-05	94.4529998302
1700.0	6.47e-05	94.4839999676
1700.0	6.43e-05	94.5309998989
1700.0	6.41e-05	94.5629999638
1700.0	6.41e-05	94.5939998627
1700.0	6.38e-05	94.6410000324
1700.0	6.37e-05	94.6719999313
1700.0	6.37e-05	94.7029998302
1700.0	6.37e-05	94.75
1700.0	6.32e-05	94.7809998989
1700.0	6.33e-05	94.8279998302
1700.0	6.35e-05	94.8589999676
1700.0	6.37e-05	94.8910000324
1700.0	6.37e-05	94.9379999638
1700.0	6.35e-05	94.9689998627
1700.0	6.32e-05	95.0160000324
1700.0	6.33e-05	95.0469999313
1700.0	6.31e-05	95.0779998302
1700.0	6.27e-05	95.125
1700.0	6.26e-05	95.1559998989
1700.0	6.26e-05	95.1879999638
1700.0	6.27e-05	95.2339999676
1700.0	6.31e-05	95.2660000324
1700.0	6.31e-05	95.3129999638
1700.0	6.28e-05	95.3439998627
1700.0	6.31e-05	95.375
1700.0	6.31e-05	95.4219999313
1700.0	6.28e-05	95.4529998302
1700.0	6.27e-05	95.4839999676
1700.0	6.28e-05	95.5309998989
1700.0	6.31e-05	95.5629999638
1700.0	6.28e-05	95.5939998627
1700.0	6.27e-05	95.6410000324
1700.0	6.28e-05	95.6719999313
1700.0	6.28e-05	95.7189998627
1700.0	6.32e-05	95.75
1700.0	6.32e-05	95.7809998989
1720.0	5.63e-05	96.2339999676
1720.0	5.58e-05	96.2660000324
1720.0	5.52e-05	96.3129999638
1720.0	5.46e-05	96.3439998627
1720.0	5.4e-05	96.3910000324
1720.0	5.33e-05	96.4219999313
1720.0	5.28e-05	96.4529998302
1720.0	5.25e-05	96.5
1720.0	5.18e-05	96.5309998989
1720.0	5.18e-05	96.5779998302
1720.0	5.16e-05	96.6089999676
1720.0	5.16e-05	96.6410000324
1720.0	5.16e-05	96.6879999638
1720.0	5.12e-05	96.7189998627
1720.0	5.1e-05	96.75
1720.0	5.07e-05	96.7969999313
1720.0	5.1e-05	96.8279998302
1720.0	5.13e-05	96.8589999676
1720.0	5.13e-05	96.9059998989
1720.0	5.15e-05	96.9379999638
1720.0	5.16e-05	96.9839999676
1720.0	5.18e-05	97.0160000324
1720.0	5.16e-05	97.0469999313
1720.0	5.16e-05	97.0939998627
1720.0	5.15e-05	97.125
1720.0	5.18e-05	97.1559998989
1720.0	5.22e-05	97.2029998302
1720.0	5.25e-05	97.2339999676
1720.0	5.25e-05	97.2660000324
1720.0	5.26e-05	97.3129999638
1720.0	5.25e-05	97.3439998627
1720.0	5.22e-05	97.3910000324
1720.0	5.21e-05	97.4219999313
1720.0	5.18e-05	97.4529998302
1720.0	5.18e-05	97.5
1720.0	5.16e-05	97.5309998989
1720.0	5.15e-05	97.5629999638
1720.0	5.15e-05	97.6089999676
1720.0	5.13e-05	97.6410000324
1720.0	5.13e-05	97.6719999313
1740.0	4.7e-05	98.125
1740.0	4.63e-05	98.1559998989
1740.0	4.58e-05	98.2029998302
1740.0	4.53e-05	98.2339999676
1740.0	4.47e-05	98.2809998989
1740.0	4.41e-05	98.3129999638
1740.0	4.41e-05	98.3589999676
1740.0	4.41e-05	98.3910000324
1740.0	4.4e-05	98.4219999313
1740.0	4.37e-05	98.4689998627
1740.0	4.37e-05	98.5
1740.0	4.4e-05	98.5309998989
1740.0	4.4e-05	98.5779998302
1740.0	4.41e-05	98.6089999676
1740.0	4.4e-05	98.6410000324
1740.0	4.35e-05	98.6879999638
1740.0	4.32e-05	98.7189998627
1740.0	4.32e-05	98.7660000324
1740.0	4.35e-05	98.7969999313
1740.0	4.35e-05	98.8279998302
1740.0	4.35e-05	98.875
1740.0	4.35e-05	98.9059998989
1740.0	4.35e-05	98.9379999638
1740.0	4.33e-05	98.9839999676
1740.0	4.32e-05	99.0160000324
1740.0	4.33e-05	99.0629999638
1740.0	4.32e-05	99.0939998627
1740.0	4.32e-05	99.125
1740.0	4.32e-05	99.1719999313
1740.0	4.32e-05	99.2029998302
1740.0	4.33e-05	99.2339999676
1740.0	4.33e-05	99.2809998989
1740.0	4.35e-05	99.3129999638
1740.0	4.33e-05	99.3439998627
1740.0	4.32e-05	99.3910000324
1740.0	4.31e-05	99.4219999313
1740.0	4.28e-05	99.4689998627
1740.0	4.28e-05	99.5
1740.0	4.31e-05	99.5309998989
1740.0	4.31e-05	99.5779998302
1740.0	4.33e-05	99.6089999676
1760.0	3.9e-05	100.046999931
1760.0	3.85e-05	100.093999863
1760.0	3.82e-05	100.125
1760.0	3.78e-05	100.155999899
1760.0	3.76e-05	100.20299983
1760.0	3.7e-05	100.233999968
1760.0	3.66e-05	100.280999899
1760.0	3.63e-05	100.312999964
1760.0	3.6e-05	100.343999863
1760.0	3.58e-05	100.391000032
1760.0	3.56e-05	100.421999931
1760.0	3.56e-05	100.45299983
1760.0	3.58e-05	100.5
1760.0	3.62e-05	100.530999899
1760.0	3.6e-05	100.57799983
1760.0	3.65e-05	100.608999968
1760.0	3.68e-05	100.641000032
1760.0	3.68e-05	100.687999964
1760.0	3.72e-05	100.718999863
1760.0	3.72e-05	100.766000032
1760.0	3.71e-05	100.796999931
1760.0	3.68e-05	100.843999863
1760.0	3.68e-05	100.875
1760.0	3.68e-05	100.905999899
1760.0	3.68e-05	100.95299983
1760.0	3.66e-05	100.983999968
1760.0	3.65e-05	101.016000032
1760.0	3.68e-05	101.062999964
1760.0	3.71e-05	101.093999863
1760.0	3.72e-05	101.141000032
1760.0	3.76e-05	101.171999931
1760.0	3.76e-05	101.20299983
1760.0	3.75e-05	101.25
1760.0	3.72e-05	101.280999899
1760.0	3.7e-05	101.312999964
1760.0	3.68e-05	101.358999968
1760.0	3.68e-05	101.391000032
1760.0	3.71e-05	101.421999931
1760.0	3.7e-05	101.468999863
1760.0	3.68e-05	101.5
1760.0	3.66e-05	101.546999931
1780.0	3.26e-05	101.983999968
1780.0	3.2e-05	102.030999899
1780.0	3.15e-05	102.062999964
1780.0	3.12e-05	102.108999968
1780.0	3.1e-05	102.141000032
1780.0	3.1e-05	102.171999931
1780.0	3.08e-05	102.218999863
1780.0	3.06e-05	102.25
1780.0	3.06e-05	102.280999899
1780.0	3.03e-05	102.32799983
1780.0	3.06e-05	102.358999968
1780.0	3.02e-05	102.391000032
1780.0	3.03e-05	102.437999964
1780.0	3.01e-05	102.468999863
1780.0	2.96e-05	102.516000032
1780.0	2.95e-05	102.546999931
1780.0	2.96e-05	102.57799983
1780.0	2.96e-05	102.625
1780.0	2.95e-05	102.655999899
1780.0	2.93e-05	102.687999964
1780.0	2.95e-05	102.733999968
1780.0	2.97e-05	102.766000032
1780.0	2.96e-05	102.812999964
1780.0	2.97e-05	102.843999863
1780.0	3e-05	102.875
1780.0	3e-05	102.921999931
1780.0	3.02e-05	102.95299983
1780.0	3.02e-05	102.983999968
1780.0	3.02e-05	103.030999899
1780.0	3.03e-05	103.062999964
1780.0	3.06e-05	103.093999863
1780.0	3.06e-05	103.141000032
1780.0	3.07e-05	103.171999931
1780.0	3.07e-05	103.218999863
1780.0	3.1e-05	103.25
1780.0	3.13e-05	103.280999899
1780.0	3.15e-05	103.32799983
1780.0	3.16e-05	103.358999968
1780.0	3.15e-05	103.391000032
1780.0	3.15e-05	103.437999964
1780.0	3.13e-05	103.468999863
1800.0	2.76e-05	103.921999931
1800.0	2.66e-05	103.95299983
1800.0	2.58e-05	104.0
1800.0	2.53e-05	104.030999899
1800.0	2.5e-05	104.062999964
1800.0	2.46e-05	104.108999968
1800.0	2.46e-05	104.141000032
1800.0	2.47e-05	104.171999931
1800.0	2.46e-05	104.218999863
1800.0	2.46e-05	104.25
1800.0	2.46e-05	104.280999899
1800.0	2.47e-05	104.32799983
1800.0	2.47e-05	104.358999968
1800.0	2.5e-05	104.391000032
1800.0	2.47e-05	104.437999964
1800.0	2.41e-05	104.468999863
1800.0	2.4e-05	104.516000032
1800.0	2.37e-05	104.546999931
1800.0	2.38e-05	104.57799983
1800.0	2.43e-05	104.625
1800.0	2.5e-05	104.655999899
1800.0	2.5e-05	104.687999964
1800.0	2.5e-05	104.733999968
1800.0	2.47e-05	104.766000032
1800.0	2.47e-05	104.812999964
1800.0	2.46e-05	104.843999863
1800.0	2.43e-05	104.875
1800.0	2.4e-05	104.921999931
1800.0	2.4e-05	104.95299983
1800.0	2.43e-05	104.983999968
1800.0	2.43e-05	105.030999899
1800.0	2.41e-05	105.062999964
1800.0	2.37e-05	105.093999863
1800.0	2.35e-05	105.141000032
1800.0	2.35e-05	105.171999931
1800.0	2.35e-05	105.218999863
1800.0	2.35e-05	105.25
1800.0	2.38e-05	105.280999899
1800.0	2.41e-05	105.32799983
1800.0	2.45e-05	105.358999968
1800.0	2.47e-05	105.391000032
