Your comment line - do NOT delete this line
X-pos [m], Y-pos [m], Voltage [V]
0.0005	-0.003	5.10218e-05
0.000475	-0.003	5.19755e-05
0.00045	-0.003	5.24523e-05
0.000425	-0.003	5.24523e-05
0.0004	-0.003	5.29292e-05
0.000375	-0.003	5.53133e-05
0.00035	-0.003	5.6267e-05
0.000325	-0.003	5.72207e-05
0.0003	-0.003	5.86512e-05
0.000275	-0.003	6.00817e-05
0.00025	-0.003	6.19893e-05
0.000225	-0.003	6.24661e-05
0.0002	-0.003	6.53272e-05
0.000175	-0.003	6.72345e-05
0.00015	-0.003	6.72345e-05
0.000125	-0.003	6.96187e-05
0.0001	-0.003	7.00955e-05
7.5e-05	-0.003	7.29566e-05
5e-05	-0.003	7.53407e-05
2.5e-05	-0.003	7.72481e-05
0.0	-0.003	7.86786e-05
-2.5e-05	-0.003	8.10628e-05
-5e-05	-0.003	8.3447e-05
-7.5e-05	-0.003	8.48775e-05
-0.0001	-0.003	8.67848e-05
-0.000125	-0.003	8.96459e-05
-0.00015	-0.003	9.10764e-05
-0.000175	-0.003	9.48911e-05
-0.0002	-0.003	9.91826e-05
-0.000225	-0.003	0.000100613
-0.00025	-0.003	0.000102997
-0.000275	-0.003	0.000105858
-0.0003	-0.003	0.000108719
-0.000325	-0.003	0.000113488
-0.00035	-0.003	0.000118256
-0.000375	-0.003	0.000121594
-0.0004	-0.003	0.000126363
-0.000425	-0.003	0.000132562
-0.00045	-0.003	0.000139237
-0.000475	-0.003	0.000144483
-0.0005	-0.003	0.000150681
-0.000525	-0.003	0.00015688
-0.00055	-0.003	0.00016451
-0.000575	-0.003	0.000171185
-0.0006	-0.003	0.000180245
-0.000625	-0.003	0.000190736
-0.00065	-0.003	0.000201226
-0.000675	-0.003	0.000213624
-0.0007	-0.003	0.000222207
-0.000725	-0.003	0.000237943
-0.00075	-0.003	0.00025654
-0.000775	-0.003	0.000271322
-0.0008	-0.003	0.000293257
-0.000825	-0.003	0.000311853
-0.00085	-0.003	0.000331881
-0.000875	-0.003	0.000358583
-0.0009	-0.003	0.000380995
-0.000925	-0.003	0.0003953
-0.00095	-0.003	0.000412466
-0.000975	-0.003	0.000426294
-0.001	-0.003	0.000443937
-0.001025	-0.003	0.000447275
-0.00105	-0.003	0.000463488
-0.001075	-0.003	0.000471594
-0.0011	-0.003	0.000475885
-0.001125	-0.003	0.000468256
-0.00115	-0.003	0.000473978
-0.001175	-0.003	0.000466825
-0.0012	-0.003	0.000453474
-0.001225	-0.003	0.000437262
-0.00125	-0.003	0.000433447
-0.001275	-0.003	0.000407221
-0.0013	-0.003	0.000400068
-0.001325	-0.003	0.000373842
-0.00135	-0.003	0.000356676
-0.001375	-0.003	0.000347616
-0.0014	-0.003	0.000322821
-0.001425	-0.003	0.000306608
-0.00145	-0.003	0.00029421
-0.001475	-0.003	0.000278475
-0.0015	-0.003	0.000255587
-0.001525	-0.003	0.000243188
-0.00155	-0.003	0.000226022
-0.001575	-0.003	0.000212193
-0.0016	-0.003	0.000201226
-0.001625	-0.003	0.000188352
-0.00165	-0.003	0.000179769
-0.001675	-0.003	0.000167848
-0.0017	-0.003	0.000158788
-0.001725	-0.003	0.000152112
-0.00175	-0.003	0.000142575
-0.001775	-0.003	0.000135423
-0.0018	-0.003	0.000129224
-0.001825	-0.003	0.000122548
-0.00185	-0.003	0.00011921
-0.001875	-0.003	0.000112057
-0.0019	-0.003	0.000108243
-0.001925	-0.003	0.000105381
-0.00195	-0.003	9.96594e-05
-0.001975	-0.003	9.44142e-05
-0.002	-0.003	9.29837e-05
-0.002	-0.0029751	9.29837e-05
-0.001975	-0.0029751	9.63216e-05
-0.00195	-0.0029751	9.96594e-05
-0.001925	-0.0029751	0.000105858
-0.0019	-0.0029751	0.000108243
-0.001875	-0.0029751	0.000113965
-0.00185	-0.0029751	0.000119687
-0.001825	-0.0029751	0.000123979
-0.0018	-0.0029751	0.000133515
-0.001775	-0.0029751	0.000138284
-0.00175	-0.0029751	0.00014639
-0.001725	-0.0029751	0.000151158
-0.0017	-0.0029751	0.000161649
-0.001675	-0.0029751	0.000171185
-0.00165	-0.0029751	0.000175954
-0.001625	-0.0029751	0.000185967
-0.0016	-0.0029751	0.000201226
-0.001575	-0.0029751	0.000213624
-0.00155	-0.0029751	0.000225068
-0.001525	-0.0029751	0.000240804
-0.0015	-0.0029751	0.000257017
-0.001475	-0.0029751	0.000281336
-0.00145	-0.0029751	0.000295641
-0.001425	-0.0029751	0.00031233
-0.0014	-0.0029751	0.000334265
-0.001375	-0.0029751	0.000350477
-0.00135	-0.0029751	0.000368597
-0.001325	-0.0029751	0.00038624
-0.0013	-0.0029751	0.000397207
-0.001275	-0.0029751	0.000412943
-0.00125	-0.0029751	0.000429632
-0.001225	-0.0029751	0.000447275
-0.0012	-0.0029751	0.000456335
-0.001175	-0.0029751	0.000464918
-0.00115	-0.0029751	0.000480654
-0.001125	-0.0029751	0.000485899
-0.0011	-0.0029751	0.000477316
-0.001075	-0.0029751	0.000478746
-0.00105	-0.0029751	0.000470163
-0.001025	-0.0029751	0.000459196
-0.001	-0.0029751	0.000455381
-0.000975	-0.0029751	0.00044346
-0.00095	-0.0029751	0.000428202
-0.000925	-0.0029751	0.000411035
-0.0009	-0.0029751	0.000385286
-0.000875	-0.0029751	0.000363829
-0.00085	-0.0029751	0.000347616
-0.000825	-0.0029751	0.000324251
-0.0008	-0.0029751	0.00030327
-0.000775	-0.0029751	0.000277998
-0.00075	-0.0029751	0.000262739
-0.000725	-0.0029751	0.000244619
-0.0007	-0.0029751	0.000232221
-0.000675	-0.0029751	0.000217916
-0.00065	-0.0029751	0.000207902
-0.000625	-0.0029751	0.000196935
-0.0006	-0.0029751	0.000183583
-0.000575	-0.0029751	0.000179292
-0.00055	-0.0029751	0.000170232
-0.000525	-0.0029751	0.000163079
-0.0005	-0.0029751	0.000154019
-0.000475	-0.0029751	0.000147344
-0.00045	-0.0029751	0.000142575
-0.000425	-0.0029751	0.00013733
-0.0004	-0.0029751	0.000130654
-0.000375	-0.0029751	0.000125886
-0.00035	-0.0029751	0.00012064
-0.000325	-0.0029751	0.000117302
-0.0003	-0.0029751	0.000112534
-0.000275	-0.0029751	0.000109196
-0.00025	-0.0029751	0.000106812
-0.000225	-0.0029751	0.00010252
-0.0002	-0.0029751	0.000100136
-0.000175	-0.0029751	9.77521e-05
-0.00015	-0.0029751	9.34605e-05
-0.000125	-0.0029751	9.203e-05
-0.0001	-0.0029751	8.86922e-05
-7.5e-05	-0.0029751	8.6308e-05
-5e-05	-0.0029751	8.39238e-05
-2.5e-05	-0.0029751	8.20165e-05
0.0	-0.0029751	8.05859e-05
2.5e-05	-0.0029751	7.77249e-05
5e-05	-0.0029751	7.67712e-05
7.5e-05	-0.0029751	7.58176e-05
0.0001	-0.0029751	7.29566e-05
0.000125	-0.0029751	6.96187e-05
0.00015	-0.0029751	6.96187e-05
0.000175	-0.0029751	6.72345e-05
0.0002	-0.0029751	6.5804e-05
0.000225	-0.0029751	6.34198e-05
0.00025	-0.0029751	6.19893e-05
0.000275	-0.0029751	6.10356e-05
0.0003	-0.0029751	6.05586e-05
0.000325	-0.0029751	5.9128e-05
0.00035	-0.0029751	5.81744e-05
0.000375	-0.0029751	5.6267e-05
0.0004	-0.0029751	5.53133e-05
0.000425	-0.0029751	5.43597e-05
0.00045	-0.0029751	5.38828e-05
0.000475	-0.0029751	5.29292e-05
0.0005	-0.0029751	5.19755e-05
0.0005	-0.0029501	5.24523e-05
0.000475	-0.0029501	5.29292e-05
0.00045	-0.0029501	5.53133e-05
0.000425	-0.0029501	5.53133e-05
0.0004	-0.0029501	5.6267e-05
0.000375	-0.0029501	5.76975e-05
0.00035	-0.0029501	5.9128e-05
0.000325	-0.0029501	5.86512e-05
0.0003	-0.0029501	6.19893e-05
0.000275	-0.0029501	6.38966e-05
0.00025	-0.0029501	6.53272e-05
0.000225	-0.0029501	6.48503e-05
0.0002	-0.0029501	6.67577e-05
0.000175	-0.0029501	6.8665e-05
0.00015	-0.0029501	7.1526e-05
0.000125	-0.0029501	7.20029e-05
0.0001	-0.0029501	7.39102e-05
7.5e-05	-0.0029501	7.62944e-05
5e-05	-0.0029501	7.82018e-05
2.5e-05	-0.0029501	8.01091e-05
0.0	-0.0029501	8.15396e-05
-2.5e-05	-0.0029501	8.48775e-05
-5e-05	-0.0029501	8.6308e-05
-7.5e-05	-0.0029501	8.77385e-05
-0.0001	-0.0029501	9.10764e-05
-0.000125	-0.0029501	9.39374e-05
-0.00015	-0.0029501	9.63216e-05
-0.000175	-0.0029501	9.91826e-05
-0.0002	-0.0029501	0.000102044
-0.000225	-0.0029501	0.000105858
-0.00025	-0.0029501	0.000109196
-0.000275	-0.0029501	0.00011158
-0.0003	-0.0029501	0.000116349
-0.000325	-0.0029501	0.00011921
-0.00035	-0.0029501	0.000124932
-0.000375	-0.0029501	0.000130654
-0.0004	-0.0029501	0.0001359
-0.000425	-0.0029501	0.000140191
-0.00045	-0.0029501	0.00014639
-0.000475	-0.0029501	0.000152112
-0.0005	-0.0029501	0.000157357
-0.000525	-0.0029501	0.000164987
-0.00055	-0.0029501	0.000173093
-0.000575	-0.0029501	0.000180722
-0.0006	-0.0029501	0.000191213
-0.000625	-0.0029501	0.000200273
-0.00065	-0.0029501	0.000211717
-0.000675	-0.0029501	0.000227929
-0.0007	-0.0029501	0.000238896
-0.000725	-0.0029501	0.000252249
-0.00075	-0.0029501	0.000271799
-0.000775	-0.0029501	0.000289442
-0.0008	-0.0029501	0.000313761
-0.000825	-0.0029501	0.000333788
-0.00085	-0.0029501	0.000353815
-0.000875	-0.0029501	0.000378611
-0.0009	-0.0029501	0.000394823
-0.000925	-0.0029501	0.000411035
-0.00095	-0.0029501	0.000433924
-0.000975	-0.0029501	0.000443937
-0.001	-0.0029501	0.000459196
-0.001025	-0.0029501	0.000476839
-0.00105	-0.0029501	0.000479223
-0.001075	-0.0029501	0.000480177
-0.0011	-0.0029501	0.000490192
-0.001125	-0.0029501	0.000488285
-0.00115	-0.0029501	0.000483515
-0.001175	-0.0029501	0.000481607
-0.0012	-0.0029501	0.00047064
-0.001225	-0.0029501	0.00045252
-0.00125	-0.0029501	0.000445845
-0.001275	-0.0029501	0.00042391
-0.0013	-0.0029501	0.000410082
-0.001325	-0.0029501	0.000381948
-0.00135	-0.0029501	0.000372889
-0.001375	-0.0029501	0.000354292
-0.0014	-0.0029501	0.000332357
-0.001425	-0.0029501	0.000320913
-0.00145	-0.0029501	0.00030184
-0.001475	-0.0029501	0.000276567
-0.0015	-0.0029501	0.000261309
-0.001525	-0.0029501	0.00024748
-0.00155	-0.0029501	0.000227929
-0.001575	-0.0029501	0.000212193
-0.0016	-0.0029501	0.000205518
-0.001625	-0.0029501	0.000191689
-0.00165	-0.0029501	0.000180722
-0.001675	-0.0029501	0.000168801
-0.0017	-0.0029501	0.000161649
-0.001725	-0.0029501	0.000153542
-0.00175	-0.0029501	0.000146867
-0.001775	-0.0029501	0.000140191
-0.0018	-0.0029501	0.000131608
-0.001825	-0.0029501	0.000124932
-0.00185	-0.0029501	0.00012064
-0.001875	-0.0029501	0.000115872
-0.0019	-0.0029501	0.000108719
-0.001925	-0.0029501	0.000104905
-0.00195	-0.0029501	0.000100136
-0.001975	-0.0029501	9.72752e-05
-0.002	-0.0029501	9.39374e-05
-0.002	-0.0029251	9.39374e-05
-0.001975	-0.0029251	9.72752e-05
-0.00195	-0.0029251	0.000101567
-0.001925	-0.0029251	0.000103951
-0.0019	-0.0029251	0.000109673
-0.001875	-0.0029251	0.000115395
-0.00185	-0.0029251	0.000122548
-0.001825	-0.0029251	0.000129224
-0.0018	-0.0029251	0.000132085
-0.001775	-0.0029251	0.000141622
-0.00175	-0.0029251	0.000146867
-0.001725	-0.0029251	0.000157834
-0.0017	-0.0029251	0.000160695
-0.001675	-0.0029251	0.000172616
-0.00165	-0.0029251	0.000183106
-0.001625	-0.0029251	0.000189782
-0.0016	-0.0029251	0.000201703
-0.001575	-0.0029251	0.000217916
-0.00155	-0.0029251	0.000229836
-0.001525	-0.0029251	0.000245573
-0.0015	-0.0029251	0.000268461
-0.001475	-0.0029251	0.000284674
-0.00145	-0.0029251	0.00030184
-0.001425	-0.0029251	0.000316622
-0.0014	-0.0029251	0.000334265
-0.001375	-0.0029251	0.000354292
-0.00135	-0.0029251	0.000373842
-0.001325	-0.0029251	0.000388147
-0.0013	-0.0029251	0.000411989
-0.001275	-0.0029251	0.000424864
-0.00125	-0.0029251	0.000445368
-0.001225	-0.0029251	0.000459196
-0.0012	-0.0029251	0.000473501
-0.001175	-0.0029251	0.000479223
-0.00115	-0.0029251	0.000498299
-0.001125	-0.0029251	0.000501636
-0.0011	-0.0029251	0.000499252
-0.001075	-0.0029251	0.000501636
-0.00105	-0.0029251	0.000491623
-0.001025	-0.0029251	0.000482561
-0.001	-0.0029251	0.00047064
-0.000975	-0.0029251	0.000457766
-0.00095	-0.0029251	0.000443937
-0.000925	-0.0029251	0.000430586
-0.0009	-0.0029251	0.000407221
-0.000875	-0.0029251	0.000390531
-0.00085	-0.0029251	0.000367643
-0.000825	-0.0029251	0.000346186
-0.0008	-0.0029251	0.000323297
-0.000775	-0.0029251	0.000302793
-0.00075	-0.0029251	0.000284197
-0.000725	-0.0029251	0.000264646
-0.0007	-0.0029251	0.000250341
-0.000675	-0.0029251	0.000231267
-0.00065	-0.0029251	0.000219823
-0.000625	-0.0029251	0.000206471
-0.0006	-0.0029251	0.00019455
-0.000575	-0.0029251	0.000188352
-0.00055	-0.0029251	0.000178338
-0.000525	-0.0029251	0.000169278
-0.0005	-0.0029251	0.000162602
-0.000475	-0.0029251	0.000157357
-0.00045	-0.0029251	0.000150205
-0.000425	-0.0029251	0.000144959
-0.0004	-0.0029251	0.000139237
-0.000375	-0.0029251	0.000134946
-0.00035	-0.0029251	0.000129224
-0.000325	-0.0029251	0.000125886
-0.0003	-0.0029251	0.00012064
-0.000275	-0.0029251	0.000116349
-0.00025	-0.0029251	0.000113011
-0.000225	-0.0029251	0.000107766
-0.0002	-0.0029251	0.000105381
-0.000175	-0.0029251	0.00010252
-0.00015	-0.0029251	0.000100136
-0.000125	-0.0029251	9.58447e-05
-0.0001	-0.0029251	9.39374e-05
-7.5e-05	-0.0029251	9.10764e-05
-5e-05	-0.0029251	8.86922e-05
-2.5e-05	-0.0029251	8.72617e-05
0.0	-0.0029251	8.48775e-05
2.5e-05	-0.0029251	8.15396e-05
5e-05	-0.0029251	8.15396e-05
7.5e-05	-0.0029251	7.96323e-05
0.0001	-0.0029251	7.62944e-05
0.000125	-0.0029251	7.39102e-05
0.00015	-0.0029251	7.29566e-05
0.000175	-0.0029251	7.1526e-05
0.0002	-0.0029251	7.00955e-05
0.000225	-0.0029251	6.77113e-05
0.00025	-0.0029251	6.53272e-05
0.000275	-0.0029251	6.48503e-05
0.0003	-0.0029251	6.2943e-05
0.000325	-0.0029251	6.15125e-05
0.00035	-0.0029251	6.10356e-05
0.000375	-0.0029251	6.05586e-05
0.0004	-0.0029251	5.9128e-05
0.000425	-0.0029251	5.72207e-05
0.00045	-0.0029251	5.53133e-05
0.000475	-0.0029251	5.53133e-05
0.0005	-0.0029251	5.38828e-05
0.0005	-0.0029001	5.53133e-05
0.000475	-0.0029001	5.6267e-05
0.00045	-0.0029001	5.86512e-05
0.000425	-0.0029001	5.86512e-05
0.0004	-0.0029001	5.9128e-05
0.000375	-0.0029001	6.05586e-05
0.00035	-0.0029001	6.05586e-05
0.000325	-0.0029001	6.38966e-05
0.0003	-0.0029001	6.43735e-05
0.000275	-0.0029001	6.62808e-05
0.00025	-0.0029001	6.96187e-05
0.000225	-0.0029001	6.81882e-05
0.0002	-0.0029001	7.1526e-05
0.000175	-0.0029001	7.39102e-05
0.00015	-0.0029001	7.43871e-05
0.000125	-0.0029001	7.58176e-05
0.0001	-0.0029001	7.91554e-05
7.5e-05	-0.0029001	8.10628e-05
5e-05	-0.0029001	8.29701e-05
2.5e-05	-0.0029001	8.39238e-05
0.0	-0.0029001	8.58312e-05
-2.5e-05	-0.0029001	8.82153e-05
-5e-05	-0.0029001	9.01227e-05
-7.5e-05	-0.0029001	9.39374e-05
-0.0001	-0.0029001	9.58447e-05
-0.000125	-0.0029001	9.87058e-05
-0.00015	-0.0029001	0.000100613
-0.000175	-0.0029001	0.000104905
-0.0002	-0.0029001	0.000109196
-0.000225	-0.0029001	0.000113488
-0.00025	-0.0029001	0.000117302
-0.000275	-0.0029001	0.00011921
-0.0003	-0.0029001	0.000124932
-0.000325	-0.0029001	0.00012827
-0.00035	-0.0029001	0.000133992
-0.000375	-0.0029001	0.000138284
-0.0004	-0.0029001	0.000143052
-0.000425	-0.0029001	0.000150205
-0.00045	-0.0029001	0.000154019
-0.000475	-0.0029001	0.000161172
-0.0005	-0.0029001	0.000170232
-0.000525	-0.0029001	0.000178338
-0.00055	-0.0029001	0.000183583
-0.000575	-0.0029001	0.000197888
-0.0006	-0.0029001	0.000206948
-0.000625	-0.0029001	0.000217439
-0.00065	-0.0029001	0.000224114
-0.000675	-0.0029001	0.000240804
-0.0007	-0.0029001	0.000254633
-0.000725	-0.0029001	0.000271322
-0.00075	-0.0029001	0.000291349
-0.000775	-0.0029001	0.000313761
-0.0008	-0.0029001	0.000332357
-0.000825	-0.0029001	0.000360014
-0.00085	-0.0029001	0.000382902
-0.000875	-0.0029001	0.000405313
-0.0009	-0.0029001	0.00042391
-0.000925	-0.0029001	0.000448706
-0.00095	-0.0029001	0.000465872
-0.000975	-0.0029001	0.000478746
-0.001	-0.0029001	0.000490192
-0.001025	-0.0029001	0.00050116
-0.00105	-0.0029001	0.000509266
-0.001075	-0.0029001	0.000510219
-0.0011	-0.0029001	0.000520233
-0.001125	-0.0029001	0.000514034
-0.00115	-0.0029001	0.000511173
-0.001175	-0.0029001	0.000499252
-0.0012	-0.0029001	0.000480654
-0.001225	-0.0029001	0.000465872
-0.00125	-0.0029001	0.000455381
-0.001275	-0.0029001	0.00044346
-0.0013	-0.0029001	0.000423433
-0.001325	-0.0029001	0.000403883
-0.00135	-0.0029001	0.000389578
-0.001375	-0.0029001	0.000362875
-0.0014	-0.0029001	0.000347139
-0.001425	-0.0029001	0.000329973
-0.00145	-0.0029001	0.000313284
-0.001475	-0.0029001	0.000284197
-0.0015	-0.0029001	0.000268938
-0.001525	-0.0029001	0.000252249
-0.00155	-0.0029001	0.000234605
-0.001575	-0.0029001	0.000220777
-0.0016	-0.0029001	0.000205518
-0.001625	-0.0029001	0.000193597
-0.00165	-0.0029001	0.000185491
-0.001675	-0.0029001	0.000175954
-0.0017	-0.0029001	0.000167848
-0.001725	-0.0029001	0.000160218
-0.00175	-0.0029001	0.000150205
-0.001775	-0.0029001	0.000144006
-0.0018	-0.0029001	0.000136853
-0.001825	-0.0029001	0.000131131
-0.00185	-0.0029001	0.000123502
-0.001875	-0.0029001	0.000116349
-0.0019	-0.0029001	0.000113965
-0.001925	-0.0029001	0.000108243
-0.00195	-0.0029001	0.000104428
-0.001975	-0.0029001	9.96594e-05
-0.002	-0.0029001	9.48911e-05
-0.002	-0.0028751	9.63216e-05
-0.001975	-0.0028751	0.000101567
-0.00195	-0.0028751	0.000104428
-0.001925	-0.0028751	0.000110627
-0.0019	-0.0028751	0.000115395
-0.001875	-0.0028751	0.00011921
-0.00185	-0.0028751	0.000125886
-0.001825	-0.0028751	0.000133038
-0.0018	-0.0028751	0.000139237
-0.001775	-0.0028751	0.000146867
-0.00175	-0.0028751	0.000154973
-0.001725	-0.0028751	0.000162126
-0.0017	-0.0028751	0.000166894
-0.001675	-0.0028751	0.000179292
-0.00165	-0.0028751	0.000186921
-0.001625	-0.0028751	0.000196935
-0.0016	-0.0028751	0.000210763
-0.001575	-0.0028751	0.000223638
-0.00155	-0.0028751	0.000231744
-0.001525	-0.0028751	0.000256063
-0.0015	-0.0028751	0.000274183
-0.001475	-0.0028751	0.000295641
-0.00145	-0.0028751	0.000313284
-0.001425	-0.0028751	0.000325682
-0.0014	-0.0028751	0.000356199
-0.001375	-0.0028751	0.000366213
-0.00135	-0.0028751	0.000382902
-0.001325	-0.0028751	0.000411512
-0.0013	-0.0028751	0.000417234
-0.001275	-0.0028751	0.000444891
-0.00125	-0.0028751	0.000464441
-0.001225	-0.0028751	0.000483992
-0.0012	-0.0028751	0.000501636
-0.001175	-0.0028751	0.000504497
-0.00115	-0.0028751	0.000523094
-0.001125	-0.0028751	0.000530247
-0.0011	-0.0028751	0.000529293
-0.001075	-0.0028751	0.000535492
-0.00105	-0.0028751	0.000523571
-0.001025	-0.0028751	0.000519279
-0.001	-0.0028751	0.000510219
-0.000975	-0.0028751	0.000491146
-0.00095	-0.0028751	0.000483515
-0.000925	-0.0028751	0.000468733
-0.0009	-0.0028751	0.00045109
-0.000875	-0.0028751	0.000422003
-0.00085	-0.0028751	0.000406267
-0.000825	-0.0028751	0.000378611
-0.0008	-0.0028751	0.000355246
-0.000775	-0.0028751	0.000331881
-0.00075	-0.0028751	0.000305178
-0.000725	-0.0028751	0.000288965
-0.0007	-0.0028751	0.000266554
-0.000675	-0.0028751	0.000253202
-0.00065	-0.0028751	0.00023985
-0.000625	-0.0028751	0.000223638
-0.0006	-0.0028751	0.000213147
-0.000575	-0.0028751	0.000201226
-0.00055	-0.0028751	0.000191213
-0.000525	-0.0028751	0.00018406
-0.0005	-0.0028751	0.000177384
-0.000475	-0.0028751	0.000170709
-0.00045	-0.0028751	0.000163079
-0.000425	-0.0028751	0.000153542
-0.0004	-0.0028751	0.000149251
-0.000375	-0.0028751	0.000144483
-0.00035	-0.0028751	0.000138284
-0.000325	-0.0028751	0.000133992
-0.0003	-0.0028751	0.000129224
-0.000275	-0.0028751	0.000123502
-0.00025	-0.0028751	0.00011921
-0.000225	-0.0028751	0.000117302
-0.0002	-0.0028751	0.000113488
-0.000175	-0.0028751	0.000109196
-0.00015	-0.0028751	0.000106335
-0.000125	-0.0028751	0.000103474
-0.0001	-0.0028751	0.000101567
-7.5e-05	-0.0028751	9.82289e-05
-5e-05	-0.0028751	9.48911e-05
-2.5e-05	-0.0028751	9.15532e-05
0.0	-0.0028751	8.96459e-05
2.5e-05	-0.0028751	8.77385e-05
5e-05	-0.0028751	8.44006e-05
7.5e-05	-0.0028751	8.20165e-05
0.0001	-0.0028751	8.01091e-05
0.000125	-0.0028751	7.96323e-05
0.00015	-0.0028751	7.77249e-05
0.000175	-0.0028751	7.48639e-05
0.0002	-0.0028751	7.39102e-05
0.000225	-0.0028751	7.1526e-05
0.00025	-0.0028751	7.1526e-05
0.000275	-0.0028751	6.81882e-05
0.0003	-0.0028751	6.81882e-05
0.000325	-0.0028751	6.62808e-05
0.00035	-0.0028751	6.53272e-05
0.000375	-0.0028751	6.34198e-05
0.0004	-0.0028751	6.19893e-05
0.000425	-0.0028751	6.00817e-05
0.00045	-0.0028751	5.96049e-05
0.000475	-0.0028751	5.86512e-05
0.0005	-0.0028751	5.72207e-05
0.0005	-0.0028501	5.86512e-05
0.000475	-0.0028501	6.05586e-05
0.00045	-0.0028501	5.96049e-05
0.000425	-0.0028501	6.05586e-05
0.0004	-0.0028501	6.2943e-05
0.000375	-0.0028501	6.38966e-05
0.00035	-0.0028501	6.48503e-05
0.000325	-0.0028501	6.72345e-05
0.0003	-0.0028501	6.81882e-05
0.000275	-0.0028501	6.96187e-05
0.00025	-0.0028501	7.20029e-05
0.000225	-0.0028501	7.48639e-05
0.0002	-0.0028501	7.43871e-05
0.000175	-0.0028501	7.86786e-05
0.00015	-0.0028501	7.96323e-05
0.000125	-0.0028501	8.05859e-05
0.0001	-0.0028501	8.3447e-05
7.5e-05	-0.0028501	8.48775e-05
5e-05	-0.0028501	8.77385e-05
2.5e-05	-0.0028501	8.96459e-05
0.0	-0.0028501	9.29837e-05
-2.5e-05	-0.0028501	9.53679e-05
-5e-05	-0.0028501	9.82289e-05
-7.5e-05	-0.0028501	0.000100136
-0.0001	-0.0028501	0.000103951
-0.000125	-0.0028501	0.000106812
-0.00015	-0.0028501	0.000111104
-0.000175	-0.0028501	0.000113488
-0.0002	-0.0028501	0.000117302
-0.000225	-0.0028501	0.000121594
-0.00025	-0.0028501	0.000123979
-0.000275	-0.0028501	0.000129701
-0.0003	-0.0028501	0.000134469
-0.000325	-0.0028501	0.000140191
-0.00035	-0.0028501	0.000142575
-0.000375	-0.0028501	0.000148774
-0.0004	-0.0028501	0.00015688
-0.000425	-0.0028501	0.000160695
-0.00045	-0.0028501	0.000166894
-0.000475	-0.0028501	0.000174523
-0.0005	-0.0028501	0.000185491
-0.000525	-0.0028501	0.000192166
-0.00055	-0.0028501	0.00020218
-0.000575	-0.0028501	0.00021267
-0.0006	-0.0028501	0.000224591
-0.000625	-0.0028501	0.000234128
-0.00065	-0.0028501	0.000246527
-0.000675	-0.0028501	0.000263216
-0.0007	-0.0028501	0.000278475
-0.000725	-0.0028501	0.000302317
-0.00075	-0.0028501	0.000318529
-0.000775	-0.0028501	0.000349523
-0.0008	-0.0028501	0.000370504
-0.000825	-0.0028501	0.000394823
-0.00085	-0.0028501	0.000425341
-0.000875	-0.0028501	0.00045109
-0.0009	-0.0028501	0.000471594
-0.000925	-0.0028501	0.000486853
-0.00095	-0.0028501	0.000504021
-0.000975	-0.0028501	0.000527862
-0.001	-0.0028501	0.000541214
-0.001025	-0.0028501	0.000545029
-0.00105	-0.0028501	0.000561241
-0.001075	-0.0028501	0.000556473
-0.0011	-0.0028501	0.000564579
-0.001125	-0.0028501	0.000548366
-0.00115	-0.0028501	0.00054026
-0.001175	-0.0028501	0.000527386
-0.0012	-0.0028501	0.000515465
-0.001225	-0.0028501	0.000504497
-0.00125	-0.0028501	0.000485899
-0.001275	-0.0028501	0.000455858
-0.0013	-0.0028501	0.000442507
-0.001325	-0.0028501	0.000426294
-0.00135	-0.0028501	0.000406744
-0.001375	-0.0028501	0.000389578
-0.0014	-0.0028501	0.000366213
-0.001425	-0.0028501	0.00034094
-0.00145	-0.0028501	0.000327589
-0.001475	-0.0028501	0.000296595
-0.0015	-0.0028501	0.000284197
-0.001525	-0.0028501	0.000259878
-0.00155	-0.0028501	0.000243188
-0.001575	-0.0028501	0.000225545
-0.0016	-0.0028501	0.000218869
-0.001625	-0.0028501	0.000207902
-0.00165	-0.0028501	0.000195981
-0.001675	-0.0028501	0.000184537
-0.0017	-0.0028501	0.000171185
-0.001725	-0.0028501	0.00016451
-0.00175	-0.0028501	0.00015545
-0.001775	-0.0028501	0.000150205
-0.0018	-0.0028501	0.000144006
-0.001825	-0.0028501	0.000136376
-0.00185	-0.0028501	0.000131131
-0.001875	-0.0028501	0.000125886
-0.0019	-0.0028501	0.000121117
-0.001925	-0.0028501	0.000114918
-0.00195	-0.0028501	0.000108719
-0.001975	-0.0028501	0.000105858
-0.002	-0.0028501	9.91826e-05
-0.002	-0.0028251	0.000100613
-0.001975	-0.0028251	0.000103951
-0.00195	-0.0028251	0.000110627
-0.001925	-0.0028251	0.000113011
-0.0019	-0.0028251	0.00012064
-0.001875	-0.0028251	0.000127316
-0.00185	-0.0028251	0.000130654
-0.001825	-0.0028251	0.000139237
-0.0018	-0.0028251	0.000143529
-0.001775	-0.0028251	0.000150681
-0.00175	-0.0028251	0.000158788
-0.001725	-0.0028251	0.000170232
-0.0017	-0.0028251	0.000179292
-0.001675	-0.0028251	0.000187398
-0.00165	-0.0028251	0.000199319
-0.001625	-0.0028251	0.000206948
-0.0016	-0.0028251	0.000218869
-0.001575	-0.0028251	0.00022936
-0.00155	-0.0028251	0.000250818
-0.001525	-0.0028251	0.000264646
-0.0015	-0.0028251	0.000286581
-0.001475	-0.0028251	0.00030327
-0.00145	-0.0028251	0.000318529
-0.001425	-0.0028251	0.000341894
-0.0014	-0.0028251	0.000375273
-0.001375	-0.0028251	0.000384333
-0.00135	-0.0028251	0.000408174
-0.001325	-0.0028251	0.000418188
-0.0013	-0.0028251	0.000450136
-0.001275	-0.0028251	0.000475885
-0.00125	-0.0028251	0.000488762
-0.001225	-0.0028251	0.000511173
-0.0012	-0.0028251	0.000521187
-0.001175	-0.0028251	0.000541691
-0.00115	-0.0028251	0.00054932
-0.001125	-0.0028251	0.000561718
-0.0011	-0.0028251	0.000580791
-0.001075	-0.0028251	0.000569347
-0.00105	-0.0028251	0.000571255
-0.001025	-0.0028251	0.000556473
-0.001	-0.0028251	0.000549797
-0.000975	-0.0028251	0.000543598
-0.00095	-0.0028251	0.000529293
-0.000925	-0.0028251	0.000506882
-0.0009	-0.0028251	0.000493053
-0.000875	-0.0028251	0.00046158
-0.00085	-0.0028251	0.000443937
-0.000825	-0.0028251	0.000418188
-0.0008	-0.0028251	0.000391485
-0.000775	-0.0028251	0.000360968
-0.00075	-0.0028251	0.000336649
-0.000725	-0.0028251	0.000310423
-0.0007	-0.0028251	0.000289919
-0.000675	-0.0028251	0.000276091
-0.00065	-0.0028251	0.000259878
-0.000625	-0.0028251	0.000246527
-0.0006	-0.0028251	0.000230313
-0.000575	-0.0028251	0.000218869
-0.00055	-0.0028251	0.000210286
-0.000525	-0.0028251	0.000199796
-0.0005	-0.0028251	0.000191213
-0.000475	-0.0028251	0.000183583
-0.00045	-0.0028251	0.000174523
-0.000425	-0.0028251	0.00016594
-0.0004	-0.0028251	0.000162602
-0.000375	-0.0028251	0.000154973
-0.00035	-0.0028251	0.000148774
-0.000325	-0.0028251	0.000144959
-0.0003	-0.0028251	0.000139237
-0.000275	-0.0028251	0.0001359
-0.00025	-0.0028251	0.000129224
-0.000225	-0.0028251	0.000125886
-0.0002	-0.0028251	0.000119687
-0.000175	-0.0028251	0.000118733
-0.00015	-0.0028251	0.000114918
-0.000125	-0.0028251	0.000110627
-0.0001	-0.0028251	0.000105858
-7.5e-05	-0.0028251	0.00010252
-5e-05	-0.0028251	0.00010109
-2.5e-05	-0.0028251	9.77521e-05
0.0	-0.0028251	9.48911e-05
2.5e-05	-0.0028251	9.15532e-05
5e-05	-0.0028251	8.96459e-05
7.5e-05	-0.0028251	8.72617e-05
0.0001	-0.0028251	8.58312e-05
0.000125	-0.0028251	8.39238e-05
0.00015	-0.0028251	8.29701e-05
0.000175	-0.0028251	8.05859e-05
0.0002	-0.0028251	7.91554e-05
0.000225	-0.0028251	7.67712e-05
0.00025	-0.0028251	7.34334e-05
0.000275	-0.0028251	7.39102e-05
0.0003	-0.0028251	7.10492e-05
0.000325	-0.0028251	6.81882e-05
0.00035	-0.0028251	6.72345e-05
0.000375	-0.0028251	6.72345e-05
0.0004	-0.0028251	6.53272e-05
0.000425	-0.0028251	6.43735e-05
0.00045	-0.0028251	6.19893e-05
0.000475	-0.0028251	6.19893e-05
0.0005	-0.0028251	6.00817e-05
0.0005	-0.0028001	6.19893e-05
0.000475	-0.0028001	6.24661e-05
0.00045	-0.0028001	6.34198e-05
0.000425	-0.0028001	6.48503e-05
0.0004	-0.0028001	6.62808e-05
0.000375	-0.0028001	6.81882e-05
0.00035	-0.0028001	7.00955e-05
0.000325	-0.0028001	7.05724e-05
0.0003	-0.0028001	7.29566e-05
0.000275	-0.0028001	7.39102e-05
0.00025	-0.0028001	7.62944e-05
0.000225	-0.0028001	7.72481e-05
0.0002	-0.0028001	7.91554e-05
0.000175	-0.0028001	8.24933e-05
0.00015	-0.0028001	8.44006e-05
0.000125	-0.0028001	8.67848e-05
0.0001	-0.0028001	8.77385e-05
7.5e-05	-0.0028001	8.96459e-05
5e-05	-0.0028001	9.25069e-05
2.5e-05	-0.0028001	9.48911e-05
0.0	-0.0028001	9.72752e-05
-2.5e-05	-0.0028001	0.000100136
-5e-05	-0.0028001	0.000104428
-7.5e-05	-0.0028001	0.000107766
-0.0001	-0.0028001	0.000109673
-0.000125	-0.0028001	0.000113488
-0.00015	-0.0028001	0.000117302
-0.000175	-0.0028001	0.000121117
-0.0002	-0.0028001	0.000125886
-0.000225	-0.0028001	0.000129224
-0.00025	-0.0028001	0.000132562
-0.000275	-0.0028001	0.000138284
-0.0003	-0.0028001	0.000141622
-0.000325	-0.0028001	0.000146867
-0.00035	-0.0028001	0.000154019
-0.000375	-0.0028001	0.000158311
-0.0004	-0.0028001	0.000166894
-0.000425	-0.0028001	0.000173093
-0.00045	-0.0028001	0.000181199
-0.000475	-0.0028001	0.000186921
-0.0005	-0.0028001	0.00019455
-0.000525	-0.0028001	0.000204564
-0.00055	-0.0028001	0.000215531
-0.000575	-0.0028001	0.000226975
-0.0006	-0.0028001	0.000236512
-0.000625	-0.0028001	0.000254633
-0.00065	-0.0028001	0.000267984
-0.000675	-0.0028001	0.000282289
-0.0007	-0.0028001	0.000304224
-0.000725	-0.0028001	0.000325682
-0.00075	-0.0028001	0.000349523
-0.000775	-0.0028001	0.00037575
-0.0008	-0.0028001	0.000401499
-0.000825	-0.0028001	0.000424864
-0.00085	-0.0028001	0.000458242
-0.000875	-0.0028001	0.000479223
-0.0009	-0.0028001	0.000504021
-0.000925	-0.0028001	0.000519279
-0.00095	-0.0028001	0.000535969
-0.000975	-0.0028001	0.000551227
-0.001	-0.0028001	0.000562672
-0.001025	-0.0028001	0.000578884
-0.00105	-0.0028001	0.000587944
-0.001075	-0.0028001	0.000593189
-0.0011	-0.0028001	0.000584606
-0.001125	-0.0028001	0.000586513
-0.00115	-0.0028001	0.000574593
-0.001175	-0.0028001	0.000548843
-0.0012	-0.0028001	0.00053883
-0.001225	-0.0028001	0.000507358
-0.00125	-0.0028001	0.000487806
-0.001275	-0.0028001	0.000473501
-0.0013	-0.0028001	0.000448706
-0.001325	-0.0028001	0.000438215
-0.00135	-0.0028001	0.000411512
-0.001375	-0.0028001	0.000398638
-0.0014	-0.0028001	0.000376703
-0.001425	-0.0028001	0.000351908
-0.00145	-0.0028001	0.000322821
-0.001475	-0.0028001	0.000309946
-0.0015	-0.0028001	0.000287535
-0.001525	-0.0028001	0.000263216
-0.00155	-0.0028001	0.000252726
-0.001575	-0.0028001	0.000237943
-0.0016	-0.0028001	0.000223161
-0.001625	-0.0028001	0.00021124
-0.00165	-0.0028001	0.000196458
-0.001675	-0.0028001	0.000190736
-0.0017	-0.0028001	0.000179769
-0.001725	-0.0028001	0.000171185
-0.00175	-0.0028001	0.000159741
-0.001775	-0.0028001	0.00015545
-0.0018	-0.0028001	0.000144006
-0.001825	-0.0028001	0.000138284
-0.00185	-0.0028001	0.000132085
-0.001875	-0.0028001	0.000128747
-0.0019	-0.0028001	0.000122548
-0.001925	-0.0028001	0.000114441
-0.00195	-0.0028001	0.000112534
-0.001975	-0.0028001	0.000108719
-0.002	-0.0028001	0.00010252
-0.002	-0.0027751	0.00010252
-0.001975	-0.0027751	0.000108243
-0.00195	-0.0027751	0.000112534
-0.001925	-0.0027751	0.000116349
-0.0019	-0.0027751	0.000123502
-0.001875	-0.0027751	0.000126363
-0.00185	-0.0027751	0.000133515
-0.001825	-0.0027751	0.000143052
-0.0018	-0.0027751	0.000145913
-0.001775	-0.0027751	0.000154019
-0.00175	-0.0027751	0.000163556
-0.001725	-0.0027751	0.000167848
-0.0017	-0.0027751	0.000179769
-0.001675	-0.0027751	0.000191213
-0.00165	-0.0027751	0.000201703
-0.001625	-0.0027751	0.000214578
-0.0016	-0.0027751	0.000222684
-0.001575	-0.0027751	0.000235082
-0.00155	-0.0027751	0.00025511
-0.001525	-0.0027751	0.0002656
-0.0015	-0.0027751	0.000291349
-0.001475	-0.0027751	0.000305178
-0.00145	-0.0027751	0.000324251
-0.001425	-0.0027751	0.000353815
-0.0014	-0.0027751	0.000376703
-0.001375	-0.0027751	0.000399115
-0.00135	-0.0027751	0.000411512
-0.001325	-0.0027751	0.000432493
-0.0013	-0.0027751	0.000458242
-0.001275	-0.0027751	0.000481607
-0.00125	-0.0027751	0.000493053
-0.001225	-0.0027751	0.000527862
-0.0012	-0.0027751	0.000541691
-0.001175	-0.0027751	0.000563148
-0.00115	-0.0027751	0.00058556
-0.001125	-0.0027751	0.000600342
-0.0011	-0.0027751	0.000603203
-0.001075	-0.0027751	0.000610832
-0.00105	-0.0027751	0.000607971
-0.001025	-0.0027751	0.000598911
-0.001	-0.0027751	0.000584129
-0.000975	-0.0027751	0.000569824
-0.00095	-0.0027751	0.000555042
-0.000925	-0.0027751	0.000543598
-0.0009	-0.0027751	0.000524048
-0.000875	-0.0027751	0.00050259
-0.00085	-0.0027751	0.000471117
-0.000825	-0.0027751	0.000449659
-0.0008	-0.0027751	0.000417711
-0.000775	-0.0027751	0.000390531
-0.00075	-0.0027751	0.000364305
-0.000725	-0.0027751	0.000338079
-0.0007	-0.0027751	0.000315191
-0.000675	-0.0027751	0.000292303
-0.00065	-0.0027751	0.000276091
-0.000625	-0.0027751	0.00026417
-0.0006	-0.0027751	0.000251295
-0.000575	-0.0027751	0.000236035
-0.00055	-0.0027751	0.000225545
-0.000525	-0.0027751	0.000210763
-0.0005	-0.0027751	0.00020361
-0.000475	-0.0027751	0.000195981
-0.00045	-0.0027751	0.000188352
-0.000425	-0.0027751	0.000177384
-0.0004	-0.0027751	0.000170709
-0.000375	-0.0027751	0.000165463
-0.00035	-0.0027751	0.000158311
-0.000325	-0.0027751	0.000153542
-0.0003	-0.0027751	0.000148774
-0.000275	-0.0027751	0.000143529
-0.00025	-0.0027751	0.00013733
-0.000225	-0.0027751	0.000132562
-0.0002	-0.0027751	0.000127316
-0.000175	-0.0027751	0.000123502
-0.00015	-0.0027751	0.000121594
-0.000125	-0.0027751	0.000117779
-0.0001	-0.0027751	0.000113965
-7.5e-05	-0.0027751	0.000109673
-5e-05	-0.0027751	0.000108243
-2.5e-05	-0.0027751	0.000103951
0.0	-0.0027751	0.000101567
2.5e-05	-0.0027751	9.82289e-05
5e-05	-0.0027751	9.63216e-05
7.5e-05	-0.0027751	9.39374e-05
0.0001	-0.0027751	9.05995e-05
0.000125	-0.0027751	8.82153e-05
0.00015	-0.0027751	8.58312e-05
0.000175	-0.0027751	8.44006e-05
0.0002	-0.0027751	8.10628e-05
0.000225	-0.0027751	8.05859e-05
0.00025	-0.0027751	7.82018e-05
0.000275	-0.0027751	7.77249e-05
0.0003	-0.0027751	7.39102e-05
0.000325	-0.0027751	7.29566e-05
0.00035	-0.0027751	7.24797e-05
0.000375	-0.0027751	7.00955e-05
0.0004	-0.0027751	6.81882e-05
0.000425	-0.0027751	6.5804e-05
0.00045	-0.0027751	6.62808e-05
0.000475	-0.0027751	6.62808e-05
0.0005	-0.0027751	6.24661e-05
0.0005	-0.0027501	6.43735e-05
0.000475	-0.0027501	6.5804e-05
0.00045	-0.0027501	6.62808e-05
0.000425	-0.0027501	6.81882e-05
0.0004	-0.0027501	7.00955e-05
0.000375	-0.0027501	7.29566e-05
0.00035	-0.0027501	7.48639e-05
0.000325	-0.0027501	7.48639e-05
0.0003	-0.0027501	7.62944e-05
0.000275	-0.0027501	7.91554e-05
0.00025	-0.0027501	8.10628e-05
0.000225	-0.0027501	8.20165e-05
0.0002	-0.0027501	8.53543e-05
0.000175	-0.0027501	8.72617e-05
0.00015	-0.0027501	8.82153e-05
0.000125	-0.0027501	9.203e-05
0.0001	-0.0027501	9.39374e-05
7.5e-05	-0.0027501	9.72752e-05
5e-05	-0.0027501	0.000100136
2.5e-05	-0.0027501	0.000103474
0.0	-0.0027501	0.000104905
-2.5e-05	-0.0027501	0.000107766
-5e-05	-0.0027501	0.000110627
-7.5e-05	-0.0027501	0.000112534
-0.0001	-0.0027501	0.000117302
-0.000125	-0.0027501	0.000122548
-0.00015	-0.0027501	0.000125409
-0.000175	-0.0027501	0.000130654
-0.0002	-0.0027501	0.000133992
-0.000225	-0.0027501	0.00013733
-0.00025	-0.0027501	0.000143529
-0.000275	-0.0027501	0.000149728
-0.0003	-0.0027501	0.000154496
-0.000325	-0.0027501	0.000160218
-0.00035	-0.0027501	0.000163079
-0.000375	-0.0027501	0.000170232
-0.0004	-0.0027501	0.000179292
-0.000425	-0.0027501	0.000187875
-0.00045	-0.0027501	0.000195027
-0.000475	-0.0027501	0.000201226
-0.0005	-0.0027501	0.000213624
-0.000525	-0.0027501	0.000224114
-0.00055	-0.0027501	0.000233651
-0.000575	-0.0027501	0.000246527
-0.0006	-0.0027501	0.000261309
-0.000625	-0.0027501	0.000274183
-0.00065	-0.0027501	0.000289919
-0.000675	-0.0027501	0.000308516
-0.0007	-0.0027501	0.000327589
-0.000725	-0.0027501	0.000353815
-0.00075	-0.0027501	0.000379564
-0.000775	-0.0027501	0.000404837
-0.0008	-0.0027501	0.000440123
-0.000825	-0.0027501	0.000463011
-0.00085	-0.0027501	0.000491623
-0.000875	-0.0027501	0.000519279
-0.0009	-0.0027501	0.000541214
-0.000925	-0.0027501	0.000561718
-0.00095	-0.0027501	0.000584606
-0.000975	-0.0027501	0.000597004
-0.001	-0.0027501	0.00060368
-0.001025	-0.0027501	0.0006156
-0.00105	-0.0027501	0.000631336
-0.001075	-0.0027501	0.000629906
-0.0011	-0.0027501	0.000622276
-0.001125	-0.0027501	0.000618938
-0.00115	-0.0027501	0.000599388
-0.001175	-0.0027501	0.000587944
-0.0012	-0.0027501	0.00055838
-0.001225	-0.0027501	0.000535492
-0.00125	-0.0027501	0.000521187
-0.001275	-0.0027501	0.000488285
-0.0013	-0.0027501	0.000473501
-0.001325	-0.0027501	0.00045252
-0.00135	-0.0027501	0.000426771
-0.001375	-0.0027501	0.000400545
-0.0014	-0.0027501	0.000378611
-0.001425	-0.0027501	0.000366213
-0.00145	-0.0027501	0.00034094
-0.001475	-0.0027501	0.000314238
-0.0015	-0.0027501	0.000297548
-0.001525	-0.0027501	0.000279428
-0.00155	-0.0027501	0.00026417
-0.001575	-0.0027501	0.00024605
-0.0016	-0.0027501	0.000232221
-0.001625	-0.0027501	0.000218869
-0.00165	-0.0027501	0.00020361
-0.001675	-0.0027501	0.00019312
-0.0017	-0.0027501	0.00018263
-0.001725	-0.0027501	0.00017357
-0.00175	-0.0027501	0.00016594
-0.001775	-0.0027501	0.00015688
-0.0018	-0.0027501	0.000149251
-0.001825	-0.0027501	0.000145913
-0.00185	-0.0027501	0.00013733
-0.001875	-0.0027501	0.000131131
-0.0019	-0.0027501	0.000125886
-0.001925	-0.0027501	0.000121594
-0.00195	-0.0027501	0.000117302
-0.001975	-0.0027501	0.00011158
-0.002	-0.0027501	0.000107289
-0.002	-0.0027251	0.000105858
-0.001975	-0.0027251	0.000113965
-0.00195	-0.0027251	0.000116826
-0.001925	-0.0027251	0.00012064
-0.0019	-0.0027251	0.000124932
-0.001875	-0.0027251	0.000133992
-0.00185	-0.0027251	0.000141145
-0.001825	-0.0027251	0.000146867
-0.0018	-0.0027251	0.000154496
-0.001775	-0.0027251	0.000162126
-0.00175	-0.0027251	0.000167848
-0.001725	-0.0027251	0.000176908
-0.0017	-0.0027251	0.000188352
-0.001675	-0.0027251	0.000197888
-0.00165	-0.0027251	0.000208856
-0.001625	-0.0027251	0.000220777
-0.0016	-0.0027251	0.000233174
-0.001575	-0.0027251	0.000245573
-0.00155	-0.0027251	0.000263693
-0.001525	-0.0027251	0.000276567
-0.0015	-0.0027251	0.000292303
-0.001475	-0.0027251	0.000317575
-0.00145	-0.0027251	0.000342371
-0.001425	-0.0027251	0.000360968
-0.0014	-0.0027251	0.000389578
-0.001375	-0.0027251	0.000404837
-0.00135	-0.0027251	0.000434877
-0.001325	-0.0027251	0.000448229
-0.0013	-0.0027251	0.000480177
-0.001275	-0.0027251	0.000498299
-0.00125	-0.0027251	0.000517849
-0.001225	-0.0027251	0.000553135
-0.0012	-0.0027251	0.000573639
-0.001175	-0.0027251	0.000593189
-0.00115	-0.0027251	0.000610355
-0.001125	-0.0027251	0.000638489
-0.0011	-0.0027251	0.000637535
-0.001075	-0.0027251	0.000646595
-0.00105	-0.0027251	0.000640873
-0.001025	-0.0027251	0.00063372
-0.001	-0.0027251	0.000630859
-0.000975	-0.0027251	0.000618938
-0.00095	-0.0027251	0.000598911
-0.000925	-0.0027251	0.000584606
-0.0009	-0.0027251	0.000570778
-0.000875	-0.0027251	0.000543121
-0.00085	-0.0027251	0.000517372
-0.000825	-0.0027251	0.000480654
-0.0008	-0.0027251	0.000453474
-0.000775	-0.0027251	0.000426294
-0.00075	-0.0027251	0.000397684
-0.000725	-0.0027251	0.000370504
-0.0007	-0.0027251	0.000337603
-0.000675	-0.0027251	0.000323297
-0.00065	-0.0027251	0.000298979
-0.000625	-0.0027251	0.000283243
-0.0006	-0.0027251	0.000271322
-0.000575	-0.0027251	0.000258448
-0.00055	-0.0027251	0.000245096
-0.000525	-0.0027251	0.000230313
-0.0005	-0.0027251	0.000222684
-0.000475	-0.0027251	0.000210763
-0.00045	-0.0027251	0.000200749
-0.000425	-0.0027251	0.000195027
-0.0004	-0.0027251	0.000187875
-0.000375	-0.0027251	0.000176908
-0.00035	-0.0027251	0.000172139
-0.000325	-0.0027251	0.00016594
-0.0003	-0.0027251	0.000161649
-0.000275	-0.0027251	0.000154973
-0.00025	-0.0027251	0.000149251
-0.000225	-0.0027251	0.000144483
-0.0002	-0.0027251	0.000139237
-0.000175	-0.0027251	0.0001359
-0.00015	-0.0027251	0.000130654
-0.000125	-0.0027251	0.000125409
-0.0001	-0.0027251	0.000121117
-7.5e-05	-0.0027251	0.000118256
-5e-05	-0.0027251	0.000114918
-2.5e-05	-0.0027251	0.00011158
0.0	-0.0027251	0.000109196
2.5e-05	-0.0027251	0.000104905
5e-05	-0.0027251	0.000104428
7.5e-05	-0.0027251	0.000101567
0.0001	-0.0027251	9.63216e-05
0.000125	-0.0027251	9.48911e-05
0.00015	-0.0027251	9.29837e-05
0.000175	-0.0027251	8.96459e-05
0.0002	-0.0027251	8.9169e-05
0.000225	-0.0027251	8.53543e-05
0.00025	-0.0027251	8.15396e-05
0.000275	-0.0027251	8.20165e-05
0.0003	-0.0027251	7.96323e-05
0.000325	-0.0027251	7.62944e-05
0.00035	-0.0027251	7.48639e-05
0.000375	-0.0027251	7.43871e-05
0.0004	-0.0027251	7.1526e-05
0.000425	-0.0027251	7.10492e-05
0.00045	-0.0027251	6.8665e-05
0.000475	-0.0027251	6.67577e-05
0.0005	-0.0027251	6.67577e-05
0.0005	-0.0027001	6.72345e-05
0.000475	-0.0027001	6.81882e-05
0.00045	-0.0027001	7.10492e-05
0.000425	-0.0027001	7.1526e-05
0.0004	-0.0027001	7.39102e-05
0.000375	-0.0027001	7.48639e-05
0.00035	-0.0027001	7.72481e-05
0.000325	-0.0027001	7.96323e-05
0.0003	-0.0027001	8.15396e-05
0.000275	-0.0027001	8.29701e-05
0.00025	-0.0027001	8.53543e-05
0.000225	-0.0027001	8.72617e-05
0.0002	-0.0027001	9.05995e-05
0.000175	-0.0027001	9.203e-05
0.00015	-0.0027001	9.48911e-05
0.000125	-0.0027001	9.72752e-05
0.0001	-0.0027001	9.87058e-05
7.5e-05	-0.0027001	0.00010252
5e-05	-0.0027001	0.000105858
2.5e-05	-0.0027001	0.00011015
0.0	-0.0027001	0.00011158
-2.5e-05	-0.0027001	0.000117302
-5e-05	-0.0027001	0.00011921
-7.5e-05	-0.0027001	0.000121594
-0.0001	-0.0027001	0.000125886
-0.000125	-0.0027001	0.000131608
-0.00015	-0.0027001	0.000134469
-0.000175	-0.0027001	0.000138284
-0.0002	-0.0027001	0.000145436
-0.000225	-0.0027001	0.000149251
-0.00025	-0.0027001	0.000152112
-0.000275	-0.0027001	0.000159741
-0.0003	-0.0027001	0.000163079
-0.000325	-0.0027001	0.000172139
-0.00035	-0.0027001	0.000174523
-0.000375	-0.0027001	0.000186921
-0.0004	-0.0027001	0.000192643
-0.000425	-0.0027001	0.000199319
-0.00045	-0.0027001	0.000205995
-0.000475	-0.0027001	0.000216008
-0.0005	-0.0027001	0.000230313
-0.000525	-0.0027001	0.000241281
-0.00055	-0.0027001	0.000253202
-0.000575	-0.0027001	0.000263693
-0.0006	-0.0027001	0.000281336
-0.000625	-0.0027001	0.000294687
-0.00065	-0.0027001	0.000309946
-0.000675	-0.0027001	0.000334265
-0.0007	-0.0027001	0.000350954
-0.000725	-0.0027001	0.000383856
-0.00075	-0.0027001	0.000411989
-0.000775	-0.0027001	0.000440123
-0.0008	-0.0027001	0.000479223
-0.000825	-0.0027001	0.000509266
-0.00085	-0.0027001	0.0005312
-0.000875	-0.0027001	0.000564579
-0.0009	-0.0027001	0.000590805
-0.000925	-0.0027001	0.000608925
-0.00095	-0.0027001	0.000632767
-0.000975	-0.0027001	0.000642303
-0.001	-0.0027001	0.000656608
-0.001025	-0.0027001	0.00065947
-0.00105	-0.0027001	0.000663284
-0.001075	-0.0027001	0.000677589
-0.0011	-0.0027001	0.000671867
-0.001125	-0.0027001	0.000658993
-0.00115	-0.0027001	0.000636581
-0.001175	-0.0027001	0.000608925
-0.0012	-0.0027001	0.000592235
-0.001225	-0.0027001	0.000569347
-0.00125	-0.0027001	0.00054026
-0.001275	-0.0027001	0.000517849
-0.0013	-0.0027001	0.000487329
-0.001325	-0.0027001	0.000463488
-0.00135	-0.0027001	0.000436308
-0.001375	-0.0027001	0.000413897
-0.0014	-0.0027001	0.0003953
-0.001425	-0.0027001	0.000362875
-0.00145	-0.0027001	0.000350954
-0.001475	-0.0027001	0.000327589
-0.0015	-0.0027001	0.000299932
-0.001525	-0.0027001	0.000282289
-0.00155	-0.0027001	0.000267984
-0.001575	-0.0027001	0.000253202
-0.0016	-0.0027001	0.000239373
-0.001625	-0.0027001	0.000223161
-0.00165	-0.0027001	0.000210763
-0.001675	-0.0027001	0.000205041
-0.0017	-0.0027001	0.000195027
-0.001725	-0.0027001	0.000181199
-0.00175	-0.0027001	0.00017357
-0.001775	-0.0027001	0.00016594
-0.0018	-0.0027001	0.00015545
-0.001825	-0.0027001	0.000151158
-0.00185	-0.0027001	0.000141622
-0.001875	-0.0027001	0.0001359
-0.0019	-0.0027001	0.00012827
-0.001925	-0.0027001	0.000122548
-0.00195	-0.0027001	0.000117779
-0.001975	-0.0027001	0.000113488
-0.002	-0.0027001	0.000109196
-0.002	-0.0026751	0.000112057
-0.001975	-0.0026751	0.000117302
-0.00195	-0.0026751	0.000120163
-0.001925	-0.0026751	0.000126363
-0.0019	-0.0026751	0.000131131
-0.001875	-0.0026751	0.000136853
-0.00185	-0.0026751	0.000141145
-0.001825	-0.0026751	0.000152112
-0.0018	-0.0026751	0.000161172
-0.001775	-0.0026751	0.000166894
-0.00175	-0.0026751	0.000178338
-0.001725	-0.0026751	0.000185967
-0.0017	-0.0026751	0.000195981
-0.001675	-0.0026751	0.000208856
-0.00165	-0.0026751	0.000217916
-0.001625	-0.0026751	0.00022936
-0.0016	-0.0026751	0.000242234
-0.001575	-0.0026751	0.000254633
-0.00155	-0.0026751	0.000274183
-0.001525	-0.0026751	0.000288488
-0.0015	-0.0026751	0.00030327
-0.001475	-0.0026751	0.00031996
-0.00145	-0.0026751	0.000347616
-0.001425	-0.0026751	0.000369551
-0.0014	-0.0026751	0.000397207
-0.001375	-0.0026751	0.000423433
-0.00135	-0.0026751	0.000453951
-0.001325	-0.0026751	0.00047827
-0.0013	-0.0026751	0.000495914
-0.001275	-0.0026751	0.000528339
-0.00125	-0.0026751	0.000542168
-0.001225	-0.0026751	0.000579838
-0.0012	-0.0026751	0.00060511
-0.001175	-0.0026751	0.000636104
-0.00115	-0.0026751	0.000645164
-0.001125	-0.0026751	0.000674251
-0.0011	-0.0026751	0.000681881
-0.001075	-0.0026751	0.00069857
-0.00105	-0.0026751	0.000695709
-0.001025	-0.0026751	0.000689033
-0.001	-0.0026751	0.000686172
-0.000975	-0.0026751	0.000672821
-0.00095	-0.0026751	0.000658516
-0.000925	-0.0026751	0.000641827
-0.0009	-0.0026751	0.000616077
-0.000875	-0.0026751	0.000590328
-0.00085	-0.0026751	0.000564102
-0.000825	-0.0026751	0.000534538
-0.0008	-0.0026751	0.000501636
-0.000775	-0.0026751	0.000462057
-0.00075	-0.0026751	0.000428202
-0.000725	-0.0026751	0.000402929
-0.0007	-0.0026751	0.000368597
-0.000675	-0.0026751	0.00034857
-0.00065	-0.0026751	0.000328543
-0.000625	-0.0026751	0.000310423
-0.0006	-0.0026751	0.000289442
-0.000575	-0.0026751	0.000279428
-0.00055	-0.0026751	0.000264646
-0.000525	-0.0026751	0.000248911
-0.0005	-0.0026751	0.00023985
-0.000475	-0.0026751	0.000230313
-0.00045	-0.0026751	0.000214101
-0.000425	-0.0026751	0.000208379
-0.0004	-0.0026751	0.000199796
-0.000375	-0.0026751	0.000192643
-0.00035	-0.0026751	0.000186444
-0.000325	-0.0026751	0.000178338
-0.0003	-0.0026751	0.000172616
-0.000275	-0.0026751	0.00016594
-0.00025	-0.0026751	0.000157834
-0.000225	-0.0026751	0.000153542
-0.0002	-0.0026751	0.000146867
-0.000175	-0.0026751	0.000144959
-0.00015	-0.0026751	0.000139237
-0.000125	-0.0026751	0.000134469
-0.0001	-0.0026751	0.000131131
-7.5e-05	-0.0026751	0.000126363
-5e-05	-0.0026751	0.000122071
-2.5e-05	-0.0026751	0.000118256
0.0	-0.0026751	0.000117302
2.5e-05	-0.0026751	0.000113965
5e-05	-0.0026751	0.000110627
7.5e-05	-0.0026751	0.000107289
0.0001	-0.0026751	0.000103951
0.000125	-0.0026751	0.000101567
0.00015	-0.0026751	9.96594e-05
0.000175	-0.0026751	9.63216e-05
0.0002	-0.0026751	9.29837e-05
0.000225	-0.0026751	9.05995e-05
0.00025	-0.0026751	8.77385e-05
0.000275	-0.0026751	8.48775e-05
0.0003	-0.0026751	8.48775e-05
0.000325	-0.0026751	8.10628e-05
0.00035	-0.0026751	7.91554e-05
0.000375	-0.0026751	7.86786e-05
0.0004	-0.0026751	7.58176e-05
0.000425	-0.0026751	7.43871e-05
0.00045	-0.0026751	7.29566e-05
0.000475	-0.0026751	7.20029e-05
0.0005	-0.0026751	6.81882e-05
0.0005	-0.0026501	7.05724e-05
0.000475	-0.0026501	7.29566e-05
0.00045	-0.0026501	7.58176e-05
0.000425	-0.0026501	7.62944e-05
0.0004	-0.0026501	7.86786e-05
0.000375	-0.0026501	7.96323e-05
0.00035	-0.0026501	8.15396e-05
0.000325	-0.0026501	8.39238e-05
0.0003	-0.0026501	8.6308e-05
0.000275	-0.0026501	8.9169e-05
0.00025	-0.0026501	9.15532e-05
0.000225	-0.0026501	9.48911e-05
0.0002	-0.0026501	9.63216e-05
0.000175	-0.0026501	9.82289e-05
0.00015	-0.0026501	0.000100136
0.000125	-0.0026501	0.000104905
0.0001	-0.0026501	0.000108243
7.5e-05	-0.0026501	0.000109196
5e-05	-0.0026501	0.000113488
2.5e-05	-0.0026501	0.000115872
0.0	-0.0026501	0.000119687
-2.5e-05	-0.0026501	0.000123502
-5e-05	-0.0026501	0.000125409
-7.5e-05	-0.0026501	0.000129224
-0.0001	-0.0026501	0.000133992
-0.000125	-0.0026501	0.000139237
-0.00015	-0.0026501	0.000142098
-0.000175	-0.0026501	0.000148297
-0.0002	-0.0026501	0.000155927
-0.000225	-0.0026501	0.000158311
-0.00025	-0.0026501	0.000162602
-0.000275	-0.0026501	0.000169278
-0.0003	-0.0026501	0.000177861
-0.000325	-0.0026501	0.000181199
-0.00035	-0.0026501	0.000191213
-0.000375	-0.0026501	0.000198842
-0.0004	-0.0026501	0.000208379
-0.000425	-0.0026501	0.000216962
-0.00045	-0.0026501	0.000222684
-0.000475	-0.0026501	0.000232697
-0.0005	-0.0026501	0.000247957
-0.000525	-0.0026501	0.000261309
-0.00055	-0.0026501	0.00027323
-0.000575	-0.0026501	0.000288012
-0.0006	-0.0026501	0.000298979
-0.000625	-0.0026501	0.000319006
-0.00065	-0.0026501	0.000341417
-0.000675	-0.0026501	0.000359537
-0.0007	-0.0026501	0.000390055
-0.000725	-0.0026501	0.000411512
-0.00075	-0.0026501	0.000449182
-0.000775	-0.0026501	0.000484945
-0.0008	-0.0026501	0.000519756
-0.000825	-0.0026501	0.000554565
-0.00085	-0.0026501	0.000573162
-0.000875	-0.0026501	0.00060511
-0.0009	-0.0026501	0.000639442
-0.000925	-0.0026501	0.000653271
-0.00095	-0.0026501	0.000675682
-0.000975	-0.0026501	0.000701908
-0.001	-0.0026501	0.000713829
-0.001025	-0.0026501	0.000723843
-0.00105	-0.0026501	0.000723366
-0.001075	-0.0026501	0.000710014
-0.0011	-0.0026501	0.000702385
-0.001125	-0.0026501	0.000702862
-0.00115	-0.0026501	0.000667099
-0.001175	-0.0026501	0.000640396
-0.0012	-0.0026501	0.000627998
-0.001225	-0.0026501	0.000587944
-0.00125	-0.0026501	0.000565533
-0.001275	-0.0026501	0.000542168
-0.0013	-0.0026501	0.000519279
-0.001325	-0.0026501	0.000494484
-0.00135	-0.0026501	0.000464441
-0.001375	-0.0026501	0.000438692
-0.0014	-0.0026501	0.000412466
-0.001425	-0.0026501	0.00038767
-0.00145	-0.0026501	0.000359537
-0.001475	-0.0026501	0.000329496
-0.0015	-0.0026501	0.0003109
-0.001525	-0.0026501	0.000298502
-0.00155	-0.0026501	0.000278952
-0.001575	-0.0026501	0.000257971
-0.0016	-0.0026501	0.000243188
-0.001625	-0.0026501	0.000234605
-0.00165	-0.0026501	0.000224591
-0.001675	-0.0026501	0.000212193
-0.0017	-0.0026501	0.000199319
-0.001725	-0.0026501	0.000188828
-0.00175	-0.0026501	0.000178815
-0.001775	-0.0026501	0.000171185
-0.0018	-0.0026501	0.00016594
-0.001825	-0.0026501	0.000155927
-0.00185	-0.0026501	0.000149251
-0.001875	-0.0026501	0.000139237
-0.0019	-0.0026501	0.000134946
-0.001925	-0.0026501	0.000130654
-0.00195	-0.0026501	0.000123025
-0.001975	-0.0026501	0.00012064
-0.002	-0.0026501	0.000114918
-0.002	-0.0026251	0.000114918
-0.001975	-0.0026251	0.000121594
-0.00195	-0.0026251	0.000124455
-0.001925	-0.0026251	0.000131608
-0.0019	-0.0026251	0.000139237
-0.001875	-0.0026251	0.000143529
-0.00185	-0.0026251	0.000149251
-0.001825	-0.0026251	0.000158788
-0.0018	-0.0026251	0.000166894
-0.001775	-0.0026251	0.00017357
-0.00175	-0.0026251	0.000179292
-0.001725	-0.0026251	0.000191689
-0.0017	-0.0026251	0.000205518
-0.001675	-0.0026251	0.000216008
-0.00165	-0.0026251	0.000226022
-0.001625	-0.0026251	0.000238896
-0.0016	-0.0026251	0.00024748
-0.001575	-0.0026251	0.000264646
-0.00155	-0.0026251	0.000277998
-0.001525	-0.0026251	0.000299456
-0.0015	-0.0026251	0.000313284
-0.001475	-0.0026251	0.00034094
-0.00145	-0.0026251	0.000366213
-0.001425	-0.0026251	0.000380041
-0.0014	-0.0026251	0.000415327
-0.001375	-0.0026251	0.000436308
-0.00135	-0.0026251	0.000468256
-0.001325	-0.0026251	0.000495914
-0.0013	-0.0026251	0.000509743
-0.001275	-0.0026251	0.000541214
-0.00125	-0.0026251	0.000582222
-0.001225	-0.0026251	0.000607494
-0.0012	-0.0026251	0.000630859
-0.001175	-0.0026251	0.000650886
-0.00115	-0.0026251	0.000675682
-0.001125	-0.0026251	0.000717167
-0.0011	-0.0026251	0.000716213
-0.001075	-0.0026251	0.000746254
-0.00105	-0.0026251	0.000732902
-0.001025	-0.0026251	0.000747684
-0.001	-0.0026251	0.000738148
-0.000975	-0.0026251	0.000710014
-0.00095	-0.0026251	0.000700954
-0.000925	-0.0026251	0.000691894
-0.0009	-0.0026251	0.000671867
-0.000875	-0.0026251	0.000636581
-0.00085	-0.0026251	0.00059462
-0.000825	-0.0026251	0.000569824
-0.0008	-0.0026251	0.000542168
-0.000775	-0.0026251	0.000504497
-0.00075	-0.0026251	0.000459673
-0.000725	-0.0026251	0.000439646
-0.0007	-0.0026251	0.000408651
-0.000675	-0.0026251	0.000380041
-0.00065	-0.0026251	0.000358583
-0.000625	-0.0026251	0.000336172
-0.0006	-0.0026251	0.000317099
-0.000575	-0.0026251	0.000298025
-0.00055	-0.0026251	0.00028372
-0.000525	-0.0026251	0.000266554
-0.0005	-0.0026251	0.000255587
-0.000475	-0.0026251	0.000250818
-0.00045	-0.0026251	0.000238896
-0.000425	-0.0026251	0.000229836
-0.0004	-0.0026251	0.000213624
-0.000375	-0.0026251	0.000206948
-0.00035	-0.0026251	0.000198842
-0.000325	-0.0026251	0.000189305
-0.0003	-0.0026251	0.000183583
-0.000275	-0.0026251	0.000180722
-0.00025	-0.0026251	0.000170232
-0.000225	-0.0026251	0.00016594
-0.0002	-0.0026251	0.000160695
-0.000175	-0.0026251	0.000155927
-0.00015	-0.0026251	0.000150205
-0.000125	-0.0026251	0.000144006
-0.0001	-0.0026251	0.000141145
-7.5e-05	-0.0026251	0.000135423
-5e-05	-0.0026251	0.000131131
-2.5e-05	-0.0026251	0.00012827
0.0	-0.0026251	0.000124455
2.5e-05	-0.0026251	0.000120163
5e-05	-0.0026251	0.000118733
7.5e-05	-0.0026251	0.000115872
0.0001	-0.0026251	0.000110627
0.000125	-0.0026251	0.000111104
0.00015	-0.0026251	0.000104905
0.000175	-0.0026251	0.000102997
0.0002	-0.0026251	0.000100613
0.000225	-0.0026251	9.82289e-05
0.00025	-0.0026251	9.48911e-05
0.000275	-0.0026251	9.05995e-05
0.0003	-0.0026251	8.96459e-05
0.000325	-0.0026251	8.72617e-05
0.00035	-0.0026251	8.44006e-05
0.000375	-0.0026251	8.29701e-05
0.0004	-0.0026251	8.15396e-05
0.000425	-0.0026251	7.82018e-05
0.00045	-0.0026251	7.72481e-05
0.000475	-0.0026251	7.53407e-05
0.0005	-0.0026251	7.39102e-05
0.0005	-0.0026001	7.34334e-05
0.000475	-0.0026001	7.72481e-05
0.00045	-0.0026001	7.82018e-05
0.000425	-0.0026001	7.96323e-05
0.0004	-0.0026001	8.15396e-05
0.000375	-0.0026001	8.44006e-05
0.00035	-0.0026001	8.77385e-05
0.000325	-0.0026001	8.86922e-05
0.0003	-0.0026001	9.10764e-05
0.000275	-0.0026001	9.39374e-05
0.00025	-0.0026001	9.72752e-05
0.000225	-0.0026001	0.000100613
0.0002	-0.0026001	0.00010252
0.000175	-0.0026001	0.000104428
0.00015	-0.0026001	0.000108243
0.000125	-0.0026001	0.000113965
0.0001	-0.0026001	0.000114918
7.5e-05	-0.0026001	0.000116826
5e-05	-0.0026001	0.000120163
2.5e-05	-0.0026001	0.000123979
0.0	-0.0026001	0.000129224
-2.5e-05	-0.0026001	0.000132562
-5e-05	-0.0026001	0.000136853
-7.5e-05	-0.0026001	0.000138284
-0.0001	-0.0026001	0.000144006
-0.000125	-0.0026001	0.00014782
-0.00015	-0.0026001	0.000154496
-0.000175	-0.0026001	0.000158311
-0.0002	-0.0026001	0.000163079
-0.000225	-0.0026001	0.000171185
-0.00025	-0.0026001	0.000179292
-0.000275	-0.0026001	0.000185491
-0.0003	-0.0026001	0.000191213
-0.000325	-0.0026001	0.000199796
-0.00035	-0.0026001	0.000205995
-0.000375	-0.0026001	0.000213147
-0.0004	-0.0026001	0.000226022
-0.000425	-0.0026001	0.000233651
-0.00045	-0.0026001	0.000243188
-0.000475	-0.0026001	0.00025654
-0.0005	-0.0026001	0.000269892
-0.000525	-0.0026001	0.000284197
-0.00055	-0.0026001	0.000298502
-0.000575	-0.0026001	0.000315191
-0.0006	-0.0026001	0.000330927
-0.000625	-0.0026001	0.000349523
-0.00065	-0.0026001	0.000372889
-0.000675	-0.0026001	0.000393869
-0.0007	-0.0026001	0.000415804
-0.000725	-0.0026001	0.00044203
-0.00075	-0.0026001	0.000480177
-0.000775	-0.0026001	0.000516895
-0.0008	-0.0026001	0.000562672
-0.000825	-0.0026001	0.000584129
-0.00085	-0.0026001	0.000634197
-0.000875	-0.0026001	0.000657085
-0.0009	-0.0026001	0.000695709
-0.000925	-0.0026001	0.000702385
-0.00095	-0.0026001	0.000724319
-0.000975	-0.0026001	0.000756744
-0.001	-0.0026001	0.000764851
-0.001025	-0.0026001	0.000770096
-0.00105	-0.0026001	0.000778202
-0.001075	-0.0026001	0.000752453
-0.0011	-0.0026001	0.000740532
-0.001125	-0.0026001	0.000735763
-0.00115	-0.0026001	0.000702385
-0.001175	-0.0026001	0.000680927
-0.0012	-0.0026001	0.000657562
-0.001225	-0.0026001	0.000620369
-0.00125	-0.0026001	0.000597481
-0.001275	-0.0026001	0.000574116
-0.0013	-0.0026001	0.000543121
-0.001325	-0.0026001	0.000513557
-0.00135	-0.0026001	0.000489239
-0.001375	-0.0026001	0.000451567
-0.0014	-0.0026001	0.000422003
-0.001425	-0.0026001	0.0003953
-0.00145	-0.0026001	0.000363829
-0.001475	-0.0026001	0.00034094
-0.0015	-0.0026001	0.00031996
-0.001525	-0.0026001	0.000311853
-0.00155	-0.0026001	0.000290873
-0.001575	-0.0026001	0.000277521
-0.0016	-0.0026001	0.000263216
-0.001625	-0.0026001	0.000248911
-0.00165	-0.0026001	0.000236035
-0.001675	-0.0026001	0.000222207
-0.0017	-0.0026001	0.00021124
-0.001725	-0.0026001	0.000199319
-0.00175	-0.0026001	0.000190736
-0.001775	-0.0026001	0.000181676
-0.0018	-0.0026001	0.000174523
-0.001825	-0.0026001	0.000164987
-0.00185	-0.0026001	0.000154973
-0.001875	-0.0026001	0.000145913
-0.0019	-0.0026001	0.000140668
-0.001925	-0.0026001	0.00013733
-0.00195	-0.0026001	0.000127316
-0.001975	-0.0026001	0.000125409
-0.002	-0.0026001	0.000122071
-0.002	-0.0025751	0.000120163
-0.001975	-0.0025751	0.000125886
-0.00195	-0.0025751	0.000134946
-0.001925	-0.0025751	0.000136376
-0.0019	-0.0025751	0.000144006
-0.001875	-0.0025751	0.000148774
-0.00185	-0.0025751	0.000158788
-0.001825	-0.0025751	0.000166894
-0.0018	-0.0025751	0.000171185
-0.001775	-0.0025751	0.000183106
-0.00175	-0.0025751	0.000192643
-0.001725	-0.0025751	0.000198365
-0.0017	-0.0025751	0.000207902
-0.001675	-0.0025751	0.000223638
-0.00165	-0.0025751	0.000231267
-0.001625	-0.0025751	0.000251295
-0.0016	-0.0025751	0.000259878
-0.001575	-0.0025751	0.000283243
-0.00155	-0.0025751	0.000289919
-0.001525	-0.0025751	0.000318529
-0.0015	-0.0025751	0.000327589
-0.001475	-0.0025751	0.000354769
-0.00145	-0.0025751	0.000378611
-0.001425	-0.0025751	0.00040436
-0.0014	-0.0025751	0.000428202
-0.001375	-0.0025751	0.00045252
-0.00135	-0.0025751	0.000475885
-0.001325	-0.0025751	0.000508789
-0.0013	-0.0025751	0.000535015
-0.001275	-0.0025751	0.00057793
-0.00125	-0.0025751	0.000601295
-0.001225	-0.0025751	0.000621323
-0.0012	-0.0025751	0.000670437
-0.001175	-0.0025751	0.000690941
-0.00115	-0.0025751	0.000713829
-0.001125	-0.0025751	0.000757221
-0.0011	-0.0025751	0.00078297
-0.001075	-0.0025751	0.000772003
-0.00105	-0.0025751	0.000793938
-0.001025	-0.0025751	0.000788216
-0.001	-0.0025751	0.000777248
-0.000975	-0.0025751	0.000766758
-0.00095	-0.0025751	0.000770573
-0.000925	-0.0025751	0.000742916
-0.0009	-0.0025751	0.000723366
-0.000875	-0.0025751	0.000687126
-0.00085	-0.0025751	0.000659946
-0.000825	-0.0025751	0.000620846
-0.0008	-0.0025751	0.000584129
-0.000775	-0.0025751	0.000548366
-0.00075	-0.0025751	0.000504497
-0.000725	-0.0025751	0.000472547
-0.0007	-0.0025751	0.000431539
-0.000675	-0.0025751	0.000412943
-0.00065	-0.0025751	0.000380041
-0.000625	-0.0025751	0.00035906
-0.0006	-0.0025751	0.000345709
-0.000575	-0.0025751	0.000327589
-0.00055	-0.0025751	0.0003109
-0.000525	-0.0025751	0.000296595
-0.0005	-0.0025751	0.000282289
-0.000475	-0.0025751	0.000267984
-0.00045	-0.0025751	0.000252249
-0.000425	-0.0025751	0.000241281
-0.0004	-0.0025751	0.000235558
-0.000375	-0.0025751	0.000223638
-0.00035	-0.0025751	0.000213147
-0.000325	-0.0025751	0.000209332
-0.0003	-0.0025751	0.000201226
-0.000275	-0.0025751	0.000192643
-0.00025	-0.0025751	0.000184537
-0.000225	-0.0025751	0.000176431
-0.0002	-0.0025751	0.000173093
-0.000175	-0.0025751	0.000167371
-0.00015	-0.0025751	0.000162602
-0.000125	-0.0025751	0.000155927
-0.0001	-0.0025751	0.000151158
-7.5e-05	-0.0025751	0.000144006
-5e-05	-0.0025751	0.000140191
-2.5e-05	-0.0025751	0.00013733
0.0	-0.0025751	0.000132562
2.5e-05	-0.0025751	0.000127793
5e-05	-0.0025751	0.000124455
7.5e-05	-0.0025751	0.000121594
0.0001	-0.0025751	0.000118256
0.000125	-0.0025751	0.000114918
0.00015	-0.0025751	0.000113488
0.000175	-0.0025751	0.000108719
0.0002	-0.0025751	0.000105858
0.000225	-0.0025751	0.000102044
0.00025	-0.0025751	0.000100613
0.000275	-0.0025751	9.82289e-05
0.0003	-0.0025751	9.58447e-05
0.000325	-0.0025751	9.15532e-05
0.00035	-0.0025751	8.82153e-05
0.000375	-0.0025751	8.82153e-05
0.0004	-0.0025751	8.6308e-05
0.000425	-0.0025751	8.3447e-05
0.00045	-0.0025751	8.24933e-05
0.000475	-0.0025751	8.01091e-05
0.0005	-0.0025751	7.62944e-05
0.0005	-0.0025501	7.96323e-05
0.000475	-0.0025501	8.05859e-05
0.00045	-0.0025501	8.24933e-05
0.000425	-0.0025501	8.53543e-05
0.0004	-0.0025501	8.67848e-05
0.000375	-0.0025501	8.96459e-05
0.00035	-0.0025501	9.25069e-05
0.000325	-0.0025501	9.48911e-05
0.0003	-0.0025501	9.87058e-05
0.000275	-0.0025501	0.000101567
0.00025	-0.0025501	0.000104428
0.000225	-0.0025501	0.000104905
0.0002	-0.0025501	0.000111104
0.000175	-0.0025501	0.000113488
0.00015	-0.0025501	0.000113965
0.000125	-0.0025501	0.000120163
0.0001	-0.0025501	0.000123025
7.5e-05	-0.0025501	0.000125409
5e-05	-0.0025501	0.000131608
2.5e-05	-0.0025501	0.000134946
0.0	-0.0025501	0.000136853
-2.5e-05	-0.0025501	0.000141622
-5e-05	-0.0025501	0.000143529
-7.5e-05	-0.0025501	0.000151158
-0.0001	-0.0025501	0.000156404
-0.000125	-0.0025501	0.000158311
-0.00015	-0.0025501	0.000165463
-0.000175	-0.0025501	0.000171662
-0.0002	-0.0025501	0.000178338
-0.000225	-0.0025501	0.000181676
-0.00025	-0.0025501	0.000191689
-0.000275	-0.0025501	0.000197888
-0.0003	-0.0025501	0.000205518
-0.000325	-0.0025501	0.000210286
-0.00035	-0.0025501	0.000223161
-0.000375	-0.0025501	0.000231267
-0.0004	-0.0025501	0.00023842
-0.000425	-0.0025501	0.00024748
-0.00045	-0.0025501	0.000260355
-0.000475	-0.0025501	0.00027323
-0.0005	-0.0025501	0.000289919
-0.000525	-0.0025501	0.000304224
-0.00055	-0.0025501	0.000318529
-0.000575	-0.0025501	0.000333311
-0.0006	-0.0025501	0.000350954
-0.000625	-0.0025501	0.000376703
-0.00065	-0.0025501	0.000391962
-0.000675	-0.0025501	0.00042391
-0.0007	-0.0025501	0.000449182
-0.000725	-0.0025501	0.000481131
-0.00075	-0.0025501	0.000526909
-0.000775	-0.0025501	0.00055695
-0.0008	-0.0025501	0.00060511
-0.000825	-0.0025501	0.000645164
-0.00085	-0.0025501	0.000683788
-0.000875	-0.0025501	0.000715259
-0.0009	-0.0025501	0.000748638
-0.000925	-0.0025501	0.00076199
-0.00095	-0.0025501	0.000778202
-0.000975	-0.0025501	0.00080109
-0.001	-0.0025501	0.000820164
-0.001025	-0.0025501	0.000824932
-0.00105	-0.0025501	0.000824932
-0.001075	-0.0025501	0.000816826
-0.0011	-0.0025501	0.000795368
-0.001125	-0.0025501	0.000778202
-0.00115	-0.0025501	0.000751976
-0.001175	-0.0025501	0.000705246
-0.0012	-0.0025501	0.00067139
-0.001225	-0.0025501	0.000644211
-0.00125	-0.0025501	0.000630859
-0.001275	-0.0025501	0.00059462
-0.0013	-0.0025501	0.000560287
-0.001325	-0.0025501	0.000534538
-0.00135	-0.0025501	0.000488285
-0.001375	-0.0025501	0.000468256
-0.0014	-0.0025501	0.000438215
-0.001425	-0.0025501	0.000403883
-0.00145	-0.0025501	0.00038624
-0.001475	-0.0025501	0.000363352
-0.0015	-0.0025501	0.000341417
-0.001525	-0.0025501	0.00032139
-0.00155	-0.0025501	0.000303747
-0.001575	-0.0025501	0.00028372
-0.0016	-0.0025501	0.000271799
-0.001625	-0.0025501	0.000252249
-0.00165	-0.0025501	0.000242234
-0.001675	-0.0025501	0.000225545
-0.0017	-0.0025501	0.000213624
-0.001725	-0.0025501	0.000201226
-0.00175	-0.0025501	0.000193597
-0.001775	-0.0025501	0.000183106
-0.0018	-0.0025501	0.000179292
-0.001825	-0.0025501	0.000168801
-0.00185	-0.0025501	0.000159265
-0.001875	-0.0025501	0.000152112
-0.0019	-0.0025501	0.000144959
-0.001925	-0.0025501	0.000141145
-0.00195	-0.0025501	0.000137807
-0.001975	-0.0025501	0.000130654
-0.002	-0.0025501	0.000124455
-0.002	-0.0025251	0.000124932
-0.001975	-0.0025251	0.00012827
-0.00195	-0.0025251	0.000134469
-0.001925	-0.0025251	0.000142575
-0.0019	-0.0025251	0.000149251
-0.001875	-0.0025251	0.00015688
-0.00185	-0.0025251	0.00016451
-0.001825	-0.0025251	0.000174523
-0.0018	-0.0025251	0.000177861
-0.001775	-0.0025251	0.000186444
-0.00175	-0.0025251	0.000200273
-0.001725	-0.0025251	0.000212193
-0.0017	-0.0025251	0.000215531
-0.001675	-0.0025251	0.000234128
-0.00165	-0.0025251	0.000249388
-0.001625	-0.0025251	0.000264646
-0.0016	-0.0025251	0.000268938
-0.001575	-0.0025251	0.000284197
-0.00155	-0.0025251	0.000311377
-0.001525	-0.0025251	0.000329496
-0.0015	-0.0025251	0.000350954
-0.001475	-0.0025251	0.000372412
-0.00145	-0.0025251	0.000399591
-0.001425	-0.0025251	0.00042391
-0.0014	-0.0025251	0.000435831
-0.001375	-0.0025251	0.000464918
-0.00135	-0.0025251	0.000508312
-0.001325	-0.0025251	0.000525955
-0.0013	-0.0025251	0.000567917
-0.001275	-0.0025251	0.000599865
-0.00125	-0.0025251	0.000617508
-0.001225	-0.0025251	0.000670914
-0.0012	-0.0025251	0.000706676
-0.001175	-0.0025251	0.000719551
-0.00115	-0.0025251	0.000770573
-0.001125	-0.0025251	0.000804428
-0.0011	-0.0025251	0.00081921
-0.001075	-0.0025251	0.000836853
-0.00105	-0.0025251	0.000842098
-0.001025	-0.0025251	0.000836853
-0.001	-0.0025251	0.000845436
-0.000975	-0.0025251	0.000841144
-0.00095	-0.0025251	0.000823025
-0.000925	-0.0025251	0.000792984
-0.0009	-0.0025251	0.000781063
-0.000875	-0.0025251	0.000739578
-0.00085	-0.0025251	0.000715259
-0.000825	-0.0025251	0.00066996
-0.0008	-0.0025251	0.000636581
-0.000775	-0.0025251	0.000589374
-0.00075	-0.0025251	0.000545505
-0.000725	-0.0025251	0.000503544
-0.0007	-0.0025251	0.000474932
-0.000675	-0.0025251	0.000438692
-0.00065	-0.0025251	0.000409605
-0.000625	-0.0025251	0.000383856
-0.0006	-0.0025251	0.000373842
-0.000575	-0.0025251	0.000345232
-0.00055	-0.0025251	0.000331881
-0.000525	-0.0025251	0.000318529
-0.0005	-0.0025251	0.000300886
-0.000475	-0.0025251	0.00028372
-0.00045	-0.0025251	0.000274183
-0.000425	-0.0025251	0.000258924
-0.0004	-0.0025251	0.000248434
-0.000375	-0.0025251	0.000243188
-0.00035	-0.0025251	0.000228406
-0.000325	-0.0025251	0.000222684
-0.0003	-0.0025251	0.00021124
-0.000275	-0.0025251	0.000206948
-0.00025	-0.0025251	0.000201226
-0.000225	-0.0025251	0.000192643
-0.0002	-0.0025251	0.000185491
-0.000175	-0.0025251	0.000176431
-0.00015	-0.0025251	0.000174046
-0.000125	-0.0025251	0.000168801
-0.0001	-0.0025251	0.000163556
-7.5e-05	-0.0025251	0.000158788
-5e-05	-0.0025251	0.000150205
-2.5e-05	-0.0025251	0.000149728
0.0	-0.0025251	0.000143529
2.5e-05	-0.0025251	0.000138761
5e-05	-0.0025251	0.000136853
7.5e-05	-0.0025251	0.000131131
0.0001	-0.0025251	0.000127316
0.000125	-0.0025251	0.000123502
0.00015	-0.0025251	0.000121117
0.000175	-0.0025251	0.000117302
0.0002	-0.0025251	0.000115872
0.000225	-0.0025251	0.000110627
0.00025	-0.0025251	0.000106812
0.000275	-0.0025251	0.000103474
0.0003	-0.0025251	0.000101567
0.000325	-0.0025251	9.67984e-05
0.00035	-0.0025251	9.48911e-05
0.000375	-0.0025251	9.29837e-05
0.0004	-0.0025251	9.25069e-05
0.000425	-0.0025251	8.82153e-05
0.00045	-0.0025251	8.6308e-05
0.000475	-0.0025251	8.48775e-05
0.0005	-0.0025251	8.20165e-05
0.0005	-0.0025001	8.48775e-05
0.000475	-0.0025001	8.58312e-05
0.00045	-0.0025001	8.96459e-05
0.000425	-0.0025001	9.05995e-05
0.0004	-0.0025001	9.39374e-05
0.000375	-0.0025001	9.63216e-05
0.00035	-0.0025001	9.87058e-05
0.000325	-0.0025001	0.000100136
0.0003	-0.0025001	0.000104428
0.000275	-0.0025001	0.000107289
0.00025	-0.0025001	0.000110627
0.000225	-0.0025001	0.000112057
0.0002	-0.0025001	0.000114918
0.000175	-0.0025001	0.00012064
0.00015	-0.0025001	0.000124455
0.000125	-0.0025001	0.00012684
0.0001	-0.0025001	0.000131131
7.5e-05	-0.0025001	0.000133038
5e-05	-0.0025001	0.000136853
2.5e-05	-0.0025001	0.000143052
0.0	-0.0025001	0.000147344
-2.5e-05	-0.0025001	0.000152589
-5e-05	-0.0025001	0.000157834
-7.5e-05	-0.0025001	0.000163556
-0.0001	-0.0025001	0.000167371
-0.000125	-0.0025001	0.00017357
-0.00015	-0.0025001	0.000177861
-0.000175	-0.0025001	0.000182153
-0.0002	-0.0025001	0.000191213
-0.000225	-0.0025001	0.000195504
-0.00025	-0.0025001	0.000202657
-0.000275	-0.0025001	0.00021124
-0.0003	-0.0025001	0.000217916
-0.000325	-0.0025001	0.00023079
-0.00035	-0.0025001	0.000234605
-0.000375	-0.0025001	0.000245573
-0.0004	-0.0025001	0.000261309
-0.000425	-0.0025001	0.000272753
-0.00045	-0.0025001	0.000287058
-0.000475	-0.0025001	0.000296595
-0.0005	-0.0025001	0.000314238
-0.000525	-0.0025001	0.000328543
-0.00055	-0.0025001	0.00033951
-0.000575	-0.0025001	0.000358583
-0.0006	-0.0025001	0.000382425
-0.000625	-0.0025001	0.000409605
-0.00065	-0.0025001	0.000429155
-0.000675	-0.0025001	0.00046158
-0.0007	-0.0025001	0.000494961
-0.000725	-0.0025001	0.000533108
-0.00075	-0.0025001	0.000570778
-0.000775	-0.0025001	0.00060511
-0.0008	-0.0025001	0.000655655
-0.000825	-0.0025001	0.000682835
-0.00085	-0.0025001	0.00072718
-0.000875	-0.0025001	0.000771049
-0.0009	-0.0025001	0.000801567
-0.000925	-0.0025001	0.000821594
-0.00095	-0.0025001	0.000843052
-0.000975	-0.0025001	0.000868324
-0.001	-0.0025001	0.000880245
-0.001025	-0.0025001	0.000879291
-0.00105	-0.0025001	0.000866894
-0.001075	-0.0025001	0.000846867
-0.0011	-0.0025001	0.000825886
-0.001125	-0.0025001	0.000825409
-0.00115	-0.0025001	0.000792507
-0.001175	-0.0025001	0.000757221
-0.0012	-0.0025001	0.000730041
-0.001225	-0.0025001	0.000695709
-0.00125	-0.0025001	0.000662807
-0.001275	-0.0025001	0.000627521
-0.0013	-0.0025001	0.000593189
-0.001325	-0.0025001	0.000557903
-0.00135	-0.0025001	0.000520233
-0.001375	-0.0025001	0.000484945
-0.0014	-0.0025001	0.000449182
-0.001425	-0.0025001	0.000433924
-0.00145	-0.0025001	0.000396254
-0.001475	-0.0025001	0.000372412
-0.0015	-0.0025001	0.000358583
-0.001525	-0.0025001	0.00033045
-0.00155	-0.0025001	0.000311377
-0.001575	-0.0025001	0.00030327
-0.0016	-0.0025001	0.000283243
-0.001625	-0.0025001	0.000267984
-0.00165	-0.0025001	0.000253202
-0.001675	-0.0025001	0.000240804
-0.0017	-0.0025001	0.000224591
-0.001725	-0.0025001	0.000215054
-0.00175	-0.0025001	0.000204087
-0.001775	-0.0025001	0.00019455
-0.0018	-0.0025001	0.000183583
-0.001825	-0.0025001	0.000175
-0.00185	-0.0025001	0.000170232
-0.001875	-0.0025001	0.000159265
-0.0019	-0.0025001	0.00015545
-0.001925	-0.0025001	0.000145436
-0.00195	-0.0025001	0.000139714
-0.001975	-0.0025001	0.000131608
-0.002	-0.0025001	0.00012684
