Your comment line - do NOT delete this line
Col 0: X-pos [m]
Col 1: Y-pos [m]
Col 2: Voltage [V]

Col 0		Col 1		Col 2
-0.0011		0.015		5.66247e-06
-0.00115		0.015		6.82476e-06
-0.0012		0.015		8.67253e-06
-0.00125		0.015		8.2851e-06
-0.0013		0.015		6.28832e-06
-0.00135		0.015		6.58634e-06
-0.0014		0.015		6.97377e-06
-0.00145		0.015		1.02819e-05
-0.0015		0.015		1.53185e-05
-0.00155		0.015		1.69576e-05
-0.0016		0.015		3.62697e-05
-0.00165		0.015		5.21841e-05
-0.0017		0.015		7.90362e-05
-0.00175		0.015		0.000110984
-0.0018		0.015		0.000143887
-0.00185		0.015		0.000174553
-0.0019		0.015		0.000208975
-0.00195		0.015		0.000235409
-0.002		0.015		0.000254693
-0.00205		0.015		0.000268878
-0.0021		0.015		0.000274869
-0.00215		0.015		0.000269981
-0.0022		0.015		0.000256242
-0.00225		0.015		0.000233979
-0.0023		0.015		0.000204087
-0.00235		0.015		0.000164122
-0.0024		0.015		0.000131131
-0.00245		0.015		9.65004e-05
-0.0025		0.015		6.64894e-05
-0.00255		0.015		4.44951e-05
-0.0026		0.015		2.6405e-05
-0.00265		0.015		1.64808e-05
-0.0027		0.015		1.04011e-05
-0.00275		0.015		9.71562e-06
-0.0028		0.015		7.95728e-06
-0.00285		0.015		7.54002e-06
-0.0029		0.015		5.24524e-06
-0.00295		0.015		4.94721e-06
-0.003		0.015		3.90413e-06
-0.00305		0.015		4.44058e-06
-0.0031		0.015		8.64273e-06
-0.0031		0.0144999		6.19891e-06
-0.00305		0.0144999		4.11275e-06
-0.003		0.0144999		3.6359e-06
-0.00295		0.0144999		5.15583e-06
-0.0029		0.0144999		8.94075e-06
-0.00285		0.0144999		7.3016e-06
-0.0028		0.0144999		3.42728e-06
-0.00275		0.0144999		8.2255e-06
-0.0027		0.0144999		1.15932e-05
-0.00265		0.0144999		1.24574e-05
-0.0026		0.0144999		2.21134e-05
-0.00255		0.0144999		3.45411e-05
-0.0025		0.0144999		5.18265e-05
-0.00245		0.0144999		6.92909e-05
-0.0024		0.0144999		9.84375e-05
-0.00235		0.0144999		0.000128509
-0.0023		0.0144999		0.000151188
-0.00225		0.0144999		0.000175328
-0.0022		0.0144999		0.00019309
-0.00215		0.0144999		0.000202716
-0.0021		0.0144999		0.000205101
-0.00205		0.0144999		0.000199855
-0.002		0.0144999		0.000185729
-0.00195		0.0144999		0.000166328
-0.0019		0.0144999		0.000143469
-0.00185		0.0144999		0.000112743
-0.0018		0.0144999		9.00929e-05
-0.00175		0.0144999		6.08864e-05
-0.0017		0.0144999		4.3303e-05
-0.00165		0.0144999		2.81931e-05
-0.0016		0.0144999		1.70768e-05
-0.00155		0.0144999		1.14143e-05
-0.0015		0.0144999		1.15634e-05
-0.00145		0.0144999		8.82155e-06
-0.0014		0.0144999		5.93069e-06
-0.00135		0.0144999		6.25852e-06
-0.0013		0.0144999		8.31491e-06
-0.00125		0.0144999		5.24524e-06
-0.0012		0.0144999		4.82801e-06
-0.00115		0.0144999		5.60287e-06
-0.0011		0.0144999		5.12603e-06
-0.0011		0.014		4.47038e-06
-0.00115		0.014		6.94397e-06
-0.0012		0.014		2.83124e-06
-0.00125		0.014		3.57629e-06
-0.0013		0.014		4.38097e-06
-0.00135		0.014		4.23196e-06
-0.0014		0.014		5.72208e-06
-0.00145		0.014		7.3314e-06
-0.0015		0.014		6.64595e-06
-0.00155		0.014		9.89443e-06
-0.0016		0.014		1.35601e-05
-0.00165		0.014		2.07723e-05
-0.0017		0.014		3.53756e-05
-0.00175		0.014		4.77138e-05
-0.0018		0.014		7.44765e-05
-0.00185		0.014		0.000100524
-0.0019		0.014		0.00012675
-0.00195		0.014		0.000151129
-0.002		0.014		0.000172378
-0.00205		0.014		0.000182123
-0.0021		0.014		0.000185431
-0.00215		0.014		0.000182332
-0.0022		0.014		0.000171483
-0.00225		0.014		0.000159741
-0.0023		0.014		0.000131668
-0.00235		0.014		0.000108243
-0.0024		0.014		8.20165e-05
-0.00245		0.014		5.76975e-05
-0.0025		0.014		4.03526e-05
-0.00255		0.014		2.67626e-05
-0.0026		0.014		1.97889e-05
-0.00265		0.014		8.88115e-06
-0.0027		0.014		6.64595e-06
-0.00275		0.014		6.49694e-06
-0.0028		0.014		6.19891e-06
-0.00285		0.014		5.15583e-06
-0.0029		0.014		5.66247e-06
-0.00295		0.014		6.0499e-06
-0.003		0.014		7.3314e-06
-0.00305		0.014		3.93394e-06
-0.0031		0.014		2.02657e-06
-0.0031		0.0134999		4.50018e-06
-0.00305		0.0134999		1.75834e-06
-0.003		0.0134999		4.23196e-06
-0.00295		0.0134999		4.44058e-06
-0.0029		0.0134999		5.21544e-06
-0.00285		0.0134999		5.42405e-06
-0.0028		0.0134999		6.40753e-06
-0.00275		0.0134999		5.12603e-06
-0.0027		0.0134999		6.67575e-06
-0.00265		0.0134999		1.11461e-05
-0.0026		0.0134999		1.4782e-05
-0.00255		0.0134999		2.88786e-05
-0.0025		0.0134999		3.93095e-05
-0.00245		0.0134999		5.91578e-05
-0.0024		0.0134999		7.50129e-05
-0.00235		0.0134999		9.42652e-05
-0.0023		0.0134999		0.000111938
-0.00225		0.0134999		0.000126154
-0.0022		0.0134999		0.000135005
-0.00215		0.0134999		0.000143797
-0.0021		0.0134999		0.000145883
-0.00205		0.0134999		0.000137419
-0.002		0.0134999		0.000123621
-0.00195		0.0134999		0.000109345
-0.0019		0.0134999		9.00035e-05
-0.00185		0.0134999		7.11088e-05
-0.0018		0.0134999		4.91145e-05
-0.00175		0.0134999		3.77002e-05
-0.0017		0.0134999		2.37228e-05
-0.00165		0.0134999		2.00869e-05
-0.0016		0.0134999		1.05501e-05
-0.00155		0.0134999		8.61293e-06
-0.0015		0.0134999		4.94721e-06
-0.00145		0.0134999		4.7088e-06
-0.0014		0.0134999		2.77163e-06
-0.00135		0.0134999		4.85781e-06
-0.0013		0.0134999		2.83124e-06
-0.00125		0.0134999		1.49012e-06
-0.0012		0.0134999		4.7386e-06
-0.00115		0.0134999		2.3246e-06
-0.0011		0.0134999		6.0797e-06
-0.0011		0.013		4.11275e-06
-0.00115		0.013		6.64595e-06
-0.0012		0.013		3.45708e-06
-0.00125		0.013		3.57629e-06
-0.0013		0.013		1.60933e-06
-0.00135		0.013		5.66248e-07
-0.0014		0.013		4.29156e-06
-0.00145		0.013		4.82801e-06
-0.0015		0.013		3.24847e-06
-0.00155		0.013		4.35117e-06
-0.0016		0.013		7.54002e-06
-0.00165		0.013		1.34707e-05
-0.0017		0.013		2.1577e-05
-0.00175		0.013		2.88786e-05
-0.0018		0.013		4.73561e-05
-0.00185		0.013		7.31056e-05
-0.0019		0.013		9.76329e-05
-0.00195		0.013		0.000122906
-0.002		0.013		0.000149162
-0.00205		0.013		0.000166089
-0.0021		0.013		0.000181735
-0.00215		0.013		0.000188143
-0.0022		0.013		0.000178964
-0.00225		0.013		0.000164808
-0.0023		0.013		0.000148297
-0.00235		0.013		0.000120908
-0.0024		0.013		9.4742e-05
-0.00245		0.013		6.77113e-05
-0.0025		0.013		4.41077e-05
-0.00255		0.013		3.08754e-05
-0.0026		0.013		1.91034e-05
-0.00265		0.013		1.13845e-05
-0.0027		0.013		4.97702e-06
-0.00275		0.013		8.94075e-06
-0.0028		0.013		8.34471e-06
-0.00285		0.013		7.98708e-06
-0.0029		0.013		4.47038e-06
-0.00295		0.013		2.83124e-06
-0.003		0.013		7.83807e-06
-0.00305		0.013		3.87432e-07
-0.0031		0.013		2.05637e-06
-0.00315		0.0125		2.62262e-06
-0.0031		0.0125		-2.05637e-06
-0.00305		0.0125		6.64595e-06
-0.003		0.0125		3.57629e-06
-0.00295		0.0125		2.74183e-06
-0.0029		0.0125		5.06643e-07
-0.00285		0.0125		4.32137e-06
-0.0028		0.0125		7.3612e-06
-0.00275		0.0125		9.53682e-07
-0.0027		0.0125		8.61293e-06
-0.00265		0.0125		6.82476e-06
-0.0026		0.0125		1.43648e-05
-0.00255		0.0125		2.3693e-05
-0.0025		0.0125		3.5018e-05
-0.00245		0.0125		5.26013e-05
-0.0024		0.0125		7.28671e-05
-0.00235		0.0125		8.4192e-05
-0.0023		0.0125		0.000103653
-0.00225		0.0125		0.000109852
-0.0022		0.0125		0.000118494
-0.00215		0.0125		0.000122041
-0.0021		0.0125		0.000116349
-0.00205		0.0125		0.000109554
-0.002		0.0125		9.6858e-05
-0.00195		0.0125		8.05859e-05
-0.0019		0.0125		6.17211e-05
-0.00185		0.0125		4.99191e-05
-0.0018		0.0125		3.17695e-05
-0.00175		0.0125		2.19644e-05
-0.0017		0.0125		9.14937e-06
-0.00165		0.0125		1.03117e-05
-0.0016		0.0125		4.58959e-06
-0.00155		0.0125		6.0201e-06
-0.0015		0.0125		4.08295e-06
-0.00145		0.0125		4.44058e-06
-0.0014		0.0125		3.6657e-06
-0.00135		0.0125		2.3544e-06
-0.0013		0.0125		1.75834e-06
-0.00125		0.0125		4.58959e-06
-0.0012		0.0125		5.96049e-06
-0.00115		0.0125		3.99354e-06
-0.00115		0.0119999		1.1921e-06
-0.0012		0.0119999		6.40753e-06
-0.00125		0.0119999		5.39425e-06
-0.0013		0.0119999		2.11598e-06
-0.00135		0.0119999		2.56301e-06
-0.0014		0.0119999		6.55654e-06
-0.00145		0.0119999		3.15906e-06
-0.0015		0.0119999		3.27827e-06
-0.00155		0.0119999		1.69874e-06
-0.0016		0.0119999		8.2553e-06
-0.00165		0.0119999		5.24524e-06
-0.0017		0.0119999		1.05203e-05
-0.00175		0.0119999		1.1474e-05
-0.0018		0.0119999		2.01763e-05
-0.00185		0.0119999		3.48988e-05
-0.0019		0.0119999		4.51806e-05
-0.00195		0.0119999		6.25257e-05
-0.002		0.0119999		7.18241e-05
-0.00205		0.0119999		8.48477e-05
-0.0021		0.0119999		9.40864e-05
-0.00215		0.0119999		9.83481e-05
-0.0022		0.0119999		0.000103057
-0.00225		0.0119999		9.19704e-05
-0.0023		0.0119999		7.97515e-05
-0.00235		0.0119999		6.5506e-05
-0.0024		0.0119999		5.582e-05
-0.00245		0.0119999		4.0442e-05
-0.0025		0.0119999		3.04283e-05
-0.00255		0.0119999		1.94312e-05
-0.0026		0.0119999		1.39177e-05
-0.00265		0.0119999		6.88437e-06
-0.0027		0.0119999		8.2553e-06
-0.00275		0.0119999		4.47037e-07
-0.0028		0.0119999		3.27827e-06
-0.00285		0.0119999		8.94074e-08
-0.0029		0.0119999		3.45708e-06
-0.00295		0.0119999		5.00682e-06
-0.003		0.0119999		5.03662e-06
-0.00305		0.0119999		6.25852e-06
-0.0031		0.0119999		0.0
-0.00315		0.0119999		2.3246e-06
-0.0032		0.0114999		-1.49013e-07
-0.00315		0.0114999		-1.10269e-06
-0.0031		0.0114999		-2.23519e-06
-0.00305		0.0114999		4.02334e-06
-0.003		0.0114999		2.74183e-06
-0.00295		0.0114999		5.54326e-06
-0.0029		0.0114999		3.18886e-06
-0.00285		0.0114999		4.85781e-06
-0.0028		0.0114999		1.34111e-06
-0.00275		0.0114999		4.52998e-06
-0.0027		0.0114999		6.97377e-06
-0.00265		0.0114999		7.2718e-06
-0.0026		0.0114999		1.20402e-05
-0.00255		0.0114999		1.44542e-05
-0.0025		0.0114999		2.86103e-05
-0.00245		0.0114999		4.02632e-05
-0.0024		0.0114999		5.90386e-05
-0.00235		0.0114999		7.67414e-05
-0.0023		0.0114999		9.1732e-05
-0.00225		0.0114999		0.000109047
-0.0022		0.0114999		0.000109643
-0.00215		0.0114999		0.000109196
-0.0021		0.0114999		0.000103653
-0.00205		0.0114999		9.41758e-05
-0.002		0.0114999		7.65328e-05
-0.00195		0.0114999		5.85022e-05
-0.0019		0.0114999		4.22301e-05
-0.00185		0.0114999		3.43623e-05
-0.0018		0.0114999		1.37389e-05
-0.00175		0.0114999		1.22786e-05
-0.0017		0.0114999		8.1957e-06
-0.00165		0.0114999		2.05637e-06
-0.0016		0.0114999		6.55654e-06
-0.00155		0.0114999		1.28151e-06
-0.0015		0.0114999		6.61614e-06
-0.00145		0.0114999		1.01329e-06
-0.0014		0.0114999		4.61939e-06
-0.00135		0.0114999		2.62262e-06
-0.0013		0.0114999		8.34469e-07
-0.00125		0.0114999		5.66247e-06
-0.0012		0.0114999		9.23876e-07
-0.0012		0.0109999		3.27827e-06
-0.00125		0.0109999		2.83124e-06
-0.0013		0.0109999		3.6061e-06
-0.00135		0.0109999		3.84453e-06
-0.0014		0.0109999		7.24199e-06
-0.00145		0.0109999		3.27827e-07
-0.0015		0.0109999		1.1623e-06
-0.00155		0.0109999		2.53321e-06
-0.0016		0.0109999		1.84775e-06
-0.00165		0.0109999		5.42405e-06
-0.0017		0.0109999		6.13931e-06
-0.00175		0.0109999		7.00357e-06
-0.0018		0.0109999		1.38283e-05
-0.00185		0.0109999		2.29479e-05
-0.0019		0.0109999		3.56438e-05
-0.00195		0.0109999		5.30186e-05
-0.002		0.0109999		7.18539e-05
-0.00205		0.0109999		8.87518e-05
-0.0021		0.0109999		0.000103206
-0.00215		0.0109999		0.000109256
-0.0022		0.0109999		0.000112087
-0.00225		0.0109999		0.000103444
-0.0023		0.0109999		9.0987e-05
-0.00235		0.0109999		7.68607e-05
-0.0024		0.0109999		5.82936e-05
-0.00245		0.0109999		3.78492e-05
-0.0025		0.0109999		2.48255e-05
-0.00255		0.0109999		1.65404e-05
-0.0026		0.0109999		1.20104e-05
-0.00265		0.0109999		7.42081e-06
-0.0027		0.0109999		5.09623e-06
-0.00275		0.0109999		6.52674e-06
-0.0028		0.0109999		4.38097e-06
-0.00285		0.0109999		-6.85457e-07
-0.0029		0.0109999		1.37091e-06
-0.00295		0.0109999		3.36768e-06
-0.003		0.0109999		3.09946e-06
-0.00305		0.0109999		4.88761e-06
-0.0031		0.0109999		4.91741e-06
-0.00315		0.0109999		5.48366e-06
-0.0032		0.0109999		2.80143e-06
-0.0032		0.0104999		3.15906e-06
-0.00315		0.0104999		3.33787e-06
-0.0031		0.0104999		2.74183e-06
-0.00305		0.0104999		1.49012e-06
-0.003		0.0104999		6.25852e-07
-0.00295		0.0104999		4.14255e-06
-0.0029		0.0104999		1.87755e-06
-0.00285		0.0104999		-1.60933e-06
-0.0028		0.0104999		1.2517e-06
-0.00275		0.0104999		4.94721e-06
-0.0027		0.0104999		2.62262e-06
-0.00265		0.0104999		4.82801e-06
-0.0026		0.0104999		5.24524e-06
-0.00255		0.0104999		1.32323e-05
-0.0025		0.0104999		2.16366e-05
-0.00245		0.0104999		2.91468e-05
-0.0024		0.0104999		4.43759e-05
-0.00235		0.0104999		5.88896e-05
-0.0023		0.0104999		7.29864e-05
-0.00225		0.0104999		8.49669e-05
-0.0022		0.0104999		9.30433e-05
-0.00215		0.0104999		9.6709e-05
-0.0021		0.0104999		8.98843e-05
-0.00205		0.0104999		7.78739e-05
-0.002		0.0104999		6.28536e-05
-0.00195		0.0104999		4.72369e-05
-0.0019		0.0104999		2.88786e-05
-0.00185		0.0104999		2.01465e-05
-0.0018		0.0104999		1.16826e-05
-0.00175		0.0104999		7.65926e-06
-0.0017		0.0104999		3.54649e-06
-0.00165		0.0104999		6.34792e-06
-0.0016		0.0104999		1.43052e-06
-0.00155		0.0104999		1.04309e-06
-0.0015		0.0104999		3.24847e-06
-0.00145		0.0104999		2.92064e-06
-0.0014		0.0104999		1.04309e-06
-0.00135		0.0104999		1.1921e-06
-0.0013		0.0104999		6.94397e-06
-0.00125		0.0104999		1.40072e-06
-0.0012		0.0104999		2.4438e-06
-0.00115		0.01		3.99354e-06
-0.0012		0.01		6.82476e-06
-0.00125		0.01		2.68223e-07
-0.0013		0.01		1.1921e-07
-0.00135		0.01		2.53321e-06
-0.0014		0.01		2.98025e-08
-0.00145		0.01		1.43052e-06
-0.0015		0.01		1.1921e-07
-0.00155		0.01		5.96049e-06
-0.0016		0.01		7.48041e-06
-0.00165		0.01		5.36445e-06
-0.0017		0.01		2.71203e-06
-0.00175		0.01		5.81148e-06
-0.0018		0.01		6.64595e-06
-0.00185		0.01		1.55569e-05
-0.0019		0.01		2.65242e-05
-0.00195		0.01		3.56438e-05
-0.002		0.01		4.89058e-05
-0.00205		0.01		6.14231e-05
-0.0021		0.01		7.38208e-05
-0.00215		0.01		8.22549e-05
-0.0022		0.01		8.06754e-05
-0.00225		0.01		7.59368e-05
-0.0023		0.01		6.66683e-05
-0.00235		0.01		5.35252e-05
-0.0024		0.01		4.07996e-05
-0.00245		0.01		3.31106e-05
-0.0025		0.01		2.04743e-05
-0.00255		0.01		1.25468e-05
-0.0026		0.01		7.12278e-06
-0.00265		0.01		5.36445e-06
-0.0027		0.01		3.12926e-06
-0.00275		0.01		2.56301e-06
-0.0028		0.01		1.07289e-06
-0.00285		0.01		2.77163e-06
-0.0029		0.01		5.96051e-08
-0.00295		0.01		1.2517e-06
-0.003		0.01		3.48689e-06
-0.00305		0.01		2.02657e-06
-0.0031		0.01		2.59282e-06
-0.00315		0.01		3.57629e-06
-0.00315		0.0094999		-4.76841e-07
-0.0031		0.0094999		6.22871e-06
-0.00305		0.0094999		6.25852e-07
-0.003		0.0094999		7.45062e-07
-0.00295		0.0094999		3.57629e-06
-0.0029		0.0094999		1.07289e-06
-0.00285		0.0094999		4.17235e-06
-0.0028		0.0094999		2.14578e-06
-0.00275		0.0094999		4.38097e-06
-0.0027		0.0094999		-1.10269e-06
-0.00265		0.0094999		5.96051e-08
-0.0026		0.0094999		9.89443e-06
-0.00255		0.0094999		1.30833e-05
-0.0025		0.0094999		2.03551e-05
-0.00245		0.0094999		2.80441e-05
-0.0024		0.0094999		4.57766e-05
-0.00235		0.0094999		5.3704e-05
-0.0023		0.0094999		6.77411e-05
-0.00225		0.0094999		7.76355e-05
-0.0022		0.0094999		7.90064e-05
-0.00215		0.0094999		7.8321e-05
-0.0021		0.0094999		7.16751e-05
-0.00205		0.0094999		6.70259e-05
-0.002		0.0094999		5.34358e-05
-0.00195		0.0094999		3.66869e-05
-0.0019		0.0094999		2.80739e-05
-0.00185		0.0094999		2.03551e-05
-0.0018		0.0094999		1.30237e-05
-0.00175		0.0094999		9.44739e-06
-0.0017		0.0094999		5.66247e-06
-0.00165		0.0094999		5.27504e-06
-0.0016		0.0094999		2.71203e-06
-0.00155		0.0094999		3.15906e-06
-0.0015		0.0094999		4.94721e-06
-0.00145		0.0094999		1.49012e-06
-0.0014		0.0094999		2.29479e-06
-0.00135		0.0094999		3.7253e-06
-0.0013		0.0094999		6.55655e-07
-0.00125		0.0094999		6.43733e-06
-0.0012		0.0094999		3.33787e-06
-0.00115		0.0094999		2.59282e-06
-0.0012		0.009		1.2517e-06
-0.00125		0.009		2.08618e-06
-0.0013		0.009		2.77163e-06
-0.00135		0.009		3.24847e-06
-0.0014		0.009		4.94721e-06
-0.00145		0.009		3.15906e-06
-0.0015		0.009		5.06643e-07
-0.00155		0.009		4.41077e-06
-0.0016		0.009		2.80143e-06
-0.00165		0.009		4.05314e-06
-0.0017		0.009		3.06965e-06
-0.00175		0.009		4.58959e-06
-0.0018		0.009		5.75188e-06
-0.00185		0.009		8.10629e-06
-0.0019		0.009		7.89767e-06
-0.00195		0.009		1.9163e-05
-0.002		0.009		2.77759e-05
-0.00205		0.009		3.64783e-05
-0.0021		0.009		4.72071e-05
-0.00215		0.009		5.10218e-05
-0.0022		0.009		6.28238e-05
-0.00225		0.009		6.22277e-05
-0.0023		0.009		5.8532e-05
-0.00235		0.009		4.45249e-05
-0.0024		0.009		3.57034e-05
-0.00245		0.009		2.9564e-05
-0.0025		0.009		1.59444e-05
-0.00255		0.009		6.97377e-06
-0.0026		0.009		8.52352e-06
-0.00265		0.009		6.40753e-06
-0.0027		0.009		4.29156e-06
-0.00275		0.009		4.55978e-06
-0.0028		0.009		4.85781e-06
-0.00285		0.009		4.61939e-06
-0.0029		0.009		5.9605e-07
-0.00295		0.009		7.45062e-07
-0.003		0.009		-1.07289e-06
-0.00305		0.009		5.03662e-06
-0.0031		0.009		3.54649e-06
-0.00315		0.009		5.60287e-06
-0.0032		0.009		1.2219e-06
-0.0032		0.0085		4.41077e-06
-0.00315		0.0085		-4.47037e-07
-0.0031		0.0085		3.6657e-06
-0.00305		0.0085		5.36445e-06
-0.003		0.0085		1.75834e-06
-0.00295		0.0085		2.17558e-06
-0.0029		0.0085		5.69227e-06
-0.00285		0.0085		6.25852e-07
-0.0028		0.0085		-8.04666e-07
-0.00275		0.0085		1.99677e-06
-0.0027		0.0085		-1.34111e-06
-0.00265		0.0085		2.62262e-06
-0.0026		0.0085		4.29156e-06
-0.00255		0.0085		8.43412e-06
-0.0025		0.0085		1.56463e-05
-0.00245		0.0085		1.99081e-05
-0.0024		0.0085		3.54352e-05
-0.00235		0.0085		4.70879e-05
-0.0023		0.0085		5.97241e-05
-0.00225		0.0085		6.66683e-05
-0.0022		0.0085		6.89034e-05
-0.00215		0.0085		5.99923e-05
-0.0021		0.0085		5.34954e-05
-0.00205		0.0085		4.46739e-05
-0.002		0.0085		2.80143e-05
-0.00195		0.0085		1.92822e-05
-0.0019		0.0085		1.29939e-05
-0.00185		0.0085		5.30484e-06
-0.0018		0.0085		3.7253e-06
-0.00175		0.0085		8.16589e-06
-0.0017		0.0085		7.15259e-07
-0.00165		0.0085		1.90736e-06
-0.0016		0.0085		-1.28151e-06
-0.00155		0.0085		6.67575e-06
-0.0015		0.0085		2.74183e-06
-0.00145		0.0085		3.18886e-06
-0.0014		0.0085		2.26499e-06
-0.00135		0.0085		-1.01329e-06
-0.0013		0.0085		1.40072e-06
-0.00125		0.0085		2.05637e-06
-0.0012		0.0085		2.29479e-06
-0.0012		0.008		5.66248e-07
-0.00125		0.008		1.72854e-06
-0.0013		0.008		2.26499e-06
-0.00135		0.008		1.96697e-06
-0.0014		0.008		1.01329e-06
-0.00145		0.008		3.01005e-06
-0.0015		0.008		2.47361e-06
-0.00155		0.008		5.72208e-06
-0.0016		0.008		1.81795e-06
-0.00165		0.008		2.4438e-06
-0.0017		0.008		1.1623e-06
-0.00175		0.008		3.6359e-06
-0.0018		0.008		2.71203e-06
-0.00185		0.008		9.26858e-06
-0.0019		0.008		7.39101e-06
-0.00195		0.008		1.23084e-05
-0.002		0.008		1.97293e-05
-0.00205		0.008		2.96534e-05
-0.0021		0.008		3.74916e-05
-0.00215		0.008		4.32732e-05
-0.0022		0.008		5.17073e-05
-0.00225		0.008		4.82204e-05
-0.0023		0.008		4.25281e-05
-0.00235		0.008		3.99353e-05
-0.0024		0.008		3.08158e-05
-0.00245		0.008		1.89246e-05
-0.0025		0.008		1.19806e-05
-0.00255		0.008		1.00732e-05
-0.0026		0.008		4.55978e-06
-0.00265		0.008		5.87109e-06
-0.0027		0.008		1.69874e-06
-0.00275		0.008		3.87433e-06
-0.0028		0.008		8.34469e-07
-0.00285		0.008		5.9605e-07
-0.0029		0.008		6.25852e-07
-0.00295		0.008		-3.27827e-07
-0.003		0.008		-2.4438e-06
-0.00305		0.008		1.93717e-06
-0.0031		0.008		3.90413e-06
-0.00315		0.008		5.57306e-06
-0.0032		0.008		1.57953e-06
-0.0032		0.0074999		3.12926e-06
-0.00315		0.0074999		7.15259e-07
-0.0031		0.0074999		3.42728e-06
-0.00305		0.0074999		-1.1921e-07
-0.003		0.0074999		4.32137e-06
-0.00295		0.0074999		1.54973e-06
-0.0029		0.0074999		3.87432e-07
-0.00285		0.0074999		4.44058e-06
-0.0028		0.0074999		5.24524e-06
-0.00275		0.0074999		3.01005e-06
-0.0027		0.0074999		5.39425e-06
-0.00265		0.0074999		5.9605e-07
-0.0026		0.0074999		3.6657e-06
-0.00255		0.0074999		1.93717e-06
-0.0025		0.0074999		9.17917e-06
-0.00245		0.0074999		1.99081e-05
-0.0024		0.0074999		2.26797e-05
-0.00235		0.0074999		3.43325e-05
-0.0023		0.0074999		3.84452e-05
-0.00225		0.0074999		4.3452e-05
-0.0022		0.0074999		3.8326e-05
-0.00215		0.0074999		3.87731e-05
-0.0021		0.0074999		3.09946e-05
-0.00205		0.0074999		2.89382e-05
-0.002		0.0074999		1.51694e-05
-0.00195		0.0074999		1.18018e-05
-0.0019		0.0074999		7.59962e-06
-0.00185		0.0074999		1.49013e-07
-0.0018		0.0074999		1.78815e-07
-0.00175		0.0074999		-1.40072e-06
-0.0017		0.0074999		3.15906e-06
-0.00165		0.0074999		1.78815e-07
-0.0016		0.0074999		1.57953e-06
-0.00155		0.0074999		5.96051e-08
-0.0015		0.0074999		-2.26499e-06
-0.00145		0.0074999		2.68222e-06
-0.0014		0.0074999		-5.66248e-07
-0.00135		0.0074999		-2.80143e-06
-0.0013		0.0074999		-2.98025e-08
-0.00125		0.0074999		3.27827e-07
-0.0012		0.0074999		3.24847e-06
-0.00125		0.0069999		5.9605e-07
-0.0013		0.0069999		2.08617e-07
-0.00135		0.0069999		1.37091e-06
-0.0014		0.0069999		5.9605e-07
-0.00145		0.0069999		1.01329e-06
-0.0015		0.0069999		1.78815e-07
-0.00155		0.0069999		1.49012e-06
-0.0016		0.0069999		4.47037e-07
-0.00165		0.0069999		4.58959e-06
-0.0017		0.0069999		-1.49012e-06
-0.00175		0.0069999		3.48689e-06
-0.0018		0.0069999		2.26499e-06
-0.00185		0.0069999		4.08295e-06
-0.0019		0.0069999		4.97702e-06
-0.00195		0.0069999		1.46628e-05
-0.002		0.0069999		1.87458e-05
-0.00205		0.0069999		2.414e-05
-0.0021		0.0069999		3.58524e-05
-0.00215		0.0069999		4.25878e-05
-0.0022		0.0069999		4.23493e-05
-0.00225		0.0069999		4.90549e-05
-0.0023		0.0069999		4.27666e-05
-0.00235		0.0069999		3.61206e-05
-0.0024		0.0069999		3.19781e-05
-0.00245		0.0069999		1.51396e-05
-0.0025		0.0069999		1.30237e-05
-0.00255		0.0069999		8.91095e-06
-0.0026		0.0069999		5.00682e-06
-0.00265		0.0069999		1.87755e-06
-0.0027		0.0069999		2.89084e-06
-0.00275		0.0069999		-1.72854e-06
-0.0028		0.0069999		2.62262e-06
-0.00285		0.0069999		-3.5763e-07
-0.0029		0.0069999		1.63914e-06
-0.00295		0.0069999		2.3842e-06
-0.003		0.0069999		1.43052e-06
-0.00305		0.0069999		3.5763e-07
-0.0031		0.0069999		1.87755e-06
-0.00315		0.0069999		3.15906e-06
-0.0032		0.0069999		-7.45062e-07
-0.00325		0.0069999		-1.04309e-06
-0.00325		0.0064999		2.59282e-06
-0.0032		0.0064999		2.08617e-07
-0.00315		0.0064999		-1.07289e-06
-0.0031		0.0064999		5.03662e-06
-0.00305		0.0064999		-1.93717e-06
-0.003		0.0064999		-5.36445e-07
-0.00295		0.0064999		4.35117e-06
-0.0029		0.0064999		2.3842e-07
-0.00285		0.0064999		1.96697e-06
-0.0028		0.0064999		5.66248e-07
-0.00275		0.0064999		-1.51993e-06
-0.0027		0.0064999		2.68223e-07
-0.00265		0.0064999		4.20216e-06
-0.0026		0.0064999		3.78491e-06
-0.00255		0.0064999		5.66247e-06
-0.0025		0.0064999		1.12951e-05
-0.00245		0.0064999		1.62722e-05
-0.0024		0.0064999		2.32459e-05
-0.00235		0.0064999		3.3498e-05
-0.0023		0.0064999		3.97267e-05
-0.00225		0.0064999		3.93691e-05
-0.0022		0.0064999		4.45845e-05
-0.00215		0.0064999		3.99055e-05
-0.0021		0.0064999		2.95044e-05
-0.00205		0.0064999		2.08915e-05
-0.002		0.0064999		2.02359e-05
-0.00195		0.0064999		1.15932e-05
-0.0019		0.0064999		6.0201e-06
-0.00185		0.0064999		3.6657e-06
-0.0018		0.0064999		3.18886e-06
-0.00175		0.0064999		1.87755e-06
-0.0017		0.0064999		3.12926e-06
-0.00165		0.0064999		4.47037e-07
-0.0016		0.0064999		2.98025e-08
-0.00155		0.0064999		3.48689e-06
-0.0015		0.0064999		-1.81795e-06
-0.00145		0.0064999		2.17558e-06
-0.0014		0.0064999		3.01005e-06
-0.00135		0.0064999		-1.63914e-06
-0.0013		0.0064999		4.91741e-06
-0.00125		0.0064999		4.76841e-07
-0.0012		0.006		3.87433e-06
-0.00125		0.006		-1.37091e-06
-0.0013		0.006		2.68222e-06
-0.00135		0.006		1.84775e-06
-0.0014		0.006		8.34469e-07
-0.00145		0.006		-3.36768e-06
-0.0015		0.006		3.5763e-07
-0.00155		0.006		2.47361e-06
-0.0016		0.006		-5.9605e-07
-0.00165		0.006		8.94074e-08
-0.0017		0.006		2.17558e-06
-0.00175		0.006		8.94074e-08
-0.0018		0.006		2.14578e-06
-0.00185		0.006		6.49694e-06
-0.0019		0.006		7.74866e-06
-0.00195		0.006		1.17124e-05
-0.002		0.006		1.35303e-05
-0.00205		0.006		2.00869e-05
-0.0021		0.006		3.03091e-05
-0.00215		0.006		3.7879e-05
-0.0022		0.006		3.85346e-05
-0.00225		0.006		4.10678e-05
-0.0023		0.006		3.87433e-05
-0.00235		0.006		3.46305e-05
-0.0024		0.006		2.2024e-05
-0.00245		0.006		1.72855e-05
-0.0025		0.006		9.08977e-06
-0.00255		0.006		5.87109e-06
-0.0026		0.006		1.57953e-06
-0.00265		0.006		-3.5763e-07
-0.0027		0.006		-6.85457e-07
-0.00275		0.006		-2.26499e-06
-0.0028		0.006		1.37091e-06
-0.00285		0.006		-2.3842e-06
-0.0029		0.006		7.74864e-07
-0.00295		0.006		1.1623e-06
-0.003		0.006		6.67575e-06
-0.00305		0.006		-1.78815e-07
-0.0031		0.006		5.00682e-06
-0.00315		0.006		5.06643e-07
-0.0032		0.006		-1.1921e-07
-0.00325		0.0055		3.90413e-06
-0.0032		0.0055		1.10269e-06
-0.00315		0.0055		8.67253e-06
-0.0031		0.0055		-4.76841e-07
-0.00305		0.0055		4.47037e-07
-0.003		0.0055		-3.5763e-07
-0.00295		0.0055		2.14578e-06
-0.0029		0.0055		4.76841e-07
-0.00285		0.0055		1.51993e-06
-0.0028		0.0055		1.2517e-06
-0.00275		0.0055		1.93717e-06
-0.0027		0.0055		-7.74864e-07
-0.00265		0.0055		4.47038e-06
-0.0026		0.0055		1.37091e-06
-0.00255		0.0055		9.08977e-06
-0.0025		0.0055		1.28449e-05
-0.00245		0.0055		1.81795e-05
-0.0024		0.0055		2.49745e-05
-0.00235		0.0055		3.22463e-05
-0.0023		0.0055		4.21109e-05
-0.00225		0.0055		4.19023e-05
-0.0022		0.0055		4.22897e-05
-0.00215		0.0055		3.92797e-05
-0.0021		0.0055		3.52564e-05
-0.00205		0.0055		2.56599e-05
-0.002		0.0055		1.69874e-05
-0.00195		0.0055		9.5666e-06
-0.0019		0.0055		7.77846e-06
-0.00185		0.0055		3.15906e-06
-0.0018		0.0055		-5.96051e-08
-0.00175		0.0055		1.34111e-06
-0.0017		0.0055		1.84775e-06
-0.00165		0.0055		4.29156e-06
-0.0016		0.0055		1.63914e-06
-0.00155		0.0055		3.12926e-06
-0.0015		0.0055		1.81795e-06
-0.00145		0.0055		3.03985e-06
-0.0014		0.0055		3.15906e-06
-0.00135		0.0055		6.55655e-07
-0.0013		0.0055		3.93394e-06
-0.00125		0.0055		-7.74864e-07
-0.0012		0.005		8.94073e-07
-0.00125		0.005		-1.1921e-06
-0.0013		0.005		3.12926e-06
-0.00135		0.005		2.14578e-06
-0.0014		0.005		1.72854e-06
-0.00145		0.005		-1.87755e-06
-0.0015		0.005		1.1921e-06
-0.00155		0.005		2.62262e-06
-0.0016		0.005		-1.96697e-06
-0.00165		0.005		1.31131e-06
-0.0017		0.005		1.81795e-06
-0.00175		0.005		1.69874e-06
-0.0018		0.005		1.28151e-06
-0.00185		0.005		-6.85457e-07
-0.0019		0.005		5.96049e-06
-0.00195		0.005		1.93717e-06
-0.002		0.005		1.17422e-05
-0.00205		0.005		1.95802e-05
-0.0021		0.005		2.51533e-05
-0.00215		0.005		2.97726e-05
-0.0022		0.005		3.68061e-05
-0.00225		0.005		3.51074e-05
-0.0023		0.005		3.21271e-05
-0.00235		0.005		2.8819e-05
-0.0024		0.005		2.40208e-05
-0.00245		0.005		2.03253e-05
-0.0025		0.005		1.26362e-05
-0.00255		0.005		4.91741e-06
-0.0026		0.005		6.0201e-06
-0.00265		0.005		-1.37091e-06
-0.0027		0.005		2.17558e-06
-0.00275		0.005		3.01005e-06
-0.0028		0.005		-1.37091e-06
-0.00285		0.005		3.27827e-06
-0.0029		0.005		3.87432e-07
-0.00295		0.005		1.04309e-06
-0.003		0.005		-7.45062e-07
-0.00305		0.005		8.94073e-07
-0.0031		0.005		-1.1921e-07
-0.00315		0.005		3.42728e-06
-0.0032		0.005		1.84775e-06
-0.0032		0.0045		-2.3842e-07
-0.00315		0.0045		4.08295e-06
-0.0031		0.0045		3.96374e-06
-0.00305		0.0045		2.11598e-06
-0.003		0.0045		7.15259e-07
-0.00295		0.0045		1.78815e-06
-0.0029		0.0045		-2.68223e-07
-0.00285		0.0045		-4.17234e-07
-0.0028		0.0045		1.96697e-06
-0.00275		0.0045		-3.87432e-07
-0.0027		0.0045		-2.29479e-06
-0.00265		0.0045		1.01329e-06
-0.0026		0.0045		4.67899e-06
-0.00255		0.0045		4.7088e-06
-0.0025		0.0045		1.32919e-05
-0.00245		0.0045		1.75239e-05
-0.0024		0.0045		2.47956e-05
-0.00235		0.0045		2.80441e-05
-0.0023		0.0045		3.55544e-05
-0.00225		0.0045		3.91307e-05
-0.0022		0.0045		3.79088e-05
-0.00215		0.0045		3.52564e-05
-0.0021		0.0045		2.20836e-05
-0.00205		0.0045		1.87756e-05
-0.002		0.0045		1.07587e-05
-0.00195		0.0045		1.17422e-05
-0.0019		0.0045		2.3246e-06
-0.00185		0.0045		3.6061e-06
-0.0018		0.0045		2.17558e-06
-0.00175		0.0045		1.93717e-06
-0.0017		0.0045		-1.31131e-06
-0.00165		0.0045		1.1325e-06
-0.0016		0.0045		5.66248e-07
-0.00155		0.0045		2.59282e-06
-0.0015		0.0045		6.25852e-07
-0.00145		0.0045		1.1325e-06
-0.0014		0.0045		1.49013e-07
-0.00135		0.0045		5.9605e-07
-0.0013		0.0045		1.72854e-06
-0.00125		0.0045		-1.57953e-06
-0.0012		0.0045		2.08617e-07
-0.00125		0.004		3.01005e-06
-0.0013		0.004		2.47361e-06
-0.00135		0.004		-4.17235e-06
-0.0014		0.004		-3.42728e-06
-0.00145		0.004		3.57629e-06
-0.0015		0.004		3.6061e-06
-0.00155		0.004		-2.98025e-08
-0.0016		0.004		-1.49013e-07
-0.00165		0.004		1.2219e-06
-0.0017		0.004		2.3544e-06
-0.00175		0.004		-2.86104e-06
-0.0018		0.004		1.99677e-06
-0.00185		0.004		2.14578e-06
-0.0019		0.004		3.6061e-06
-0.00195		0.004		4.11275e-06
-0.002		0.004		8.88115e-06
-0.00205		0.004		1.28747e-05
-0.0021		0.004		1.74047e-05
-0.00215		0.004		2.6703e-05
-0.0022		0.004		2.98024e-05
-0.00225		0.004		2.80143e-05
-0.0023		0.004		2.87296e-05
-0.00235		0.004		2.1279e-05
-0.0024		0.004		2.00869e-05
-0.00245		0.004		1.33813e-05
-0.0025		0.004		9.20898e-06
-0.00255		0.004		3.6061e-06
-0.0026		0.004		5.93069e-06
-0.00265		0.004		3.21867e-06
-0.0027		0.004		-1.2219e-06
-0.00275		0.004		2.56301e-06
-0.0028		0.004		7.45062e-07
-0.00285		0.004		6.25852e-07
-0.0029		0.004		1.81795e-06
-0.00295		0.004		-1.46032e-06
-0.003		0.004		8.04666e-07
-0.00305		0.004		1.63914e-06
-0.0031		0.004		7.15259e-07
-0.00315		0.004		1.60933e-06
-0.0032		0.004		1.78815e-06
-0.00325		0.004		3.24847e-06
-0.0032		0.0035		2.4438e-06
-0.00315		0.0035		-4.47037e-07
-0.0031		0.0035		-3.87432e-07
-0.00305		0.0035		8.94073e-07
-0.003		0.0035		4.29156e-06
-0.00295		0.0035		-1.10269e-06
-0.0029		0.0035		8.94074e-08
-0.00285		0.0035		-1.10269e-06
-0.0028		0.0035		1.01329e-06
-0.00275		0.0035		1.60933e-06
-0.0027		0.0035		1.34111e-06
-0.00265		0.0035		-3.5763e-07
-0.0026		0.0035		1.1623e-06
-0.00255		0.0035		4.02334e-06
-0.0025		0.0035		6.70555e-06
-0.00245		0.0035		1.1772e-05
-0.0024		0.0035		1.96696e-05
-0.00235		0.0035		2.30373e-05
-0.0023		0.0035		2.38122e-05
-0.00225		0.0035		2.52129e-05
-0.0022		0.0035		2.25903e-05
-0.00215		0.0035		2.32459e-05
-0.0021		0.0035		1.29939e-05
-0.00205		0.0035		1.06991e-05
-0.002		0.0035		9.59641e-06
-0.00195		0.0035		4.7982e-06
-0.0019		0.0035		3.36768e-06
-0.00185		0.0035		1.28151e-06
-0.0018		0.0035		-2.89084e-06
-0.00175		0.0035		2.62262e-06
-0.0017		0.0035		2.3246e-06
-0.00165		0.0035		2.26499e-06
-0.0016		0.0035		3.7253e-06
-0.00155		0.0035		4.26176e-06
-0.0015		0.0035		-1.10269e-06
-0.00145		0.0035		9.83484e-07
-0.0014		0.0035		-2.89084e-06
-0.00135		0.0035		2.08617e-07
-0.0013		0.0035		-5.9605e-07
-0.00125		0.0035		3.5763e-07
-0.0012		0.0035		-6.25852e-07
-0.00125		0.0029999		1.1921e-06
-0.0013		0.0029999		9.53682e-07
-0.00135		0.0029999		-6.55655e-07
-0.0014		0.0029999		1.93717e-06
-0.00145		0.0029999		2.86104e-06
-0.0015		0.0029999		4.76841e-07
-0.00155		0.0029999		2.414e-06
-0.0016		0.0029999		6.25852e-07
-0.00165		0.0029999		-7.74864e-07
-0.0017		0.0029999		1.49013e-07
-0.00175		0.0029999		-4.17234e-07
-0.0018		0.0029999		-8.64271e-07
-0.00185		0.0029999		1.1623e-06
-0.0019		0.0029999		-2.47361e-06
-0.00195		0.0029999		5.42405e-06
-0.002		0.0029999		1.09673e-05
-0.00205		0.0029999		1.04905e-05
-0.0021		0.0029999		1.41562e-05
-0.00215		0.0029999		2.10406e-05
-0.0022		0.0029999		1.9461e-05
-0.00225		0.0029999		2.10108e-05
-0.0023		0.0029999		2.3842e-05
-0.00235		0.0029999		1.90438e-05
-0.0024		0.0029999		1.4633e-05
-0.00245		0.0029999		1.21296e-05
-0.0025		0.0029999		6.0499e-06
-0.00255		0.0029999		2.98025e-07
-0.0026		0.0029999		1.69874e-06
-0.00265		0.0029999		3.33787e-06
-0.0027		0.0029999		-3.6955e-06
-0.00275		0.0029999		-1.54973e-06
-0.0028		0.0029999		-8.34469e-07
-0.00285		0.0029999		1.34111e-06
-0.0029		0.0029999		2.29479e-06
-0.00295		0.0029999		2.02657e-06
-0.003		0.0029999		2.14578e-06
-0.00305		0.0029999		4.17234e-07
-0.0031		0.0029999		3.01005e-06
-0.00315		0.0029999		-5.9605e-07
-0.0032		0.0029999		1.1623e-06
-0.00325		0.0029999		3.12926e-06
-0.0033		0.0025		-3.12926e-06
-0.00325		0.0025		8.64271e-07
-0.0032		0.0025		-3.15906e-06
-0.00315		0.0025		5.9605e-07
-0.0031		0.0025		-3.27827e-07
-0.00305		0.0025		-6.85457e-07
-0.003		0.0025		8.94074e-08
-0.00295		0.0025		-1.66894e-06
-0.0029		0.0025		4.32137e-06
-0.00285		0.0025		-2.3544e-06
-0.0028		0.0025		-3.15906e-06
-0.00275		0.0025		2.50341e-06
-0.0027		0.0025		3.03985e-06
-0.00265		0.0025		-1.10269e-06
-0.0026		0.0025		1.54973e-06
-0.00255		0.0025		4.29156e-06
-0.0025		0.0025		6.37773e-06
-0.00245		0.0025		1.23978e-05
-0.0024		0.0025		1.8716e-05
-0.00235		0.0025		2.58387e-05
-0.0023		0.0025		3.10841e-05
-0.00225		0.0025		3.21867e-05
-0.0022		0.0025		2.9266e-05
-0.00215		0.0025		2.43188e-05
-0.0021		0.0025		2.4438e-05
-0.00205		0.0025		1.65702e-05
-0.002		0.0025		8.70234e-06
-0.00195		0.0025		2.05637e-06
-0.0019		0.0025		6.55655e-07
-0.00185		0.0025		3.24847e-06
-0.0018		0.0025		1.78815e-07
-0.00175		0.0025		-1.49013e-07
-0.0017		0.0025		-7.74864e-07
-0.00165		0.0025		7.74864e-07
-0.0016		0.0025		-3.27827e-07
-0.00155		0.0025		2.17558e-06
-0.0015		0.0025		1.01329e-06
-0.00145		0.0025		1.78815e-07
-0.0014		0.0025		4.67899e-06
-0.00135		0.0025		1.93717e-06
-0.0013		0.0025		1.04309e-06
-0.00125		0.0019999		3.48689e-06
-0.0013		0.0019999		5.63267e-06
-0.00135		0.0019999		-3.36768e-06
-0.0014		0.0019999		1.2219e-06
-0.00145		0.0019999		1.1623e-06
-0.0015		0.0019999		-9.83484e-07
-0.00155		0.0019999		3.45708e-06
-0.0016		0.0019999		1.34111e-06
-0.00165		0.0019999		8.64271e-07
-0.0017		0.0019999		1.04309e-06
-0.00175		0.0019999		3.87432e-07
-0.0018		0.0019999		-2.3842e-07
-0.00185		0.0019999		1.2517e-06
-0.0019		0.0019999		1.93717e-06
-0.00195		0.0019999		4.17235e-06
-0.002		0.0019999		7.18239e-06
-0.00205		0.0019999		8.16589e-06
-0.0021		0.0019999		1.35005e-05
-0.00215		0.0019999		1.60636e-05
-0.0022		0.0019999		1.8865e-05
-0.00225		0.0019999		1.99081e-05
-0.0023		0.0019999		2.19644e-05
-0.00235		0.0019999		1.7047e-05
-0.0024		0.0019999		1.45734e-05
-0.00245		0.0019999		1.10269e-05
-0.0025		0.0019999		4.26176e-06
-0.00255		0.0019999		3.30807e-06
-0.0026		0.0019999		1.75834e-06
-0.00265		0.0019999		6.25852e-07
-0.0027		0.0019999		6.55655e-07
-0.00275		0.0019999		4.67899e-06
-0.0028		0.0019999		-2.3842e-07
-0.00285		0.0019999		4.76841e-07
-0.0029		0.0019999		1.84775e-06
-0.00295		0.0019999		-2.98025e-08
-0.003		0.0019999		8.04666e-07
-0.00305		0.0019999		8.34469e-07
-0.0031		0.0019999		2.23519e-06
-0.00315		0.0019999		-2.3842e-07
-0.0032		0.0019999		4.44058e-06
-0.00325		0.0019999		-8.94073e-07
-0.0033		0.0014999		2.4438e-06
-0.00325		0.0014999		2.3246e-06
-0.0032		0.0014999		-7.15259e-07
-0.00315		0.0014999		-5.66248e-07
-0.0031		0.0014999		-2.14578e-06
-0.00305		0.0014999		-5.9605e-07
-0.003		0.0014999		1.63914e-06
-0.00295		0.0014999		-1.72854e-06
-0.0029		0.0014999		4.47037e-07
-0.00285		0.0014999		1.69874e-06
-0.0028		0.0014999		1.93717e-06
-0.00275		0.0014999		-1.57953e-06
-0.0027		0.0014999		-1.07289e-06
-0.00265		0.0014999		2.77163e-06
-0.0026		0.0014999		6.25852e-07
-0.00255		0.0014999		-6.55655e-07
-0.0025		0.0014999		5.75188e-06
-0.00245		0.0014999		6.19891e-06
-0.0024		0.0014999		1.23978e-05
-0.00235		0.0014999		1.5855e-05
-0.0023		0.0014999		1.65106e-05
-0.00225		0.0014999		1.82987e-05
-0.0022		0.0014999		1.7047e-05
-0.00215		0.0014999		1.52887e-05
-0.0021		0.0014999		1.34707e-05
-0.00205		0.0014999		1.02223e-05
-0.002		0.0014999		6.22871e-06
-0.00195		0.0014999		2.26499e-06
-0.0019		0.0014999		1.2219e-06
-0.00185		0.0014999		2.80143e-06
-0.0018		0.0014999		-7.45062e-07
-0.00175		0.0014999		9.23876e-07
-0.0017		0.0014999		-2.65242e-06
-0.00165		0.0014999		2.3246e-06
-0.0016		0.0014999		3.75511e-06
-0.00155		0.0014999		2.29479e-06
-0.0015		0.0014999		2.11598e-06
-0.00145		0.0014999		1.46032e-06
-0.0014		0.0014999		-5.36445e-07
-0.00135		0.0014999		-2.08617e-07
-0.0013		0.0014999		1.49013e-07
-0.00125		0.001		3.01005e-06
-0.0013		0.001		-1.78815e-07
-0.00135		0.001		-2.98025e-06
-0.0014		0.001		-6.85457e-07
-0.00145		0.001		1.28151e-06
-0.0015		0.001		-1.1921e-07
-0.00155		0.001		1.2219e-06
-0.0016		0.001		-2.47361e-06
-0.00165		0.001		1.69874e-06
-0.0017		0.001		-1.10269e-06
-0.00175		0.001		1.37091e-06
-0.0018		0.001		-5.66248e-07
-0.00185		0.001		1.87755e-06
-0.0019		0.001		-7.74864e-07
-0.00195		0.001		4.82801e-06
-0.002		0.001		6.19891e-06
-0.00205		0.001		1.37091e-05
-0.0021		0.001		1.508e-05
-0.00215		0.001		1.92226e-05
-0.0022		0.001		2.15174e-05
-0.00225		0.001		2.37526e-05
-0.0023		0.001		2.16962e-05
-0.00235		0.001		2.0981e-05
-0.0024		0.001		1.45436e-05
-0.00245		0.001		1.17124e-05
-0.0025		0.001		7.92748e-06
-0.00255		0.001		5.27504e-06
-0.0026		0.001		1.66894e-06
-0.00265		0.001		-1.49013e-07
-0.0027		0.001		3.33787e-06
-0.00275		0.001		-3.57629e-06
-0.0028		0.001		2.71203e-06
-0.00285		0.001		3.5763e-07
-0.0029		0.001		-1.31131e-06
-0.00295		0.001		-5.06643e-07
-0.003		0.001		-4.61939e-06
-0.00305		0.001		8.94074e-08
-0.0031		0.001		2.65242e-06
-0.00315		0.001		1.63914e-06
-0.0032		0.001		-2.20539e-06
-0.00325		0.001		2.08618e-06
-0.00325		0.0005		-2.3246e-06
-0.0032		0.0005		2.14578e-06
-0.00315		0.0005		1.49013e-07
-0.0031		0.0005		-1.28151e-06
-0.00305		0.0005		5.9605e-07
-0.003		0.0005		3.24847e-06
-0.00295		0.0005		3.24847e-06
-0.0029		0.0005		3.5763e-07
-0.00285		0.0005		-3.78491e-06
-0.0028		0.0005		1.72854e-06
-0.00275		0.0005		-1.72854e-06
-0.0027		0.0005		2.11598e-06
-0.00265		0.0005		1.31131e-06
-0.0026		0.0005		-2.68223e-07
-0.00255		0.0005		3.48689e-06
-0.0025		0.0005		6.79496e-06
-0.00245		0.0005		1.05203e-05
-0.0024		0.0005		1.03117e-05
-0.00235		0.0005		1.45436e-05
-0.0023		0.0005		1.52887e-05
-0.00225		0.0005		2.12194e-05
-0.0022		0.0005		1.55867e-05
-0.00215		0.0005		1.38581e-05
-0.0021		0.0005		1.24872e-05
-0.00205		0.0005		6.40753e-06
-0.002		0.0005		4.05314e-06
-0.00195		0.0005		-3.87432e-07
-0.0019		0.0005		2.86104e-06
-0.00185		0.0005		3.27827e-07
-0.0018		0.0005		1.57953e-06
-0.00175		0.0005		2.17558e-06
-0.0017		0.0005		3.01005e-06
-0.00165		0.0005		-7.74864e-07
-0.0016		0.0005		-7.74864e-07
-0.00155		0.0005		-4.76841e-07
-0.0015		0.0005		1.07289e-06
-0.00145		0.0005		1.93717e-06
-0.0014		0.0005		-1.87755e-06
-0.00135		0.0005		-1.90736e-06
-0.0013		0.0005		-2.74183e-06
-0.00125		0.0005		7.15259e-07
-0.00125		0.0		5.9605e-07
-0.0013		0.0		3.09946e-06
-0.00135		0.0		1.60933e-06
-0.0014		0.0		4.17234e-07
-0.00145		0.0		8.94074e-08
-0.0015		0.0		7.15259e-07
-0.00155		0.0		1.66894e-06
-0.0016		0.0		-2.71203e-06
-0.00165		0.0		-1.51993e-06
-0.0017		0.0		2.98025e-07
-0.00175		0.0		1.63914e-06
-0.0018		0.0		1.96697e-06
-0.00185		0.0		-1.49013e-07
-0.0019		0.0		4.67899e-06
-0.00195		0.0		2.20539e-06
-0.002		0.0		4.02334e-06
-0.00205		0.0		1.15038e-05
-0.0021		0.0		9.05996e-06
-0.00215		0.0		1.17124e-05
-0.0022		0.0		1.15634e-05
-0.00225		0.0		1.48714e-05
-0.0023		0.0		1.43648e-05
-0.00235		0.0		1.15932e-05
-0.0024		0.0		1.11461e-05
-0.00245		0.0		7.51021e-06
-0.0025		0.0		-8.04666e-07
-0.00255		0.0		3.87432e-07
-0.0026		0.0		-1.40072e-06
-0.00265		0.0		2.17558e-06
-0.0027		0.0		3.18886e-06
-0.00275		0.0		-2.83124e-06
-0.0028		0.0		-3.24847e-06
-0.00285		0.0		4.58959e-06
-0.0029		0.0		-8.94073e-07
-0.00295		0.0		1.78815e-07
-0.003		0.0		-4.17234e-07
-0.00305		0.0		-5.9605e-07
-0.0031		0.0		2.23519e-06
-0.00315		0.0		1.99677e-06
-0.0032		0.0		2.50341e-06
-0.00325		0.0		1.43052e-06
-0.00325		-0.0005		-8.94074e-08
-0.0032		-0.0005		3.45708e-06
-0.00315		-0.0005		-8.34469e-07
-0.0031		-0.0005		1.1623e-06
-0.00305		-0.0005		2.20539e-06
-0.003		-0.0005		8.34469e-07
-0.00295		-0.0005		3.27827e-07
-0.0029		-0.0005		2.77163e-06
-0.00285		-0.0005		-1.1921e-07
-0.0028		-0.0005		-5.96051e-08
-0.00275		-0.0005		-1.1921e-06
-0.0027		-0.0005		1.1325e-06
-0.00265		-0.0005		2.50341e-06
-0.0026		-0.0005		-8.34469e-07
-0.00255		-0.0005		7.45062e-07
-0.0025		-0.0005		4.35117e-06
-0.00245		-0.0005		7.21219e-06
-0.0024		-0.0005		6.0201e-06
-0.00235		-0.0005		1.13547e-05
-0.0023		-0.0005		1.04905e-05
-0.00225		-0.0005		1.49608e-05
-0.0022		-0.0005		1.13547e-05
-0.00215		-0.0005		1.21296e-05
-0.0021		-0.0005		4.26176e-06
-0.00205		-0.0005		8.40431e-06
-0.002		-0.0005		1.96697e-06
-0.00195		-0.0005		1.49012e-06
-0.0019		-0.0005		3.42728e-06
-0.00185		-0.0005		2.62262e-06
-0.0018		-0.0005		4.11275e-06
-0.00175		-0.0005		-2.05637e-06
-0.0017		-0.0005		1.1921e-06
-0.00165		-0.0005		5.06643e-07
-0.0016		-0.0005		-3.87432e-07
-0.00155		-0.0005		3.6061e-06
-0.0015		-0.0005		2.50341e-06
-0.00145		-0.0005		-2.68223e-07
-0.0014		-0.0005		3.15906e-06
-0.00135		-0.0005		5.45385e-06
-0.0013		-0.0005		2.29479e-06
-0.00125		-0.0005		1.43052e-06
-0.00125		-0.0010001		8.94074e-08
-0.0013		-0.0010001		3.18886e-06
-0.00135		-0.0010001		-8.34469e-07
-0.0014		-0.0010001		3.09946e-06
-0.00145		-0.0010001		-1.2517e-06
-0.0015		-0.0010001		1.07289e-06
-0.00155		-0.0010001		-3.87432e-07
-0.0016		-0.0010001		1.84775e-06
-0.00165		-0.0010001		2.05637e-06
-0.0017		-0.0010001		1.1623e-06
-0.00175		-0.0010001		1.93717e-06
-0.0018		-0.0010001		5.06643e-07
-0.00185		-0.0010001		1.43052e-06
-0.0019		-0.0010001		1.37091e-06
-0.00195		-0.0010001		6.25852e-07
-0.002		-0.0010001		5.87109e-06
-0.00205		-0.0010001		6.0797e-06
-0.0021		-0.0010001		9.4772e-06
-0.00215		-0.0010001		1.01627e-05
-0.0022		-0.0010001		1.23084e-05
-0.00225		-0.0010001		1.00732e-05
-0.0023		-0.0010001		1.1772e-05
-0.00235		-0.0010001		1.04309e-05
-0.0024		-0.0010001		8.2851e-06
-0.00245		-0.0010001		8.04669e-06
-0.0025		-0.0010001		5.54326e-06
-0.00255		-0.0010001		-9.23876e-07
-0.0026		-0.0010001		1.87755e-06
-0.00265		-0.0010001		1.54973e-06
-0.0027		-0.0010001		1.78815e-07
-0.00275		-0.0010001		1.72854e-06
-0.0028		-0.0010001		2.98025e-08
-0.00285		-0.0010001		-1.66894e-06
-0.0029		-0.0010001		1.43052e-06
-0.00295		-0.0010001		-2.23519e-06
-0.003		-0.0010001		2.4438e-06
-0.00305		-0.0010001		-7.45062e-07
-0.0031		-0.0010001		8.94073e-07
-0.00315		-0.0010001		2.02657e-06
-0.0032		-0.0010001		-2.3842e-07
-0.00325		-0.0010001		-2.98025e-07
-0.0032		-0.0015001		8.94073e-07
-0.00315		-0.0015001		1.46032e-06
-0.0031		-0.0015001		-3.30807e-06
-0.00305		-0.0015001		2.98025e-07
-0.003		-0.0015001		2.20539e-06
-0.00295		-0.0015001		2.95044e-06
-0.0029		-0.0015001		-2.98025e-07
-0.00285		-0.0015001		3.15906e-06
-0.0028		-0.0015001		8.64271e-07
-0.00275		-0.0015001		5.96051e-08
-0.0027		-0.0015001		-9.23876e-07
-0.00265		-0.0015001		1.63914e-06
-0.0026		-0.0015001		0.0
-0.00255		-0.0015001		3.03985e-06
-0.0025		-0.0015001		-1.31131e-06
-0.00245		-0.0015001		3.7253e-06
-0.0024		-0.0015001		5.00682e-06
-0.00235		-0.0015001		8.07649e-06
-0.0023		-0.0015001		1.38581e-05
-0.00225		-0.0015001		1.42456e-05
-0.0022		-0.0015001		8.85135e-06
-0.00215		-0.0015001		1.25468e-05
-0.0021		-0.0015001		5.93069e-06
-0.00205		-0.0015001		5.45385e-06
-0.002		-0.0015001		4.55978e-06
-0.00195		-0.0015001		2.414e-06
-0.0019		-0.0015001		9.53682e-07
-0.00185		-0.0015001		1.93717e-06
-0.0018		-0.0015001		-1.75834e-06
-0.00175		-0.0015001		-4.76841e-07
-0.0017		-0.0015001		6.85457e-07
-0.00165		-0.0015001		1.49012e-06
-0.0016		-0.0015001		-1.10269e-06
-0.00155		-0.0015001		-2.3842e-07
-0.0015		-0.0015001		5.36445e-07
-0.00145		-0.0015001		4.23196e-06
-0.0014		-0.0015001		-9.83484e-07
-0.00135		-0.0015001		1.49013e-07
-0.0013		-0.0015001		1.43052e-06
-0.00125		-0.0015001		1.84775e-06
-0.0012		-0.0015001		1.49012e-06
-0.00125		-0.002		2.08617e-07
-0.0013		-0.002		1.1921e-06
-0.00135		-0.002		1.81795e-06
-0.0014		-0.002		-1.54973e-06
-0.00145		-0.002		2.62262e-06
-0.0015		-0.002		3.15906e-06
-0.00155		-0.002		5.66248e-07
-0.0016		-0.002		-1.1921e-06
-0.00165		-0.002		2.98025e-07
-0.0017		-0.002		2.3842e-07
-0.00175		-0.002		-2.02657e-06
-0.0018		-0.002		1.78815e-07
-0.00185		-0.002		2.50341e-06
-0.0019		-0.002		8.64271e-07
-0.00195		-0.002		3.27827e-07
-0.002		-0.002		2.68222e-06
-0.00205		-0.002		3.90413e-06
-0.0021		-0.002		8.88115e-06
-0.00215		-0.002		1.09971e-05
-0.0022		-0.002		1.1921e-05
-0.00225		-0.002		9.59641e-06
-0.0023		-0.002		1.52589e-05
-0.00235		-0.002		6.25852e-06
-0.0024		-0.002		4.02334e-06
-0.00245		-0.002		5.63267e-06
-0.0025		-0.002		1.1623e-06
-0.00255		-0.002		3.27827e-06
-0.0026		-0.002		-9.53682e-07
-0.00265		-0.002		3.27827e-07
-0.0027		-0.002		3.75511e-06
-0.00275		-0.002		7.74864e-07
-0.0028		-0.002		1.1623e-06
-0.00285		-0.002		-8.04666e-07
-0.0029		-0.002		1.84775e-06
-0.00295		-0.002		1.81795e-06
-0.003		-0.002		-1.2517e-06
-0.00305		-0.002		5.90089e-06
-0.0031		-0.002		2.4438e-06
-0.00315		-0.002		6.55655e-07
-0.0032		-0.002		-5.06643e-07
-0.00325		-0.002		2.3842e-07
-0.0033		-0.0025		2.62262e-06
-0.00325		-0.0025		3.96374e-06
-0.0032		-0.0025		3.03985e-06
-0.00315		-0.0025		-3.18886e-06
-0.0031		-0.0025		1.37091e-06
-0.00305		-0.0025		8.94074e-08
-0.003		-0.0025		9.83484e-07
-0.00295		-0.0025		-7.45062e-07
-0.0029		-0.0025		3.33787e-06
-0.00285		-0.0025		1.90736e-06
-0.0028		-0.0025		1.04309e-06
-0.00275		-0.0025		-2.47361e-06
-0.0027		-0.0025		-7.45062e-07
-0.00265		-0.0025		-6.55655e-07
-0.0026		-0.0025		8.64271e-07
-0.00255		-0.0025		1.2219e-06
-0.0025		-0.0025		4.02334e-06
-0.00245		-0.0025		6.64595e-06
-0.0024		-0.0025		7.42081e-06
-0.00235		-0.0025		6.67575e-06
-0.0023		-0.0025		8.1957e-06
-0.00225		-0.0025		1.03117e-05
-0.0022		-0.0025		8.82155e-06
-0.00215		-0.0025		9.38779e-06
-0.0021		-0.0025		8.67253e-06
-0.00205		-0.0025		6.70555e-06
-0.002		-0.0025		5.06642e-06
-0.00195		-0.0025		2.71203e-06
-0.0019		-0.0025		3.6955e-06
-0.00185		-0.0025		1.90736e-06
-0.0018		-0.0025		1.63914e-06
-0.00175		-0.0025		2.4438e-06
-0.0017		-0.0025		1.1325e-06
-0.00165		-0.0025		9.53682e-07
-0.0016		-0.0025		1.2219e-06
-0.00155		-0.0025		-1.78815e-06
-0.0015		-0.0025		2.05637e-06
-0.00145		-0.0025		-7.74864e-07
-0.0014		-0.0025		4.88761e-06
-0.00135		-0.0025		9.53682e-07
-0.0013		-0.0025		1.87755e-06
-0.00125		-0.003		-7.15259e-07
-0.0013		-0.003		3.57629e-06
-0.00135		-0.003		-5.36445e-07
-0.0014		-0.003		2.86104e-06
-0.00145		-0.003		-1.78815e-07
-0.0015		-0.003		-1.31131e-06
-0.00155		-0.003		9.23876e-07
-0.0016		-0.003		-1.93717e-06
-0.00165		-0.003		-9.23876e-07
-0.0017		-0.003		-4.17234e-07
-0.00175		-0.003		5.9605e-07
-0.0018		-0.003		4.97702e-06
-0.00185		-0.003		2.53321e-06
-0.0019		-0.003		3.54649e-06
-0.00195		-0.003		-8.64271e-07
-0.002		-0.003		3.75511e-06
-0.00205		-0.003		7.3314e-06
-0.0021		-0.003		1.11163e-05
-0.00215		-0.003		8.79174e-06
-0.0022		-0.003		1.4931e-05
-0.00225		-0.003		1.09375e-05
-0.0023		-0.003		1.07289e-05
-0.00235		-0.003		8.73214e-06
-0.0024		-0.003		6.19891e-06
-0.00245		-0.003		4.52998e-06
-0.0025		-0.003		1.78815e-06
-0.00255		-0.003		6.10951e-06
-0.0026		-0.003		-2.23519e-06
-0.00265		-0.003		-5.96051e-08
-0.0027		-0.003		4.11275e-06
-0.00275		-0.003		-2.14578e-06
-0.0028		-0.003		1.90736e-06
-0.00285		-0.003		-1.72854e-06
-0.0029		-0.003		7.48041e-06
-0.00295		-0.003		-1.2517e-06
-0.003		-0.003		-4.76841e-07
-0.00305		-0.003		1.28151e-06
-0.0031		-0.003		5.36445e-07
-0.00315		-0.003		1.72854e-06
-0.0032		-0.003		-1.93717e-06
-0.00325		-0.003		8.94073e-07
-0.0032		-0.0035		2.47361e-06
-0.00315		-0.0035		3.87432e-07
-0.0031		-0.0035		4.32137e-06
-0.00305		-0.0035		2.14578e-06
-0.003		-0.0035		2.29479e-06
-0.00295		-0.0035		-3.33787e-06
-0.0029		-0.0035		3.6061e-06
-0.00285		-0.0035		5.66248e-07
-0.0028		-0.0035		-1.10269e-06
-0.00275		-0.0035		2.17558e-06
-0.0027		-0.0035		-1.60933e-06
-0.00265		-0.0035		2.414e-06
-0.0026		-0.0035		6.55655e-07
-0.00255		-0.0035		1.1921e-06
-0.0025		-0.0035		5.30484e-06
-0.00245		-0.0035		4.26176e-06
-0.0024		-0.0035		1.1623e-06
-0.00235		-0.0035		2.4438e-06
-0.0023		-0.0035		7.45061e-06
-0.00225		-0.0035		4.29156e-06
-0.0022		-0.0035		5.9903e-06
-0.00215		-0.0035		6.52674e-06
-0.0021		-0.0035		4.41077e-06
-0.00205		-0.0035		7.65926e-06
-0.002		-0.0035		4.08295e-06
-0.00195		-0.0035		1.75834e-06
-0.0019		-0.0035		7.74864e-07
-0.00185		-0.0035		5.39425e-06
-0.0018		-0.0035		6.55655e-07
-0.00175		-0.0035		3.24847e-06
-0.0017		-0.0035		-5.96051e-08
-0.00165		-0.0035		2.68222e-06
-0.0016		-0.0035		8.94073e-07
-0.00155		-0.0035		3.90413e-06
-0.0015		-0.0035		-2.65242e-06
-0.00145		-0.0035		4.38097e-06
-0.0014		-0.0035		-1.10269e-06
-0.00135		-0.0035		1.31131e-06
-0.0013		-0.0035		2.4438e-06
-0.00125		-0.0035		1.04309e-06
-0.0012		-0.0035		2.05637e-06
