Your comment line - do NOT delete this line
Col 0: X-pos [m]
Col 1: Y-pos [m]
Col 2: Voltage [V]

Col 0		Col 1		Col 2
0.0305		0.005		0.000467779
0.03055		0.005		0.000447275
0.0306		0.005		0.000433447
0.03065		0.005		0.000439646
0.0307		0.005		0.000462534
0.03075		0.005		0.000515465
0.0308		0.005		0.000606541
0.03085		0.005		0.00074387
0.0309		0.005		0.000936512
0.03095		0.005		0.00118256
0.031		0.005		0.00147677
0.03105		0.005		0.00183345
0.0311		0.005		0.00224067
0.03115		0.005		0.00269367
0.0312		0.005		0.00315334
0.03125		0.005		0.00360872
0.0313		0.005		0.00394014
0.03135		0.005		0.00409368
0.0314		0.005		0.00411609
0.03145		0.005		0.00403073
0.0315		0.005		0.00382663
0.03155		0.005		0.00349428
0.0316		0.005		0.00308944
0.03165		0.005		0.00267889
0.0317		0.005		0.00229122
0.03175		0.005		0.00195552
0.0318		0.005		0.00168181
0.03185		0.005		0.00146247
0.0319		0.005		0.00129653
0.03195		0.005		0.00114108
0.032		0.005		0.00101949
0.03205		0.005		0.000904564
0.0321		0.005		0.000795845
0.03215		0.005		0.000691894
0.0322		0.005		0.000602726
0.03225		0.005		0.000528339
0.0323		0.005		0.00047064
0.03235		0.005		0.000442507
0.0324		0.005		0.000441553
0.03245		0.005		0.000429632
0.0325		0.005		0.000416758
0.0324		0.0045001		0.00021124
0.03235		0.0045001		0.000208856
0.0323		0.0045001		0.000198842
0.03225		0.0045001		0.000196935
0.0322		0.0045001		0.000191213
0.03215		0.0045001		0.000187398
0.0321		0.0045001		0.000190736
0.03205		0.0045001		0.000204564
0.032		0.0045001		0.000232221
0.03195		0.0045001		0.000276567
0.0319		0.0045001		0.00034094
0.03185		0.0045001		0.000444891
0.0318		0.0045001		0.000618462
0.03175		0.0045001		0.000866894
0.0317		0.0045001		0.00118542
0.03165		0.0045001		0.00156165
0.0316		0.0045001		0.00195695
0.03155		0.0045001		0.00233985
0.0315		0.0045001		0.00265075
0.03145		0.0045001		0.00285102
0.0314		0.0045001		0.0029297
0.03135		0.0045001		0.00289108
0.0313		0.0045001		0.00274374
0.03125		0.0045001		0.00251676
0.0312		0.0045001		0.00224067
0.03115		0.0045001		0.00193597
0.0311		0.0045001		0.00161029
0.03105		0.0045001		0.00128985
0.031		0.0045001		0.000998028
0.03095		0.0045001		0.000763897
0.0309		0.0045001		0.000580315
0.03085		0.0045001		0.000446321
0.0308		0.0045001		0.000355246
0.03075		0.0045001		0.000305178
0.0307		0.0045001		0.000277998
0.03065		0.0045001		0.000254633
0.0306		0.0045001		0.000247957
0.03055		0.0045001		0.00023985
0.0305		0.0045001		0.000240804
0.03045		0.0045001		0.000245573
0.0304		0.0045001		0.000251295
0.0304		0.0040001		0.000249865
0.03045		0.0040001		0.000243665
0.0305		0.0040001		0.000243188
0.03055		0.0040001		0.00023985
0.0306		0.0040001		0.000245573
0.03065		0.0040001		0.000244619
0.0307		0.0040001		0.000253202
0.03075		0.0040001		0.000274183
0.0308		0.0040001		0.000309469
0.03085		0.0040001		0.000370504
0.0309		0.0040001		0.000484945
0.03095		0.0040001		0.000676159
0.031		0.0040001		0.000985153
0.03105		0.0040001		0.00138284
0.0311		0.0040001		0.00183249
0.03115		0.0040001		0.00233652
0.0312		0.0040001		0.00287057
0.03125		0.0040001		0.00333978
0.0313		0.0040001		0.00373651
0.03135		0.0040001		0.00402978
0.0314		0.0040001		0.00413612
0.03145		0.0040001		0.00402978
0.0315		0.0040001		0.00373746
0.03155		0.0040001		0.00329734
0.0316		0.0040001		0.00273563
0.03165		0.0040001		0.00213338
0.0317		0.0040001		0.00156117
0.03175		0.0040001		0.00105477
0.0318		0.0040001		0.000675205
0.03185		0.0040001		0.000436785
0.0319		0.0040001		0.000315191
0.03195		0.0040001		0.000245573
0.032		0.0040001		0.000208856
0.03205		0.0040001		0.000187875
0.0321		0.0040001		0.000183106
0.03215		0.0040001		0.000175954
0.0322		0.0040001		0.000176908
0.03225		0.0040001		0.000173093
0.0323		0.0040001		0.000172139
0.03235		0.0040001		0.000167848
0.0324		0.0040001		0.000168801
0.0324		0.0035001		0.000176908
0.03235		0.0035001		0.000176908
0.0323		0.0035001		0.000183106
0.03225		0.0035001		0.000186921
0.0322		0.0035001		0.000183583
0.03215		0.0035001		0.000191213
0.0321		0.0035001		0.000193597
0.03205		0.0035001		0.000197888
0.032		0.0035001		0.000203134
0.03195		0.0035001		0.00022173
0.0319		0.0035001		0.000272276
0.03185		0.0035001		0.000402929
0.0318		0.0035001		0.000619892
0.03175		0.0035001		0.000947956
0.0317		0.0035001		0.00138617
0.03165		0.0035001		0.00189067
0.0316		0.0035001		0.00241758
0.03155		0.0035001		0.00290205
0.0315		0.0035001		0.0032654
0.03145		0.0035001		0.00344039
0.0314		0.0035001		0.003428
0.03135		0.0035001		0.00321247
0.0313		0.0035001		0.00284244
0.03125		0.0035001		0.00238563
0.0312		0.0035001		0.00190688
0.03115		0.0035001		0.0014577
0.0311		0.0035001		0.00107051
0.03105		0.0035001		0.000763897
0.031		0.0035001		0.000537399
0.03095		0.0035001		0.000385286
0.0309		0.0035001		0.0003109
0.03085		0.0035001		0.000272753
0.0308		0.0035001		0.000257494
0.03075		0.0035001		0.000253202
0.0307		0.0035001		0.000263693
0.03065		0.0035001		0.000270369
0.0306		0.0035001		0.000285627
0.03055		0.0035001		0.000305178
0.0305		0.0035001		0.000310423
0.03045		0.0035001		0.000319006
0.0304		0.0035001		0.00031996
0.03045		0.0030001		0.000174046
0.0305		0.0030001		0.000169278
0.03055		0.0030001		0.000158311
0.0306		0.0030001		0.000155927
0.03065		0.0030001		0.000154496
0.0307		0.0030001		0.000150205
0.03075		0.0030001		0.000148297
0.0308		0.0030001		0.000154019
0.03085		0.0030001		0.000159741
0.0309		0.0030001		0.000186921
0.03095		0.0030001		0.0002203
0.031		0.0030001		0.000290396
0.03105		0.0030001		0.000391008
0.0311		0.0030001		0.000535969
0.03115		0.0030001		0.000721458
0.0312		0.0030001		0.000956539
0.03125		0.0030001		0.00122119
0.0313		0.0030001		0.00146867
0.03135		0.0030001		0.0016861
0.0314		0.0030001		0.0018406
0.03145		0.0030001		0.00189925
0.0315		0.0030001		0.0018592
0.03155		0.0030001		0.00170089
0.0316		0.0030001		0.00146724
0.03165		0.0030001		0.00118781
0.0317		0.0030001		0.000912193
0.03175		0.0030001		0.000668529
0.0318		0.0030001		0.000481607
0.03185		0.0030001		0.000352861
0.0319		0.0030001		0.000275137
0.03195		0.0030001		0.000225068
0.032		0.0030001		0.00020361
0.03205		0.0030001		0.000195981
0.0321		0.0030001		0.000187875
0.03215		0.0030001		0.000181199
0.0322		0.0030001		0.000174523
0.03225		0.0030001		0.000173093
0.0323		0.0030001		0.000164033
0.03235		0.0030001		0.000167848
0.0324		0.0030001		0.000166894
0.03245		0.0030001		0.000168324
0.03245		0.0025		0.000131608
0.0324		0.0025		0.000132562
0.03235		0.0025		0.00012827
0.0323		0.0025		0.00012684
0.03225		0.0025		0.000125409
0.0322		0.0025		0.00012827
0.03215		0.0025		0.000126363
0.0321		0.0025		0.00012827
0.03205		0.0025		0.000141622
0.032		0.0025		0.000161649
0.03195		0.0025		0.000190259
0.0319		0.0025		0.000249865
0.03185		0.0025		0.000351908
0.0318		0.0025		0.000481607
0.03175		0.0025		0.000668529
0.0317		0.0025		0.00090218
0.03165		0.0025		0.00116874
0.0316		0.0025		0.00141288
0.03155		0.0025		0.00159789
0.0315		0.0025		0.00170232
0.03145		0.0025		0.00172997
0.0314		0.0025		0.00169135
0.03135		0.0025		0.00158597
0.0313		0.0025		0.00142051
0.03125		0.0025		0.0011921
0.0312		0.0025		0.000937466
0.03115		0.0025		0.000722412
0.0311		0.0025		0.000530247
0.03105		0.0025		0.000387194
0.031		0.0025		0.000278475
0.03095		0.0025		0.000205995
0.0309		0.0025		0.000165463
0.03085		0.0025		0.000140668
0.0308		0.0025		0.000130654
0.03075		0.0025		0.000129701
0.0307		0.0025		0.000124932
0.03065		0.0025		0.00012827
0.0306		0.0025		0.000127316
0.03055		0.0025		0.000131608
0.0305		0.0025		0.000136853
0.03045		0.0025		0.000136853
0.03045		0.0020001		0.000113488
0.0305		0.0020001		0.000109196
0.03055		0.0020001		0.000110627
0.0306		0.0020001		0.000112534
0.03065		0.0020001		0.000113965
0.0307		0.0020001		0.000113965
0.03075		0.0020001		0.000114918
0.0308		0.0020001		0.000117779
0.03085		0.0020001		0.000121594
0.0309		0.0020001		0.000135423
0.03095		0.0020001		0.000157834
0.031		0.0020001		0.000193597
0.03105		0.0020001		0.000271322
0.0311		0.0020001		0.000402929
0.03115		0.0020001		0.000599865
0.0312		0.0020001		0.000852589
0.03125		0.0020001		0.00115491
0.0313		0.0020001		0.00148822
0.03135		0.0020001		0.00180007
0.0314		0.0020001		0.00206567
0.03145		0.0020001		0.00224639
0.0315		0.0020001		0.00227644
0.03155		0.0020001		0.00212146
0.0316		0.0020001		0.00184918
0.03165		0.0020001		0.00152159
0.0317		0.0020001		0.00118495
0.03175		0.0020001		0.000873569
0.0318		0.0020001		0.000607494
0.03185		0.0020001		0.000394823
0.0319		0.0020001		0.000263216
0.03195		0.0020001		0.000188828
0.032		0.0020001		0.000148297
0.03205		0.0020001		0.00012827
0.0321		0.0020001		0.000115872
0.03215		0.0020001		0.000109673
0.0322		0.0020001		0.000114918
0.03225		0.0020001		0.00011158
0.0323		0.0020001		0.000107289
0.03235		0.0020001		0.000103951
0.0324		0.0020001		0.000107289
0.03245		0.0020001		0.000105381
0.0325		0.0015001		8.6308e-05
0.03245		0.0015001		8.53543e-05
0.0324		0.0015001		8.48775e-05
0.03235		0.0015001		8.48775e-05
0.0323		0.0015001		8.72617e-05
0.03225		0.0015001		9.29837e-05
0.0322		0.0015001		9.10764e-05
0.03215		0.0015001		9.39374e-05
0.0321		0.0015001		9.96594e-05
0.03205		0.0015001		0.000113488
0.032		0.0015001		0.000127316
0.03195		0.0015001		0.000168801
0.0319		0.0015001		0.000231267
0.03185		0.0015001		0.000338556
0.0318		0.0015001		0.000480177
0.03175		0.0015001		0.000674728
0.0317		0.0015001		0.00088549
0.03165		0.0015001		0.00108815
0.0316		0.0015001		0.0012312
0.03155		0.0015001		0.00132323
0.0315		0.0015001		0.00133181
0.03145		0.0015001		0.00125552
0.0314		0.0015001		0.00112057
0.03135		0.0015001		0.000931744
0.0313		0.0015001		0.000727657
0.03125		0.0015001		0.000546459
0.0312		0.0015001		0.000383856
0.03115		0.0015001		0.00027323
0.0311		0.0015001		0.000189305
0.03105		0.0015001		0.000142575
0.031		0.0015001		0.00011921
0.03095		0.0015001		0.000109673
0.0309		0.0015001		9.82289e-05
0.03085		0.0015001		9.72752e-05
0.0308		0.0015001		9.15532e-05
0.03075		0.0015001		9.01227e-05
0.0307		0.0015001		8.82153e-05
0.03065		0.0015001		8.58312e-05
0.0306		0.0015001		8.15396e-05
0.03055		0.0015001		9.05995e-05
0.0305		0.0015001		8.72617e-05
0.0305		0.0010001		6.72345e-05
0.03055		0.0010001		6.77113e-05
0.0306		0.0010001		6.91419e-05
0.03065		0.0010001		6.81882e-05
0.0307		0.0010001		6.91419e-05
0.03075		0.0010001		6.67577e-05
0.0308		0.0010001		6.81882e-05
0.03085		0.0010001		7.05724e-05
0.0309		0.0010001		6.96187e-05
0.03095		0.0010001		7.72481e-05
0.031		0.0010001		8.72617e-05
0.03105		0.0010001		0.000105381
0.0311		0.0010001		0.000157357
0.03115		0.0010001		0.000255587
0.0312		0.0010001		0.000407221
0.03125		0.0010001		0.000609878
0.0313		0.0010001		0.000863556
0.03135		0.0010001		0.00114823
0.0314		0.0010001		0.00141526
0.03145		0.0010001		0.00161601
0.0315		0.0010001		0.00172663
0.03155		0.0010001		0.00170422
0.0316		0.0010001		0.00156785
0.03165		0.0010001		0.00134517
0.0317		0.0010001		0.00109292
0.03175		0.0010001		0.000836853
0.0318		0.0010001		0.000602726
0.03185		0.0010001		0.000423433
0.0319		0.0010001		0.00028515
0.03195		0.0010001		0.000198842
0.032		0.0010001		0.000146867
0.03205		0.0010001		0.000117779
0.0321		0.0010001		0.00010252
0.03215		0.0010001		9.82289e-05
0.0322		0.0010001		8.3447e-05
0.03225		0.0010001		7.62944e-05
0.0323		0.0010001		7.10492e-05
0.03235		0.0010001		6.5804e-05
0.0324		0.0010001		6.05586e-05
0.03245		0.0010001		6.38966e-05
0.0325		0.0010001		6.53272e-05
0.0325		0.0005001		4.72071e-05
0.03245		0.0005001		4.62534e-05
0.0324		0.0005001		5.38828e-05
0.03235		0.0005001		7.05724e-05
0.0323		0.0005001		8.10628e-05
0.03225		0.0005001		0.00010252
0.0322		0.0005001		0.000133992
0.03215		0.0005001		0.000159265
0.0321		0.0005001		0.000192643
0.03205		0.0005001		0.000236512
0.032		0.0005001		0.000304224
0.03195		0.0005001		0.000431539
0.0319		0.0005001		0.000623707
0.03185		0.0005001		0.000876907
0.0318		0.0005001		0.00115538
0.03175		0.0005001		0.00142051
0.0317		0.0005001		0.00166703
0.03165		0.0005001		0.00185777
0.0316		0.0005001		0.00194312
0.03155		0.0005001		0.00189448
0.0315		0.0005001		0.00170136
0.03145		0.0005001		0.00141001
0.0314		0.0005001		0.00109626
0.03135		0.0005001		0.000805859
0.0313		0.0005001		0.000569347
0.03125		0.0005001		0.000373365
0.0312		0.0005001		0.00023842
0.03115		0.0005001		0.000144959
0.0311		0.0005001		9.63216e-05
0.03105		0.0005001		6.96187e-05
0.031		0.0005001		5.72207e-05
0.03095		0.0005001		5.19755e-05
0.0309		0.0005001		4.95913e-05
0.03085		0.0005001		4.91145e-05
0.0308		0.0005001		4.86376e-05
0.03075		0.0005001		4.86376e-05
0.0307		0.0005001		5.00681e-05
0.03065		0.0005001		4.91145e-05
0.0306		0.0005001		5.0545e-05
0.03055		0.0005001		5.0545e-05
0.0305		0.0005001		5.0545e-05
0.0306		1e-07		5.38828e-05
0.03065		1e-07		5.24523e-05
0.0307		1e-07		4.72071e-05
0.03075		1e-07		4.14851e-05
0.0308		1e-07		4.19619e-05
0.03085		1e-07		3.8624e-05
0.0309		1e-07		3.48093e-05
0.03095		1e-07		3.33788e-05
0.031		1e-07		3.2902e-05
0.03105		1e-07		4.14851e-05
0.0311		1e-07		5.43597e-05
0.03115		1e-07		7.72481e-05
0.0312		1e-07		0.000130177
0.03125		1e-07		0.000223638
0.0313		1e-07		0.000351908
0.03135		1e-07		0.000533108
0.0314		1e-07		0.000764851
0.03145		1e-07		0.00103522
0.0315		1e-07		0.00132561
0.03155		1e-07		0.00153304
0.0316		1e-07		0.00165273
0.03165		1e-07		0.00164891
0.0317		1e-07		0.00153876
0.03175		1e-07		0.00135566
0.0318		1e-07		0.00111104
0.03185		1e-07		0.000843529
0.0319		1e-07		0.000610355
0.03195		1e-07		0.000432493
0.032		1e-07		0.000304701
0.03205		1e-07		0.000222207
0.0321		1e-07		0.00017357
0.03215		1e-07		0.000140668
0.0322		1e-07		0.000110627
0.03225		1e-07		9.15532e-05
0.0323		1e-07		7.82018e-05
0.03235		1e-07		6.10356e-05
0.0324		1e-07		5.3406e-05
0.03245		1e-07		4.72071e-05
0.0325		1e-07		4.05314e-05
0.03255		1e-07		3.76704e-05
0.0326		1e-07		3.76704e-05
0.0326		-0.0005		3.95777e-05
0.03255		-0.0005		4.19619e-05
0.0325		-0.0005		3.95777e-05
0.03245		-0.0005		4.05314e-05
0.0324		-0.0005		4.57766e-05
0.03235		-0.0005		5.10218e-05
0.0323		-0.0005		5.6267e-05
0.03225		-0.0005		6.38966e-05
0.0322		-0.0005		6.91419e-05
0.03215		-0.0005		8.20165e-05
0.0321		-0.0005		9.48911e-05
0.03205		-0.0005		0.000116826
0.032		-0.0005		0.000150205
0.03195		-0.0005		0.00020361
0.0319		-0.0005		0.000298025
0.03185		-0.0005		0.000427725
0.0318		-0.0005		0.000586513
0.03175		-0.0005		0.000750545
0.0317		-0.0005		0.000899795
0.03165		-0.0005		0.000999458
0.0316		-0.0005		0.00103808
0.03155		-0.0005		0.000996597
0.0315		-0.0005		0.000869278
0.03145		-0.0005		0.000694279
0.0314		-0.0005		0.00051165
0.03135		-0.0005		0.000356676
0.0313		-0.0005		0.000233651
0.03125		-0.0005		0.000145913
0.0312		-0.0005		9.01227e-05
0.03115		-0.0005		5.43597e-05
0.0311		-0.0005		3.76704e-05
0.03105		-0.0005		2.9564e-05
0.031		-0.0005		2.9564e-05
0.03095		-0.0005		2.71798e-05
0.0309		-0.0005		2.62262e-05
0.03085		-0.0005		2.33651e-05
0.0308		-0.0005		2.62262e-05
0.03075		-0.0005		2.57493e-05
0.0307		-0.0005		2.24115e-05
0.03065		-0.0005		2.28883e-05
0.0306		-0.0005		2.33651e-05
0.0306		-0.0009999		1.81199e-05
0.03065		-0.0009999		2.00273e-05
0.0307		-0.0009999		2.28883e-05
0.03075		-0.0009999		2.05041e-05
0.0308		-0.0009999		2.19346e-05
0.03085		-0.0009999		2.19346e-05
0.0309		-0.0009999		2.19346e-05
0.03095		-0.0009999		2.28883e-05
0.031		-0.0009999		2.24115e-05
0.03105		-0.0009999		2.76567e-05
0.0311		-0.0009999		2.90872e-05
0.03115		-0.0009999		4.19619e-05
0.0312		-0.0009999		7.62944e-05
0.03125		-0.0009999		0.000130654
0.0313		-0.0009999		0.000225545
0.03135		-0.0009999		0.000349047
0.0314		-0.0009999		0.000494484
0.03145		-0.0009999		0.000671867
0.0315		-0.0009999		0.00084782
0.03155		-0.0009999		0.000981338
0.0316		-0.0009999		0.00103522
0.03165		-0.0009999		0.00100947
0.0317		-0.0009999		0.00091124
0.03175		-0.0009999		0.000762466
0.0318		-0.0009999		0.00058556
0.03185		-0.0009999		0.000422003
0.0319		-0.0009999		0.000278475
0.03195		-0.0009999		0.000167371
0.032		-0.0009999		9.91826e-05
0.03205		-0.0009999		6.53272e-05
0.0321		-0.0009999		4.95913e-05
0.03215		-0.0009999		4.29156e-05
0.0322		-0.0009999		4.00546e-05
0.03225		-0.0009999		3.8624e-05
0.0323		-0.0009999		3.52862e-05
0.03235		-0.0009999		3.19483e-05
0.0324		-0.0009999		2.76567e-05
0.03245		-0.0009999		2.52725e-05
0.0325		-0.0009999		2.76567e-05
0.03255		-0.0009999		3.05178e-05
0.0326		-0.0009999		2.43188e-05
0.0326		-0.0014999		2.43188e-05
0.03255		-0.0014999		2.52725e-05
0.0325		-0.0014999		2.47956e-05
0.03245		-0.0014999		2.52725e-05
0.0324		-0.0014999		2.76567e-05
0.03235		-0.0014999		2.43188e-05
0.0323		-0.0014999		2.9564e-05
0.03225		-0.0014999		2.71798e-05
0.0322		-0.0014999		2.9564e-05
0.03215		-0.0014999		3.71935e-05
0.0321		-0.0014999		4.81608e-05
0.03205		-0.0014999		7.53407e-05
0.032		-0.0014999		0.000132562
0.03195		-0.0014999		0.000234605
0.0319		-0.0014999		0.000396254
0.03185		-0.0014999		0.000587944
0.0318		-0.0014999		0.000788692
0.03175		-0.0014999		0.000976089
0.0317		-0.0014999		0.00113059
0.03165		-0.0014999		0.00119878
0.0316		-0.0014999		0.00115681
0.03155		-0.0014999		0.00102282
0.0315		-0.0014999		0.000813011
0.03145		-0.0014999		0.000607971
0.0314		-0.0014999		0.000422956
0.03135		-0.0014999		0.000269415
0.0313		-0.0014999		0.000155927
0.03125		-0.0014999		8.9169e-05
0.0312		-0.0014999		5.19755e-05
0.03115		-0.0014999		3.71935e-05
0.0311		-0.0014999		2.62262e-05
0.03105		-0.0014999		2.3842e-05
0.031		-0.0014999		2.0981e-05
0.03095		-0.0014999		2.00273e-05
0.0309		-0.0014999		2.43188e-05
0.03085		-0.0014999		2.24115e-05
0.0308		-0.0014999		2.28883e-05
0.03075		-0.0014999		2.28883e-05
0.0307		-0.0014999		2.86103e-05
0.03065		-0.0014999		2.47956e-05
0.0306		-0.0014999		2.86103e-05
0.03065		-0.0019999		4.62534e-05
0.0307		-0.0019999		3.95777e-05
0.03075		-0.0019999		3.38557e-05
0.0308		-0.0019999		2.9564e-05
0.03085		-0.0019999		2.3842e-05
0.0309		-0.0019999		2.6703e-05
0.03095		-0.0019999		2.47956e-05
0.031		-0.0019999		2.28883e-05
0.03105		-0.0019999		2.57493e-05
0.0311		-0.0019999		2.43188e-05
0.03115		-0.0019999		3.43325e-05
0.0312		-0.0019999		4.62534e-05
0.03125		-0.0019999		8.6308e-05
0.0313		-0.0019999		0.000167848
0.03135		-0.0019999		0.000308516
0.0314		-0.0019999		0.000520233
0.03145		-0.0019999		0.000783924
0.0315		-0.0019999		0.00109292
0.03155		-0.0019999		0.00140191
0.0316		-0.0019999		0.0016389
0.03165		-0.0019999		0.00172473
0.0317		-0.0019999		0.00166178
0.03175		-0.0019999		0.00145341
0.0318		-0.0019999		0.00116254
0.03185		-0.0019999		0.000852589
0.0319		-0.0019999		0.00056744
0.03195		-0.0019999		0.000337126
0.032		-0.0019999		0.000192643
0.03205		-0.0019999		0.000116349
0.0321		-0.0019999		8.86922e-05
0.03215		-0.0019999		9.53679e-05
0.0322		-0.0019999		0.000117302
0.03225		-0.0019999		0.000131608
0.0323		-0.0019999		0.000154973
0.03235		-0.0019999		0.000176908
0.0324		-0.0019999		0.000183106
0.03245		-0.0019999		0.000178815
0.0325		-0.0019999		0.000167848
0.03255		-0.0019999		0.000154019
0.0326		-0.0019999		0.000127793
0.03265		-0.0019999		0.000102997
0.03265		-0.0024999		1.76431e-05
0.0326		-0.0024999		1.81199e-05
0.03255		-0.0024999		1.76431e-05
0.0325		-0.0024999		1.62126e-05
0.03245		-0.0024999		2.0981e-05
0.0324		-0.0024999		1.85968e-05
0.03235		-0.0024999		1.81199e-05
0.0323		-0.0024999		1.62126e-05
0.03225		-0.0024999		2.14578e-05
0.0322		-0.0024999		2.28883e-05
0.03215		-0.0024999		2.62262e-05
0.0321		-0.0024999		3.38557e-05
0.03205		-0.0024999		6.00817e-05
0.032		-0.0024999		0.000105381
0.03195		-0.0024999		0.000201703
0.0319		-0.0024999		0.000341894
0.03185		-0.0024999		0.000524525
0.0318		-0.0024999		0.000720505
0.03175		-0.0024999		0.000897411
0.0317		-0.0024999		0.00100518
0.03165		-0.0024999		0.00102759
0.0316		-0.0024999		0.0009594
0.03155		-0.0024999		0.000814918
0.0315		-0.0024999		0.000624184
0.03145		-0.0024999		0.000429632
0.0314		-0.0024999		0.00027323
0.03135		-0.0024999		0.000155927
0.0313		-0.0024999		8.6308e-05
0.03125		-0.0024999		4.62534e-05
0.0312		-0.0024999		2.62262e-05
0.03115		-0.0024999		1.95504e-05
0.0311		-0.0024999		1.95504e-05
0.03105		-0.0024999		1.71663e-05
0.031		-0.0024999		1.52589e-05
0.03095		-0.0024999		1.43052e-05
0.0309		-0.0024999		1.81199e-05
0.03085		-0.0024999		1.62126e-05
0.0308		-0.0024999		1.90736e-05
0.03075		-0.0024999		1.43052e-05
0.0307		-0.0024999		1.62126e-05
0.03065		-0.0024999		1.57357e-05
0.03065		-0.0029999		3.48093e-05
0.0307		-0.0029999		2.52725e-05
0.03075		-0.0029999		2.0981e-05
0.0308		-0.0029999		2.05041e-05
0.03085		-0.0029999		1.28747e-05
0.0309		-0.0029999		1.66894e-05
0.03095		-0.0029999		1.52589e-05
0.031		-0.0029999		1.76431e-05
0.03105		-0.0029999		1.62126e-05
0.0311		-0.0029999		2.19346e-05
0.03115		-0.0029999		2.28883e-05
0.0312		-0.0029999		2.43188e-05
0.03125		-0.0029999		4.10082e-05
0.0313		-0.0029999		7.34334e-05
0.03135		-0.0029999		0.000125886
0.0314		-0.0029999		0.00021267
0.03145		-0.0029999		0.000330927
0.0315		-0.0029999		0.000475409
0.03155		-0.0029999		0.000618462
0.0316		-0.0029999		0.000732426
0.03165		-0.0029999		0.000785831
0.0317		-0.0029999		0.000780109
0.03175		-0.0029999		0.000707153
0.0318		-0.0029999		0.000583652
0.03185		-0.0029999		0.000434877
0.0319		-0.0029999		0.000296118
0.03195		-0.0029999		0.000179292
0.032		-0.0029999		0.000107289
0.03205		-0.0029999		6.2943e-05
0.0321		-0.0029999		3.71935e-05
0.03215		-0.0029999		2.86103e-05
0.0322		-0.0029999		2.14578e-05
0.03225		-0.0029999		1.76431e-05
0.0323		-0.0029999		2.05041e-05
0.03235		-0.0029999		2.19346e-05
0.0324		-0.0029999		1.52589e-05
0.03245		-0.0029999		2.05041e-05
0.0325		-0.0029999		1.76431e-05
0.03255		-0.0029999		1.95504e-05
0.0326		-0.0029999		1.43052e-05
0.03265		-0.0029999		1.62126e-05
0.03265		-0.0034999		1.28747e-05
0.0326		-0.0034999		1.38283e-05
0.03255		-0.0034999		1.76431e-05
0.0325		-0.0034999		1.4782e-05
0.03245		-0.0034999		1.66894e-05
0.0324		-0.0034999		1.85968e-05
0.03235		-0.0034999		2.24115e-05
0.0323		-0.0034999		2.19346e-05
0.03225		-0.0034999		2.43188e-05
0.0322		-0.0034999		2.86103e-05
0.03215		-0.0034999		3.81472e-05
0.0321		-0.0034999		5.96049e-05
0.03205		-0.0034999		9.63216e-05
0.032		-0.0034999		0.000167848
0.03195		-0.0034999		0.00029421
0.0319		-0.0034999		0.000457289
0.03185		-0.0034999		0.000644211
0.0318		-0.0034999		0.000822548
0.03175		-0.0034999		0.000959877
0.0317		-0.0034999		0.00102092
0.03165		-0.0034999		0.000998981
0.0316		-0.0034999		0.000897888
0.03155		-0.0034999		0.000713829
0.0315		-0.0034999		0.000499252
0.03145		-0.0034999		0.00032902
0.0314		-0.0034999		0.000191213
0.03135		-0.0034999		9.87058e-05
0.0313		-0.0034999		4.86376e-05
0.03125		-0.0034999		2.76567e-05
0.0312		-0.0034999		1.76431e-05
0.03115		-0.0034999		1.28747e-05
0.0311		-0.0034999		1.33515e-05
0.03105		-0.0034999		1.62126e-05
0.031		-0.0034999		1.1921e-05
0.03095		-0.0034999		1.28747e-05
0.0309		-0.0034999		1.09673e-05
0.03085		-0.0034999		1.09673e-05
0.0308		-0.0034999		1.28747e-05
0.03075		-0.0034999		9.5368e-06
0.0307		-0.0034999		1.1921e-05
0.03065		-0.0034999		1.28747e-05
0.0307		-0.0039999		1.43052e-05
0.03075		-0.0039999		9.05996e-06
0.0308		-0.0039999		1.1921e-05
0.03085		-0.0039999		1.1921e-05
0.0309		-0.0039999		1.52589e-05
0.03095		-0.0039999		1.28747e-05
0.031		-0.0039999		1.1921e-05
0.03105		-0.0039999		1.1921e-05
0.0311		-0.0039999		1.52589e-05
0.03115		-0.0039999		1.57357e-05
0.0312		-0.0039999		2.00273e-05
0.03125		-0.0039999		2.86103e-05
0.0313		-0.0039999		5.86512e-05
0.03135		-0.0039999		0.00012064
0.0314		-0.0039999		0.000210286
0.03145		-0.0039999		0.00034857
0.0315		-0.0039999		0.000506405
0.03155		-0.0039999		0.000681404
0.0316		-0.0039999		0.000829224
0.03165		-0.0039999		0.000908379
0.0317		-0.0039999		0.000906471
0.03175		-0.0039999		0.000825886
0.0318		-0.0039999		0.000682358
0.03185		-0.0039999		0.000523571
0.0319		-0.0039999		0.000371935
0.03195		-0.0039999		0.000235558
0.032		-0.0039999		0.000140191
0.03205		-0.0039999		7.77249e-05
0.0321		-0.0039999		4.86376e-05
0.03215		-0.0039999		3.33788e-05
0.0322		-0.0039999		2.3842e-05
0.03225		-0.0039999		2.24115e-05
0.0323		-0.0039999		1.81199e-05
0.03235		-0.0039999		1.52589e-05
0.0324		-0.0039999		1.52589e-05
0.03245		-0.0039999		1.43052e-05
0.0325		-0.0039999		1.14442e-05
0.03255		-0.0039999		1.76431e-05
0.0326		-0.0039999		1.4782e-05
0.03265		-0.0039999		1.38283e-05
0.0327		-0.0039999		1.66894e-05
0.03265		-0.0045		1.38283e-05
0.0326		-0.0045		1.1921e-05
0.03255		-0.0045		8.58313e-06
0.0325		-0.0045		1.38283e-05
0.03245		-0.0045		1.14442e-05
0.0324		-0.0045		1.1921e-05
0.03235		-0.0045		1.28747e-05
0.0323		-0.0045		1.38283e-05
0.03225		-0.0045		1.57357e-05
0.0322		-0.0045		1.66894e-05
0.03215		-0.0045		2.0981e-05
0.0321		-0.0045		3.19483e-05
0.03205		-0.0045		5.9128e-05
0.032		-0.0045		0.000121117
0.03195		-0.0045		0.000216008
0.0319		-0.0045		0.000352861
0.03185		-0.0045		0.000527862
0.0318		-0.0045		0.000712875
0.03175		-0.0045		0.000877861
0.0317		-0.0045		0.000963215
0.03165		-0.0045		0.000952724
0.0316		-0.0045		0.000851635
0.03155		-0.0045		0.000699047
0.0315		-0.0045		0.000516895
0.03145		-0.0045		0.000342848
0.0314		-0.0045		0.000205995
0.03135		-0.0045		0.000109196
0.0313		-0.0045		5.53133e-05
0.03125		-0.0045		2.57493e-05
0.0312		-0.0045		1.76431e-05
0.03115		-0.0045		1.4782e-05
0.0311		-0.0045		1.66894e-05
0.03105		-0.0045		1.43052e-05
0.031		-0.0045		1.33515e-05
0.03095		-0.0045		1.28747e-05
0.0309		-0.0045		1.43052e-05
0.03085		-0.0045		1.23978e-05
0.0308		-0.0045		1.04905e-05
0.03075		-0.0045		1.57357e-05
0.0307		-0.0045		1.43052e-05
0.03065		-0.0045		1.1921e-05
0.0307		-0.0049999		1.1921e-05
0.03075		-0.0049999		1.14442e-05
0.0308		-0.0049999		1.28747e-05
0.03085		-0.0049999		8.58313e-06
0.0309		-0.0049999		9.5368e-06
0.03095		-0.0049999		1.76431e-05
0.031		-0.0049999		1.28747e-05
0.03105		-0.0049999		1.1921e-05
0.0311		-0.0049999		1.28747e-05
0.03115		-0.0049999		1.1921e-05
0.0312		-0.0049999		1.57357e-05
0.03125		-0.0049999		1.85968e-05
0.0313		-0.0049999		3.52862e-05
0.03135		-0.0049999		6.62808e-05
0.0314		-0.0049999		0.000130654
0.03145		-0.0049999		0.000245573
0.0315		-0.0049999		0.000383856
0.03155		-0.0049999		0.000555996
0.0316		-0.0049999		0.000715259
0.03165		-0.0049999		0.000823978
0.0317		-0.0049999		0.00086594
0.03175		-0.0049999		0.000830654
0.0318		-0.0049999		0.000720982
0.03185		-0.0049999		0.000552658
0.0319		-0.0049999		0.000387194
0.03195		-0.0049999		0.000243188
0.032		-0.0049999		0.000136376
0.03205		-0.0049999		7.00955e-05
0.0321		-0.0049999		2.9564e-05
0.03215		-0.0049999		2.00273e-05
0.0322		-0.0049999		1.62126e-05
0.03225		-0.0049999		1.1921e-05
0.0323		-0.0049999		1.09673e-05
0.03235		-0.0049999		1.43052e-05
0.0324		-0.0049999		1.04905e-05
0.03245		-0.0049999		1.38283e-05
0.0325		-0.0049999		1.04905e-05
0.03255		-0.0049999		1.28747e-05
0.0326		-0.0049999		9.05996e-06
0.03265		-0.0049999		1.23978e-05
0.0327		-0.0049999		1.43052e-05
0.0327		-0.0054999		1.09673e-05
0.03265		-0.0054999		9.5368e-06
0.0326		-0.0054999		8.58313e-06
0.03255		-0.0054999		1.09673e-05
0.0325		-0.0054999		1.1921e-05
0.03245		-0.0054999		9.5368e-06
0.0324		-0.0054999		8.10629e-06
0.03235		-0.0054999		1.33515e-05
0.0323		-0.0054999		1.04905e-05
0.03225		-0.0054999		1.09673e-05
0.0322		-0.0054999		1.43052e-05
0.03215		-0.0054999		1.95504e-05
0.0321		-0.0054999		3.52862e-05
0.03205		-0.0054999		6.2943e-05
0.032		-0.0054999		0.000133992
0.03195		-0.0054999		0.00023985
0.0319		-0.0054999		0.000387194
0.03185		-0.0054999		0.000557903
0.0318		-0.0054999		0.000716213
0.03175		-0.0054999		0.000818256
0.0317		-0.0054999		0.000846867
0.03165		-0.0054999		0.000804428
0.0316		-0.0054999		0.000697616
0.03155		-0.0054999		0.000543598
0.0315		-0.0054999		0.000374319
0.03145		-0.0054999		0.000227929
0.0314		-0.0054999		0.00012064
0.03135		-0.0054999		5.57902e-05
0.0313		-0.0054999		2.71798e-05
0.03125		-0.0054999		1.76431e-05
0.0312		-0.0054999		1.28747e-05
0.03115		-0.0054999		9.5368e-06
0.0311		-0.0054999		1.04905e-05
0.03105		-0.0054999		1.33515e-05
0.031		-0.0054999		9.05996e-06
0.03095		-0.0054999		1.09673e-05
0.0309		-0.0054999		9.5368e-06
0.03085		-0.0054999		1.23978e-05
0.0308		-0.0054999		9.05996e-06
0.03075		-0.0054999		6.67575e-06
0.0307		-0.0054999		7.62945e-06
0.0307		-0.0059999		1.09673e-05
0.03075		-0.0059999		9.5368e-06
0.0308		-0.0059999		1.23978e-05
0.03085		-0.0059999		1.09673e-05
0.0309		-0.0059999		9.5368e-06
0.03095		-0.0059999		1.1921e-05
0.031		-0.0059999		9.5368e-06
0.03105		-0.0059999		9.5368e-06
0.0311		-0.0059999		6.19891e-06
0.03115		-0.0059999		1.28747e-05
0.0312		-0.0059999		1.28747e-05
0.03125		-0.0059999		1.4782e-05
0.0313		-0.0059999		2.71798e-05
0.03135		-0.0059999		5.14986e-05
0.0314		-0.0059999		9.87058e-05
0.03145		-0.0059999		0.00018263
0.0315		-0.0059999		0.000291349
0.03155		-0.0059999		0.000425341
0.0316		-0.0059999		0.000565533
0.03165		-0.0059999		0.000668529
0.0317		-0.0059999		0.000719074
0.03175		-0.0059999		0.000700001
0.0318		-0.0059999		0.000622753
0.03185		-0.0059999		0.000500206
0.0319		-0.0059999		0.000358107
0.03195		-0.0059999		0.000230313
0.032		-0.0059999		0.000132085
0.03205		-0.0059999		6.81882e-05
0.0321		-0.0059999		2.81335e-05
0.03215		-0.0059999		1.71663e-05
0.0322		-0.0059999		1.14442e-05
0.03225		-0.0059999		1.04905e-05
0.0323		-0.0059999		9.05996e-06
0.03235		-0.0059999		7.15259e-06
0.0324		-0.0059999		1.00136e-05
0.03245		-0.0059999		1.00136e-05
0.0325		-0.0059999		5.24524e-06
0.03255		-0.0059999		6.67575e-06
0.0326		-0.0059999		1.00136e-05
0.03265		-0.0059999		1.00136e-05
0.0327		-0.0059999		1.28747e-05
0.0327		-0.0064999		1.09673e-05
0.03265		-0.0064999		8.58313e-06
0.0326		-0.0064999		7.62945e-06
0.03255		-0.0064999		7.15259e-06
0.0325		-0.0064999		8.10629e-06
0.03245		-0.0064999		9.5368e-06
0.0324		-0.0064999		5.24524e-06
0.03235		-0.0064999		7.15259e-06
0.0323		-0.0064999		8.10629e-06
0.03225		-0.0064999		9.5368e-06
0.0322		-0.0064999		1.38283e-05
0.03215		-0.0064999		1.14442e-05
0.0321		-0.0064999		1.85968e-05
0.03205		-0.0064999		3.38557e-05
0.032		-0.0064999		7.29566e-05
0.03195		-0.0064999		0.0001359
0.0319		-0.0064999		0.000222684
0.03185		-0.0064999		0.00034094
0.0318		-0.0064999		0.000451567
0.03175		-0.0064999		0.000535969
0.0317		-0.0064999		0.000578407
0.03165		-0.0064999		0.000560287
0.0316		-0.0064999		0.000499729
0.03155		-0.0064999		0.00040436
0.0315		-0.0064999		0.000297548
0.03145		-0.0064999		0.000196458
0.0314		-0.0064999		0.000112534
0.03135		-0.0064999		6.5804e-05
0.0313		-0.0064999		3.2902e-05
0.03125		-0.0064999		1.57357e-05
0.0312		-0.0064999		1.28747e-05
0.03115		-0.0064999		1.00136e-05
0.0311		-0.0064999		1.28747e-05
0.03105		-0.0064999		1.28747e-05
0.031		-0.0064999		7.15259e-06
0.03095		-0.0064999		8.10629e-06
0.0309		-0.0064999		9.05996e-06
0.03085		-0.0064999		1.04905e-05
0.0308		-0.0064999		8.10629e-06
0.03075		-0.0064999		4.7684e-06
0.0307		-0.0064999		1.1921e-05
0.0307		-0.007		1.38283e-05
0.03075		-0.007		1.43052e-05
0.0308		-0.007		1.28747e-05
0.03085		-0.007		1.4782e-05
0.0309		-0.007		1.14442e-05
0.03095		-0.007		1.4782e-05
0.031		-0.007		1.1921e-05
0.03105		-0.007		1.43052e-05
0.0311		-0.007		1.14442e-05
0.03115		-0.007		1.04905e-05
0.0312		-0.007		1.04905e-05
0.03125		-0.007		1.52589e-05
0.0313		-0.007		2.52725e-05
0.03135		-0.007		5.0545e-05
0.0314		-0.007		9.10764e-05
0.03145		-0.007		0.000169278
0.0315		-0.007		0.000282289
0.03155		-0.007		0.000407698
0.0316		-0.007		0.000518326
0.03165		-0.007		0.000581745
0.0317		-0.007		0.000597958
0.03175		-0.007		0.000564579
0.0318		-0.007		0.0004921
0.03185		-0.007		0.000376226
0.0319		-0.007		0.000252249
0.03195		-0.007		0.000151158
0.032		-0.007		7.86786e-05
0.03205		-0.007		3.38557e-05
0.0321		-0.007		2.00273e-05
0.03215		-0.007		1.57357e-05
0.0322		-0.007		8.58313e-06
0.03225		-0.007		7.62945e-06
0.0323		-0.007		8.10629e-06
0.03235		-0.007		9.05996e-06
0.0324		-0.007		5.72208e-06
0.03245		-0.007		8.10629e-06
0.0325		-0.007		9.5368e-06
0.03255		-0.007		1.00136e-05
0.0326		-0.007		5.24524e-06
0.03265		-0.007		7.62945e-06
0.0327		-0.007		8.58313e-06
0.0327		-0.0074999		8.58313e-06
0.03265		-0.0074999		9.05996e-06
0.0326		-0.0074999		5.24524e-06
0.03255		-0.0074999		6.67575e-06
0.0325		-0.0074999		8.58313e-06
0.03245		-0.0074999		9.05996e-06
0.0324		-0.0074999		1.1921e-05
0.03235		-0.0074999		1.04905e-05
0.0323		-0.0074999		1.43052e-05
0.03225		-0.0074999		1.43052e-05
0.0322		-0.0074999		1.43052e-05
0.03215		-0.0074999		8.58313e-06
0.0321		-0.0074999		1.71663e-05
0.03205		-0.0074999		3.19483e-05
0.032		-0.0074999		5.67439e-05
0.03195		-0.0074999		0.000122071
0.0319		-0.0074999		0.000213147
0.03185		-0.0074999		0.000340464
0.0318		-0.0074999		0.000471594
0.03175		-0.0074999		0.00056887
0.0317		-0.0074999		0.000622753
0.03165		-0.0074999		0.000621799
0.0316		-0.0074999		0.000572208
0.03155		-0.0074999		0.000473501
0.0315		-0.0074999		0.000353338
0.03145		-0.0074999		0.000228883
0.0314		-0.0074999		0.000134946
0.03135		-0.0074999		7.39102e-05
0.0313		-0.0074999		3.71935e-05
0.03125		-0.0074999		2.0981e-05
0.0312		-0.0074999		1.33515e-05
0.03115		-0.0074999		1.1921e-05
0.0311		-0.0074999		1.85968e-05
0.03105		-0.0074999		1.52589e-05
0.031		-0.0074999		1.95504e-05
0.03095		-0.0074999		2.0981e-05
0.0309		-0.0074999		2.52725e-05
0.03085		-0.0074999		2.0981e-05
0.0308		-0.0074999		2.52725e-05
0.03075		-0.0074999		2.33651e-05
0.0307		-0.0074999		2.76567e-05
0.0307		-0.0079999		1.14442e-05
0.03075		-0.0079999		1.1921e-05
0.0308		-0.0079999		1.43052e-05
0.03085		-0.0079999		1.09673e-05
0.0309		-0.0079999		1.09673e-05
0.03095		-0.0079999		1.09673e-05
0.031		-0.0079999		1.14442e-05
0.03105		-0.0079999		1.04905e-05
0.0311		-0.0079999		7.62945e-06
0.03115		-0.0079999		1.04905e-05
0.0312		-0.0079999		1.52589e-05
0.03125		-0.0079999		1.52589e-05
0.0313		-0.0079999		2.81335e-05
0.03135		-0.0079999		6.53272e-05
0.0314		-0.0079999		0.000130177
0.03145		-0.0079999		0.00023079
0.0315		-0.0079999		0.000352861
0.03155		-0.0079999		0.000483515
0.0316		-0.0079999		0.000583176
0.03165		-0.0079999		0.000631336
0.0317		-0.0079999		0.00062323
0.03175		-0.0079999		0.000561241
0.0318		-0.0079999		0.000457766
0.03185		-0.0079999		0.000324728
0.0319		-0.0079999		0.000203134
0.03195		-0.0079999		0.000107766
0.032		-0.0079999		5.3406e-05
0.03205		-0.0079999		2.62262e-05
0.0321		-0.0079999		1.14442e-05
0.03215		-0.0079999		1.04905e-05
0.0322		-0.0079999		6.19891e-06
0.03225		-0.0079999		1.00136e-05
0.0323		-0.0079999		5.72208e-06
0.03235		-0.0079999		9.05996e-06
0.0324		-0.0079999		1.04905e-05
0.03245		-0.0079999		9.5368e-06
0.0325		-0.0079999		8.58313e-06
0.03255		-0.0079999		1.1921e-05
0.0326		-0.0079999		7.62945e-06
0.03265		-0.0079999		8.58313e-06
0.0327		-0.0079999		1.33515e-05
0.03265		-0.0084999		6.67575e-06
0.0326		-0.0084999		1.1921e-05
0.03255		-0.0084999		5.24524e-06
0.0325		-0.0084999		1.1921e-05
0.03245		-0.0084999		7.62945e-06
0.0324		-0.0084999		5.24524e-06
0.03235		-0.0084999		1.14442e-05
0.0323		-0.0084999		9.05996e-06
0.03225		-0.0084999		7.62945e-06
0.0322		-0.0084999		8.58313e-06
0.03215		-0.0084999		9.5368e-06
0.0321		-0.0084999		1.09673e-05
0.03205		-0.0084999		1.90736e-05
0.032		-0.0084999		3.81472e-05
0.03195		-0.0084999		7.1526e-05
0.0319		-0.0084999		0.000124932
0.03185		-0.0084999		0.000208856
0.0318		-0.0084999		0.000305654
0.03175		-0.0084999		0.000391008
0.0317		-0.0084999		0.000445845
0.03165		-0.0084999		0.00046158
0.0316		-0.0084999		0.000434877
0.03155		-0.0084999		0.000370504
0.0315		-0.0084999		0.00028372
0.03145		-0.0084999		0.000193597
0.0314		-0.0084999		0.000113488
0.03135		-0.0084999		6.67577e-05
0.0313		-0.0084999		3.52862e-05
0.03125		-0.0084999		2.0981e-05
0.0312		-0.0084999		1.52589e-05
0.03115		-0.0084999		1.62126e-05
0.0311		-0.0084999		1.71663e-05
0.03105		-0.0084999		1.62126e-05
0.031		-0.0084999		2.00273e-05
0.03095		-0.0084999		1.81199e-05
0.0309		-0.0084999		2.19346e-05
0.03085		-0.0084999		1.90736e-05
0.0308		-0.0084999		2.28883e-05
0.03075		-0.0084999		1.90736e-05
0.0307		-0.0084999		2.62262e-05
0.03065		-0.0084999		2.43188e-05
0.03065		-0.0089999		1.14442e-05
0.0307		-0.0089999		1.23978e-05
0.03075		-0.0089999		8.58313e-06
0.0308		-0.0089999		1.09673e-05
0.03085		-0.0089999		9.5368e-06
0.0309		-0.0089999		9.5368e-06
0.03095		-0.0089999		7.62945e-06
0.031		-0.0089999		6.19891e-06
0.03105		-0.0089999		1.23978e-05
0.0311		-0.0089999		1.09673e-05
0.03115		-0.0089999		1.09673e-05
0.0312		-0.0089999		1.33515e-05
0.03125		-0.0089999		2.28883e-05
0.0313		-0.0089999		4.72071e-05
0.03135		-0.0089999		8.96459e-05
0.0314		-0.0089999		0.000163556
0.03145		-0.0089999		0.000268938
0.0315		-0.0089999		0.000385763
0.03155		-0.0089999		0.000488762
0.0316		-0.0089999		0.000562672
0.03165		-0.0089999		0.000588421
0.0317		-0.0089999		0.000551227
0.03175		-0.0089999		0.000457289
0.0318		-0.0089999		0.000334265
0.03185		-0.0089999		0.000218869
0.0319		-0.0089999		0.000124932
0.03195		-0.0089999		6.77113e-05
0.032		-0.0089999		3.24252e-05
0.03205		-0.0089999		2.05041e-05
0.0321		-0.0089999		1.1921e-05
0.03215		-0.0089999		1.14442e-05
0.0322		-0.0089999		8.10629e-06
0.03225		-0.0089999		8.58313e-06
0.0323		-0.0089999		9.05996e-06
0.03235		-0.0089999		8.58313e-06
0.0324		-0.0089999		8.58313e-06
0.03245		-0.0089999		1.09673e-05
0.0325		-0.0089999		5.24524e-06
0.03255		-0.0089999		6.67575e-06
0.0326		-0.0089999		8.58313e-06
0.03265		-0.0089999		1.04905e-05
0.03265		-0.0094999		9.5368e-06
0.0326		-0.0094999		1.00136e-05
0.03255		-0.0094999		1.09673e-05
0.0325		-0.0094999		8.58313e-06
0.03245		-0.0094999		1.1921e-05
0.0324		-0.0094999		5.24524e-06
0.03235		-0.0094999		8.58313e-06
0.0323		-0.0094999		8.58313e-06
0.03225		-0.0094999		1.04905e-05
0.0322		-0.0094999		1.09673e-05
0.03215		-0.0094999		1.4782e-05
0.0321		-0.0094999		1.28747e-05
0.03205		-0.0094999		1.81199e-05
0.032		-0.0094999		3.05178e-05
0.03195		-0.0094999		5.96049e-05
0.0319		-0.0094999		0.000117302
0.03185		-0.0094999		0.00020218
0.0318		-0.0094999		0.000300409
0.03175		-0.0094999		0.0003953
0.0317		-0.0094999		0.000455381
0.03165		-0.0094999		0.0004797
0.0316		-0.0094999		0.000457289
0.03155		-0.0094999		0.000388624
0.0315		-0.0094999		0.000285627
0.03145		-0.0094999		0.000190259
0.0314		-0.0094999		0.000113011
0.03135		-0.0094999		6.34198e-05
0.0313		-0.0094999		3.14715e-05
0.03125		-0.0094999		1.76431e-05
0.0312		-0.0094999		1.52589e-05
0.03115		-0.0094999		8.58313e-06
0.0311		-0.0094999		7.15259e-06
0.03105		-0.0094999		7.15259e-06
0.031		-0.0094999		9.5368e-06
0.03095		-0.0094999		7.15259e-06
0.0309		-0.0094999		1.00136e-05
0.03085		-0.0094999		9.5368e-06
0.0308		-0.0094999		7.15259e-06
0.03075		-0.0094999		7.62945e-06
0.0307		-0.0094999		7.62945e-06
0.03065		-0.0094999		7.62945e-06
0.03065		-0.01		1.04905e-05
0.0307		-0.01		6.67575e-06
0.03075		-0.01		7.62945e-06
0.0308		-0.01		8.58313e-06
0.03085		-0.01		6.19891e-06
0.0309		-0.01		1.04905e-05
0.03095		-0.01		9.5368e-06
0.031		-0.01		6.19891e-06
0.03105		-0.01		1.09673e-05
0.0311		-0.01		8.58313e-06
0.03115		-0.01		6.19891e-06
0.0312		-0.01		1.1921e-05
0.03125		-0.01		1.95504e-05
0.0313		-0.01		4.86376e-05
0.03135		-0.01		9.203e-05
0.0314		-0.01		0.000173093
0.03145		-0.01		0.000267508
0.0315		-0.01		0.000370027
0.03155		-0.01		0.000448229
0.0316		-0.01		0.000485422
0.03165		-0.01		0.000484468
0.0317		-0.01		0.000441553
0.03175		-0.01		0.000364305
0.0318		-0.01		0.000257971
0.03185		-0.01		0.000157357
0.0319		-0.01		8.58312e-05
0.03195		-0.01		4.19619e-05
0.032		-0.01		1.90736e-05
0.03205		-0.01		2.00273e-05
0.0321		-0.01		1.00136e-05
0.03215		-0.01		9.5368e-06
0.0322		-0.01		1.1921e-05
0.03225		-0.01		5.72208e-06
0.0323		-0.01		9.5368e-06
0.03235		-0.01		9.05996e-06
0.0324		-0.01		5.24524e-06
0.03245		-0.01		1.14442e-05
0.0325		-0.01		5.24524e-06
0.03255		-0.01		9.05996e-06
0.0326		-0.01		8.58313e-06
0.03265		-0.01		8.58313e-06
0.0326		-0.0104999		6.67575e-06
0.03255		-0.0104999		1.04905e-05
0.0325		-0.0104999		9.5368e-06
0.03245		-0.0104999		3.81473e-06
0.0324		-0.0104999		8.58313e-06
0.03235		-0.0104999		8.58313e-06
0.0323		-0.0104999		9.05996e-06
0.03225		-0.0104999		1.43052e-05
0.0322		-0.0104999		6.19891e-06
0.03215		-0.0104999		1.09673e-05
0.0321		-0.0104999		1.09673e-05
0.03205		-0.0104999		2.00273e-05
0.032		-0.0104999		2.76567e-05
0.03195		-0.0104999		5.6267e-05
0.0319		-0.0104999		0.000109196
0.03185		-0.0104999		0.000198842
0.0318		-0.0104999		0.000308516
0.03175		-0.0104999		0.000420572
0.0317		-0.0104999		0.000503544
0.03165		-0.0104999		0.000552181
0.0316		-0.0104999		0.000559334
0.03155		-0.0104999		0.000507835
0.0315		-0.0104999		0.000402929
0.03145		-0.0104999		0.000272276
0.0314		-0.0104999		0.000164987
0.03135		-0.0104999		8.20165e-05
0.0313		-0.0104999		4.52998e-05
0.03125		-0.0104999		2.0981e-05
0.0312		-0.0104999		1.23978e-05
0.03115		-0.0104999		7.15259e-06
0.0311		-0.0104999		6.19891e-06
0.03105		-0.0104999		1.23978e-05
0.031		-0.0104999		2.86104e-06
0.03095		-0.0104999		7.15259e-06
0.0309		-0.0104999		8.58313e-06
0.03085		-0.0104999		7.62945e-06
0.0308		-0.0104999		5.24524e-06
0.03075		-0.0104999		9.05996e-06
0.0307		-0.0104999		6.67575e-06
0.03065		-0.0104999		6.19891e-06
0.0306		-0.0104999		9.5368e-06
0.0306		-0.0109999		6.67575e-06
0.03065		-0.0109999		8.58313e-06
0.0307		-0.0109999		6.67575e-06
0.03075		-0.0109999		8.58313e-06
0.0308		-0.0109999		6.19891e-06
0.03085		-0.0109999		7.15259e-06
0.0309		-0.0109999		7.62945e-06
0.03095		-0.0109999		6.67575e-06
0.031		-0.0109999		4.7684e-06
0.03105		-0.0109999		6.67575e-06
0.0311		-0.0109999		1.14442e-05
0.03115		-0.0109999		9.05996e-06
0.0312		-0.0109999		1.52589e-05
0.03125		-0.0109999		3.05178e-05
0.0313		-0.0109999		5.53133e-05
0.03135		-0.0109999		0.000108243
0.0314		-0.0109999		0.000187875
0.03145		-0.0109999		0.000278952
0.0315		-0.0109999		0.000383856
0.03155		-0.0109999		0.000462057
0.0316		-0.0109999		0.000500206
0.03165		-0.0109999		0.000482561
0.0317		-0.0109999		0.000427725
0.03175		-0.0109999		0.000346186
0.0318		-0.0109999		0.000246527
0.03185		-0.0109999		0.000153066
0.0319		-0.0109999		8.01091e-05
0.03195		-0.0109999		4.57766e-05
0.032		-0.0109999		2.62262e-05
0.03205		-0.0109999		1.38283e-05
0.0321		-0.0109999		1.43052e-05
0.03215		-0.0109999		8.10629e-06
0.0322		-0.0109999		1.09673e-05
0.03225		-0.0109999		7.62945e-06
0.0323		-0.0109999		7.15259e-06
0.03235		-0.0109999		1.04905e-05
0.0324		-0.0109999		8.10629e-06
0.03245		-0.0109999		8.10629e-06
0.0325		-0.0109999		9.5368e-06
0.03255		-0.0109999		9.5368e-06
0.0326		-0.0109999		7.62945e-06
0.0326		-0.0114999		9.5368e-06
0.03255		-0.0114999		8.10629e-06
0.0325		-0.0114999		6.67575e-06
0.03245		-0.0114999		5.72208e-06
0.0324		-0.0114999		7.62945e-06
0.03235		-0.0114999		1.28747e-05
0.0323		-0.0114999		5.24524e-06
0.03225		-0.0114999		5.72208e-06
0.0322		-0.0114999		9.5368e-06
0.03215		-0.0114999		8.10629e-06
0.0321		-0.0114999		1.28747e-05
0.03205		-0.0114999		1.62126e-05
0.032		-0.0114999		1.66894e-05
0.03195		-0.0114999		3.71935e-05
0.0319		-0.0114999		6.72345e-05
0.03185		-0.0114999		0.000124932
0.0318		-0.0114999		0.00019455
0.03175		-0.0114999		0.000276091
0.0317		-0.0114999		0.000345232
0.03165		-0.0114999		0.000393393
0.0316		-0.0114999		0.000411035
0.03155		-0.0114999		0.000383856
0.0315		-0.0114999		0.000320913
0.03145		-0.0114999		0.000242234
0.0314		-0.0114999		0.00016594
0.03135		-0.0114999		0.000104428
0.0313		-0.0114999		6.05586e-05
0.03125		-0.0114999		3.33788e-05
0.0312		-0.0114999		1.43052e-05
0.03115		-0.0114999		1.04905e-05
0.0311		-0.0114999		7.62945e-06
0.03105		-0.0114999		4.29156e-06
0.031		-0.0114999		7.62945e-06
0.03095		-0.0114999		6.19891e-06
0.0309		-0.0114999		4.29156e-06
0.03085		-0.0114999		4.76841e-07
0.0308		-0.0114999		6.67575e-06
0.03075		-0.0114999		5.24524e-06
0.0307		-0.0114999		6.67575e-06
0.03065		-0.0114999		5.24524e-06
0.0306		-0.0114999		6.19891e-06
0.0306		-0.0119999		1.14442e-05
0.03065		-0.0119999		6.19891e-06
0.0307		-0.0119999		5.24524e-06
0.03075		-0.0119999		7.62945e-06
0.0308		-0.0119999		6.19891e-06
0.03085		-0.0119999		8.10629e-06
0.0309		-0.0119999		4.7684e-06
0.03095		-0.0119999		5.72208e-06
0.031		-0.0119999		7.62945e-06
0.03105		-0.0119999		9.5368e-06
0.0311		-0.0119999		9.5368e-06
0.03115		-0.0119999		1.38283e-05
0.0312		-0.0119999		1.95504e-05
0.03125		-0.0119999		5.00681e-05
0.0313		-0.0119999		0.000107289
0.03135		-0.0119999		0.00020361
0.0314		-0.0119999		0.000323774
0.03145		-0.0119999		0.000450613
0.0315		-0.0119999		0.000555519
0.03155		-0.0119999		0.000618462
0.0316		-0.0119999		0.000634197
0.03165		-0.0119999		0.000604156
0.0317		-0.0119999		0.000523094
0.03175		-0.0119999		0.000399115
0.0318		-0.0119999		0.000263216
0.03185		-0.0119999		0.000152112
0.0319		-0.0119999		8.10628e-05
0.03195		-0.0119999		3.91009e-05
0.032		-0.0119999		2.14578e-05
0.03205		-0.0119999		1.76431e-05
0.0321		-0.0119999		1.14442e-05
0.03215		-0.0119999		7.62945e-06
0.0322		-0.0119999		8.10629e-06
0.03225		-0.0119999		9.5368e-06
0.0323		-0.0119999		1.14442e-05
0.03235		-0.0119999		8.10629e-06
0.0324		-0.0119999		1.1921e-05
0.03245		-0.0119999		5.24524e-06
0.0325		-0.0119999		7.62945e-06
0.03255		-0.0119999		7.15259e-06
0.0326		-0.0119999		6.19891e-06
0.0326		-0.0124999		5.72208e-06
0.03255		-0.0124999		6.67575e-06
0.0325		-0.0124999		1.1921e-05
0.03245		-0.0124999		9.5368e-06
0.0324		-0.0124999		7.62945e-06
0.03235		-0.0124999		7.62945e-06
0.0323		-0.0124999		8.10629e-06
0.03225		-0.0124999		6.67575e-06
0.0322		-0.0124999		6.67575e-06
0.03215		-0.0124999		9.5368e-06
0.0321		-0.0124999		9.5368e-06
0.03205		-0.0124999		1.09673e-05
0.032		-0.0124999		1.43052e-05
0.03195		-0.0124999		2.57493e-05
0.0319		-0.0124999		4.62534e-05
0.03185		-0.0124999		9.05995e-05
0.0318		-0.0124999		0.000163079
0.03175		-0.0124999		0.000252726
0.0317		-0.0124999		0.000344278
0.03165		-0.0124999		0.000426294
0.0316		-0.0124999		0.000470163
0.03155		-0.0124999		0.000475885
0.0315		-0.0124999		0.000433924
0.03145		-0.0124999		0.000362398
0.0314		-0.0124999		0.000268938
0.03135		-0.0124999		0.000168801
0.0313		-0.0124999		9.96594e-05
0.03125		-0.0124999		5.00681e-05
0.0312		-0.0124999		2.52725e-05
0.03115		-0.0124999		1.23978e-05
0.0311		-0.0124999		7.62945e-06
0.03105		-0.0124999		6.19891e-06
0.031		-0.0124999		7.15259e-06
0.03095		-0.0124999		7.62945e-06
0.0309		-0.0124999		8.10629e-06
0.03085		-0.0124999		7.62945e-06
0.0308		-0.0124999		1.90736e-06
0.03075		-0.0124999		4.7684e-06
0.0307		-0.0124999		1.04905e-05
0.03065		-0.0124999		8.58313e-06
0.0306		-0.0124999		9.5368e-06
0.03055		-0.0129999		7.15259e-06
0.0306		-0.0129999		6.19891e-06
0.03065		-0.0129999		4.7684e-06
0.0307		-0.0129999		6.19891e-06
0.03075		-0.0129999		5.72208e-06
0.0308		-0.0129999		5.72208e-06
0.03085		-0.0129999		4.29156e-06
0.0309		-0.0129999		2.86104e-06
0.03095		-0.0129999		9.05996e-06
0.031		-0.0129999		3.81473e-06
0.03105		-0.0129999		2.86104e-06
0.0311		-0.0129999		8.58313e-06
0.03115		-0.0129999		1.09673e-05
0.0312		-0.0129999		2.19346e-05
0.03125		-0.0129999		4.29156e-05
0.0313		-0.0129999		8.24933e-05
0.03135		-0.0129999		0.000139237
0.0314		-0.0129999		0.000205518
0.03145		-0.0129999		0.000269415
0.0315		-0.0129999		0.000314238
0.03155		-0.0129999		0.00033045
0.0316		-0.0129999		0.000313761
0.03165		-0.0129999		0.000274183
0.0317		-0.0129999		0.000207902
0.03175		-0.0129999		0.000132562
0.0318		-0.0129999		7.96323e-05
0.03185		-0.0129999		4.05314e-05
0.0319		-0.0129999		2.19346e-05
0.03195		-0.0129999		1.57357e-05
0.032		-0.0129999		1.09673e-05
0.03205		-0.0129999		6.67575e-06
0.0321		-0.0129999		9.05996e-06
0.03215		-0.0129999		6.19891e-06
0.0322		-0.0129999		7.15259e-06
0.03225		-0.0129999		6.19891e-06
0.0323		-0.0129999		7.62945e-06
0.03235		-0.0129999		2.86104e-06
0.0324		-0.0129999		6.19891e-06
0.03245		-0.0129999		7.15259e-06
0.0325		-0.0129999		8.10629e-06
0.03255		-0.0129999		8.58313e-06
0.03255		-0.0135		6.19891e-06
0.0325		-0.0135		8.58313e-06
0.03245		-0.0135		5.72208e-06
0.0324		-0.0135		3.81473e-06
0.03235		-0.0135		5.72208e-06
0.0323		-0.0135		6.19891e-06
0.03225		-0.0135		5.24524e-06
0.0322		-0.0135		5.24524e-06
0.03215		-0.0135		8.58313e-06
0.0321		-0.0135		1.00136e-05
0.03205		-0.0135		5.72208e-06
0.032		-0.0135		1.00136e-05
0.03195		-0.0135		1.81199e-05
0.0319		-0.0135		3.62399e-05
0.03185		-0.0135		6.72345e-05
0.0318		-0.0135		0.000127316
0.03175		-0.0135		0.000209809
0.0317		-0.0135		0.000301363
0.03165		-0.0135		0.000389578
0.0316		-0.0135		0.000456812
0.03155		-0.0135		0.000483515
0.0315		-0.0135		0.000463011
0.03145		-0.0135		0.0003953
0.0314		-0.0135		0.000309946
0.03135		-0.0135		0.000215054
0.0313		-0.0135		0.000130654
0.03125		-0.0135		7.34334e-05
0.0312		-0.0135		3.91009e-05
0.03115		-0.0135		1.71663e-05
0.0311		-0.0135		9.5368e-06
0.03105		-0.0135		9.5368e-06
0.031		-0.0135		8.58313e-06
0.03095		-0.0135		8.58313e-06
0.0309		-0.0135		1.90736e-06
0.03085		-0.0135		6.19891e-06
0.0308		-0.0135		6.67575e-06
0.03075		-0.0135		6.19891e-06
0.0307		-0.0135		2.86104e-06
0.03065		-0.0135		6.19891e-06
0.0306		-0.0135		2.86104e-06
0.03055		-0.0135		6.19891e-06
0.03055		-0.0139999		7.15259e-06
0.0306		-0.0139999		4.7684e-06
0.03065		-0.0139999		6.67575e-06
0.0307		-0.0139999		4.29156e-06
0.03075		-0.0139999		6.19891e-06
0.0308		-0.0139999		1.1921e-05
0.03085		-0.0139999		1.66894e-05
0.0309		-0.0139999		1.62126e-05
0.03095		-0.0139999		1.95504e-05
0.031		-0.0139999		2.33651e-05
0.03105		-0.0139999		2.62262e-05
0.0311		-0.0139999		2.9564e-05
0.03115		-0.0139999		3.71935e-05
0.0312		-0.0139999		5.3406e-05
0.03125		-0.0139999		8.72617e-05
0.0313		-0.0139999		0.000132562
0.03135		-0.0139999		0.000196935
0.0314		-0.0139999		0.000278475
0.03145		-0.0139999		0.000359537
0.0315		-0.0139999		0.000412466
0.03155		-0.0139999		0.000428202
0.0316		-0.0139999		0.000408174
0.03165		-0.0139999		0.000347139
0.0317		-0.0139999		0.000279428
0.03175		-0.0139999		0.00018263
0.0318		-0.0139999		0.00011015
0.03185		-0.0139999		5.48365e-05
0.0319		-0.0139999		2.57493e-05
0.03195		-0.0139999		1.52589e-05
0.032		-0.0139999		9.5368e-06
0.03205		-0.0139999		9.5368e-06
0.0321		-0.0139999		7.62945e-06
0.03215		-0.0139999		8.58313e-06
0.0322		-0.0139999		9.05996e-06
0.03225		-0.0139999		7.62945e-06
0.0323		-0.0139999		6.19891e-06
0.03235		-0.0139999		4.29156e-06
0.0324		-0.0139999		6.19891e-06
0.03245		-0.0139999		9.5368e-06
0.0325		-0.0139999		7.62945e-06
0.03255		-0.0139999		5.24524e-06
0.03255		-0.0144999		6.19891e-06
0.0325		-0.0144999		4.29156e-06
0.03245		-0.0144999		5.24524e-06
0.0324		-0.0144999		1.04905e-05
0.03235		-0.0144999		7.62945e-06
0.0323		-0.0144999		8.10629e-06
0.03225		-0.0144999		9.05996e-06
0.0322		-0.0144999		6.19891e-06
0.03215		-0.0144999		1.09673e-05
0.0321		-0.0144999		7.15259e-06
0.03205		-0.0144999		7.62945e-06
0.032		-0.0144999		1.1921e-05
0.03195		-0.0144999		1.09673e-05
0.0319		-0.0144999		2.05041e-05
0.03185		-0.0144999		4.95913e-05
0.0318		-0.0144999		9.67984e-05
0.03175		-0.0144999		0.000176908
0.0317		-0.0144999		0.000283243
0.03165		-0.0144999		0.000386717
0.0316		-0.0144999		0.000454905
0.03155		-0.0144999		0.0004921
0.0315		-0.0144999		0.000489715
0.03145		-0.0144999		0.000439646
0.0314		-0.0144999		0.00035763
0.03135		-0.0144999		0.000260355
0.0313		-0.0144999		0.000178338
0.03125		-0.0144999		0.00011158
0.0312		-0.0144999		7.05724e-05
0.03115		-0.0144999		5.0545e-05
0.0311		-0.0144999		3.48093e-05
0.03105		-0.0144999		3.67167e-05
0.031		-0.0144999		3.38557e-05
0.03095		-0.0144999		2.28883e-05
0.0309		-0.0144999		1.76431e-05
0.03085		-0.0144999		1.14442e-05
0.0308		-0.0144999		3.81473e-06
0.03075		-0.0144999		8.58313e-06
0.0307		-0.0144999		3.33787e-06
0.03065		-0.0144999		7.62945e-06
0.0306		-0.0144999		4.29156e-06
0.03055		-0.0144999		3.33787e-06
0.03055		-0.0149999		4.7684e-06
0.0306		-0.0149999		6.19891e-06
0.03065		-0.0149999		5.72208e-06
0.0307		-0.0149999		8.58313e-06
0.03075		-0.0149999		8.58313e-06
0.0308		-0.0149999		7.62945e-06
0.03085		-0.0149999		1.38283e-05
0.0309		-0.0149999		1.62126e-05
0.03095		-0.0149999		2.19346e-05
0.031		-0.0149999		2.33651e-05
0.03105		-0.0149999		3.2902e-05
0.0311		-0.0149999		5.10218e-05
0.03115		-0.0149999		8.39238e-05
0.0312		-0.0149999		0.000138284
0.03125		-0.0149999		0.000178338
0.0313		-0.0149999		0.000200273
0.03135		-0.0149999		0.000234605
0.0314		-0.0149999		0.000293734
0.03145		-0.0149999		0.00032902
0.0315		-0.0149999		0.000324251
0.03155		-0.0149999		0.000284674
0.0316		-0.0149999		0.000231267
0.03165		-0.0149999		0.000176908
0.0317		-0.0149999		0.000131608
0.03175		-0.0149999		9.48911e-05
0.0318		-0.0149999		5.43597e-05
0.03185		-0.0149999		2.6703e-05
0.0319		-0.0149999		1.43052e-05
0.03195		-0.0149999		8.58313e-06
0.032		-0.0149999		9.5368e-06
0.03205		-0.0149999		7.62945e-06
0.0321		-0.0149999		8.10629e-06
0.03215		-0.0149999		4.7684e-06
0.0322		-0.0149999		4.29156e-06
0.03225		-0.0149999		8.10629e-06
0.0323		-0.0149999		8.10629e-06
0.03235		-0.0149999		9.5368e-06
0.0324		-0.0149999		6.19891e-06
0.03245		-0.0149999		5.24524e-06
0.0325		-0.0149999		5.72208e-06
0.03255		-0.0149999		3.81473e-06
0.03245		-0.0155		8.58313e-06
0.0324		-0.0155		7.15259e-06
0.03235		-0.0155		3.33787e-06
0.0323		-0.0155		6.19891e-06
0.03225		-0.0155		2.86104e-06
0.0322		-0.0155		6.19891e-06
0.03215		-0.0155		4.29156e-06
0.0321		-0.0155		7.62945e-06
0.03205		-0.0155		4.29156e-06
0.032		-0.0155		6.19891e-06
0.03195		-0.0155		8.58313e-06
0.0319		-0.0155		1.09673e-05
0.03185		-0.0155		1.90736e-05
0.0318		-0.0155		4.19619e-05
0.03175		-0.0155		7.10492e-05
0.0317		-0.0155		0.000132562
0.03165		-0.0155		0.000198365
0.0316		-0.0155		0.000251772
0.03155		-0.0155		0.000297548
0.0315		-0.0155		0.000324251
0.03145		-0.0155		0.000323774
0.0314		-0.0155		0.000291349
0.03135		-0.0155		0.000236035
0.0313		-0.0155		0.000175477
0.03125		-0.0155		0.00011921
0.0312		-0.0155		8.3447e-05
0.03115		-0.0155		5.48365e-05
0.0311		-0.0155		4.14851e-05
0.03105		-0.0155		3.43325e-05
0.031		-0.0155		3.09946e-05
0.03095		-0.0155		3.2902e-05
0.0309		-0.0155		3.00409e-05
0.03085		-0.0155		3.24252e-05
0.0308		-0.0155		3.24252e-05
0.03075		-0.0155		3.14715e-05
0.0307		-0.0155		2.52725e-05
0.03065		-0.0155		2.24115e-05
0.0306		-0.0155		1.95504e-05
0.03055		-0.0155		1.28747e-05
0.0305		-0.0155		1.38283e-05
0.03045		-0.0155		1.09673e-05
0.0305		-0.0159999		1.52589e-05
0.03055		-0.0159999		1.85968e-05
0.0306		-0.0159999		1.66894e-05
0.03065		-0.0159999		2.28883e-05
0.0307		-0.0159999		2.62262e-05
0.03075		-0.0159999		3.19483e-05
0.0308		-0.0159999		3.67167e-05
0.03085		-0.0159999		3.19483e-05
0.0309		-0.0159999		2.86103e-05
0.03095		-0.0159999		3.09946e-05
0.031		-0.0159999		2.71798e-05
0.03105		-0.0159999		2.62262e-05
0.0311		-0.0159999		3.38557e-05
0.03115		-0.0159999		4.38693e-05
0.0312		-0.0159999		7.05724e-05
0.03125		-0.0159999		0.000113965
0.0313		-0.0159999		0.000175477
0.03135		-0.0159999		0.000233651
0.0314		-0.0159999		0.000282766
0.03145		-0.0159999		0.00030184
0.0315		-0.0159999		0.000299932
0.03155		-0.0159999		0.000266554
0.0316		-0.0159999		0.00022173
0.03165		-0.0159999		0.000161649
0.0317		-0.0159999		0.000109196
0.03175		-0.0159999		6.19893e-05
0.0318		-0.0159999		3.09946e-05
0.03185		-0.0159999		1.57357e-05
0.0319		-0.0159999		9.05996e-06
0.03195		-0.0159999		8.58313e-06
0.032		-0.0159999		6.19891e-06
0.03205		-0.0159999		5.24524e-06
0.0321		-0.0159999		7.62945e-06
0.03215		-0.0159999		4.7684e-06
0.0322		-0.0159999		6.19891e-06
0.03225		-0.0159999		3.33787e-06
0.0323		-0.0159999		9.5368e-06
0.03235		-0.0159999		4.7684e-06
0.0324		-0.0159999		4.29156e-06
0.03245		-0.0159999		3.33787e-06
0.0325		-0.0159999		6.67575e-06
0.03245		-0.0164999		6.19891e-06
0.0324		-0.0164999		7.62945e-06
0.03235		-0.0164999		2.86104e-06
0.0323		-0.0164999		5.72208e-06
0.03225		-0.0164999		5.72208e-06
0.0322		-0.0164999		5.24524e-06
0.03215		-0.0164999		5.72208e-06
0.0321		-0.0164999		4.29156e-06
0.03205		-0.0164999		8.10629e-06
0.032		-0.0164999		7.62945e-06
0.03195		-0.0164999		9.05996e-06
0.0319		-0.0164999		9.5368e-06
0.03185		-0.0164999		7.15259e-06
0.0318		-0.0164999		1.81199e-05
0.03175		-0.0164999		4.19619e-05
0.0317		-0.0164999		7.00955e-05
0.03165		-0.0164999		0.000121594
0.0316		-0.0164999		0.000179292
0.03155		-0.0164999		0.000236512
0.0315		-0.0164999		0.000283243
0.03145		-0.0164999		0.000300886
0.0314		-0.0164999		0.000287535
0.03135		-0.0164999		0.000257494
0.0313		-0.0164999		0.000206948
0.03125		-0.0164999		0.000143052
0.0312		-0.0164999		9.05995e-05
0.03115		-0.0164999		4.86376e-05
0.0311		-0.0164999		2.24115e-05
0.03105		-0.0164999		1.04905e-05
0.031		-0.0164999		8.58313e-06
0.03095		-0.0164999		8.10629e-06
0.0309		-0.0164999		8.58313e-06
0.03085		-0.0164999		9.05996e-06
0.0308		-0.0164999		6.19891e-06
0.03075		-0.0164999		5.72208e-06
0.0307		-0.0164999		6.19891e-06
0.03065		-0.0164999		9.5368e-06
0.0306		-0.0164999		6.67575e-06
0.03055		-0.0164999		6.19891e-06
0.0305		-0.0164999		5.72208e-06
0.03045		-0.0164999		8.58313e-06
0.03045		-0.0169999		3.33787e-06
0.0305		-0.0169999		4.29156e-06
0.03055		-0.0169999		-1.43052e-06
0.0306		-0.0169999		3.33787e-06
0.03065		-0.0169999		2.86104e-06
0.0307		-0.0169999		4.29156e-06
0.03075		-0.0169999		3.33787e-06
0.0308		-0.0169999		4.7684e-06
0.03085		-0.0169999		4.29156e-06
0.0309		-0.0169999		6.19891e-06
0.03095		-0.0169999		4.29156e-06
0.031		-0.0169999		5.24524e-06
0.03105		-0.0169999		1.43052e-05
0.0311		-0.0169999		3.09946e-05
0.03115		-0.0169999		6.2943e-05
0.0312		-0.0169999		0.000108243
0.03125		-0.0169999		0.000170232
0.0313		-0.0169999		0.000233174
0.03135		-0.0169999		0.000286581
0.0314		-0.0169999		0.000317575
0.03145		-0.0169999		0.000322344
0.0315		-0.0169999		0.000289919
0.03155		-0.0169999		0.000239373
0.0316		-0.0169999		0.000172139
0.03165		-0.0169999		0.000114918
0.0317		-0.0169999		7.10492e-05
0.03175		-0.0169999		3.76704e-05
0.0318		-0.0169999		2.28883e-05
0.03185		-0.0169999		1.38283e-05
0.0319		-0.0169999		9.05996e-06
0.03195		-0.0169999		9.05996e-06
0.032		-0.0169999		5.72208e-06
0.03205		-0.0169999		7.62945e-06
0.0321		-0.0169999		8.58313e-06
0.03215		-0.0169999		8.58313e-06
0.0322		-0.0169999		8.58313e-06
0.03225		-0.0169999		9.5368e-06
0.0323		-0.0169999		7.62945e-06
0.03235		-0.0169999		6.67575e-06
0.0324		-0.0169999		5.24524e-06
0.03245		-0.0169999		5.24524e-06
0.03245		-0.0174999		4.29156e-06
0.0324		-0.0174999		6.19891e-06
0.03235		-0.0174999		6.19891e-06
0.0323		-0.0174999		4.29156e-06
0.03225		-0.0174999		5.24524e-06
0.0322		-0.0174999		9.5368e-06
0.03215		-0.0174999		6.19891e-06
0.0321		-0.0174999		6.19891e-06
0.03205		-0.0174999		5.24524e-06
0.032		-0.0174999		8.58313e-06
0.03195		-0.0174999		1.28747e-05
0.0319		-0.0174999		1.09673e-05
0.03185		-0.0174999		2.14578e-05
0.0318		-0.0174999		3.14715e-05
0.03175		-0.0174999		5.0545e-05
0.0317		-0.0174999		7.82018e-05
0.03165		-0.0174999		0.000133038
0.0316		-0.0174999		0.00020218
0.03155		-0.0174999		0.000278475
0.0315		-0.0174999		0.000351431
0.03145		-0.0174999		0.000401022
0.0314		-0.0174999		0.000403406
0.03135		-0.0174999		0.000376703
0.0313		-0.0174999		0.000316622
0.03125		-0.0174999		0.000243665
0.0312		-0.0174999		0.000171185
0.03115		-0.0174999		0.000101567
0.0311		-0.0174999		4.81608e-05
0.03105		-0.0174999		2.43188e-05
0.031		-0.0174999		8.58313e-06
0.03095		-0.0174999		4.29156e-06
0.0309		-0.0174999		2.86104e-06
0.03085		-0.0174999		4.29156e-06
0.0308		-0.0174999		6.67575e-06
0.03075		-0.0174999		4.7684e-06
0.0307		-0.0174999		2.86104e-06
0.03065		-0.0174999		1.90736e-06
0.0306		-0.0174999		2.86104e-06
0.03055		-0.0174999		3.81473e-06
0.0305		-0.0174999		6.19891e-06
0.03045		-0.0174999		4.29156e-06
0.0304		-0.0179999		5.24524e-06
0.03045		-0.0179999		3.33787e-06
0.0305		-0.0179999		6.19891e-06
0.03055		-0.0179999		7.62945e-06
0.0306		-0.0179999		9.53682e-07
0.03065		-0.0179999		2.86104e-06
0.0307		-0.0179999		1.90736e-06
0.03075		-0.0179999		1.90736e-06
0.0308		-0.0179999		1.90736e-06
0.03085		-0.0179999		6.67575e-06
0.0309		-0.0179999		0.0
0.03095		-0.0179999		2.86104e-06
0.031		-0.0179999		5.72208e-06
0.03105		-0.0179999		1.09673e-05
0.0311		-0.0179999		1.76431e-05
0.03115		-0.0179999		3.95777e-05
0.0312		-0.0179999		7.1526e-05
0.03125		-0.0179999		0.000108243
0.0313		-0.0179999		0.000150205
0.03135		-0.0179999		0.000174523
0.0314		-0.0179999		0.000189305
0.03145		-0.0179999		0.00018263
0.0315		-0.0179999		0.000160218
0.03155		-0.0179999		0.000124932
0.0316		-0.0179999		8.58312e-05
0.03165		-0.0179999		5.57902e-05
0.0317		-0.0179999		3.38557e-05
0.03175		-0.0179999		2.05041e-05
0.0318		-0.0179999		1.52589e-05
0.03185		-0.0179999		9.5368e-06
0.0319		-0.0179999		2.86104e-06
0.03195		-0.0179999		4.7684e-06
0.032		-0.0179999		8.10629e-06
0.03205		-0.0179999		6.19891e-06
0.0321		-0.0179999		2.86104e-06
0.03215		-0.0179999		4.29156e-06
0.0322		-0.0179999		6.67575e-06
0.03225		-0.0179999		5.72208e-06
0.0323		-0.0179999		5.24524e-06
0.03235		-0.0179999		7.15259e-06
0.0324		-0.0179999		2.3842e-06
0.0324		-0.0184999		3.33787e-06
0.03235		-0.0184999		5.72208e-06
0.0323		-0.0184999		5.24524e-06
0.03225		-0.0184999		4.7684e-06
0.0322		-0.0184999		8.58313e-06
0.03215		-0.0184999		8.58313e-06
0.0321		-0.0184999		7.62945e-06
0.03205		-0.0184999		5.24524e-06
0.032		-0.0184999		8.10629e-06
0.03195		-0.0184999		1.09673e-05
0.0319		-0.0184999		1.76431e-05
0.03185		-0.0184999		2.9564e-05
0.0318		-0.0184999		3.95777e-05
0.03175		-0.0184999		5.38828e-05
0.0317		-0.0184999		7.29566e-05
0.03165		-0.0184999		0.000100136
0.0316		-0.0184999		0.00012064
0.03155		-0.0184999		0.00015688
0.0315		-0.0184999		0.00018406
0.03145		-0.0184999		0.000202657
0.0314		-0.0184999		0.000210286
0.03135		-0.0184999		0.000203134
0.0313		-0.0184999		0.000183583
0.03125		-0.0184999		0.000151158
0.0312		-0.0184999		0.000110627
0.03115		-0.0184999		6.62808e-05
0.0311		-0.0184999		3.19483e-05
0.03105		-0.0184999		1.90736e-05
0.031		-0.0184999		8.58313e-06
0.03095		-0.0184999		2.86104e-06
0.0309		-0.0184999		2.86104e-06
0.03085		-0.0184999		-1.43052e-06
0.0308		-0.0184999		7.62945e-06
0.03075		-0.0184999		5.24524e-06
0.0307		-0.0184999		9.53682e-07
0.03065		-0.0184999		0.0
0.0306		-0.0184999		4.29156e-06
0.03055		-0.0184999		1.43052e-06
0.0305		-0.0184999		9.53682e-07
0.03045		-0.0184999		1.90736e-06
0.0304		-0.0184999		9.53682e-07
0.0304		-0.0189999		2.86104e-06
0.03045		-0.0189999		1.90736e-06
0.0305		-0.0189999		6.67575e-06
0.03055		-0.0189999		3.81473e-06
0.0306		-0.0189999		7.62945e-06
0.03065		-0.0189999		1.43052e-06
0.0307		-0.0189999		3.81473e-06
0.03075		-0.0189999		5.72208e-06
0.0308		-0.0189999		3.81473e-06
0.03085		-0.0189999		4.76841e-07
0.0309		-0.0189999		6.19891e-06
0.03095		-0.0189999		1.09673e-05
0.031		-0.0189999		1.52589e-05
0.03105		-0.0189999		2.6703e-05
0.0311		-0.0189999		4.76839e-05
0.03115		-0.0189999		8.72617e-05
0.0312		-0.0189999		0.000142575
0.03125		-0.0189999		0.000190259
0.0313		-0.0189999		0.000234605
0.03135		-0.0189999		0.000253202
0.0314		-0.0189999		0.000247957
0.03145		-0.0189999		0.0002203
0.0315		-0.0189999		0.000190259
0.03155		-0.0189999		0.000139237
0.0316		-0.0189999		9.10764e-05
0.03165		-0.0189999		5.72207e-05
0.0317		-0.0189999		2.9564e-05
0.03175		-0.0189999		1.76431e-05
0.0318		-0.0189999		1.23978e-05
0.03185		-0.0189999		8.58313e-06
0.0319		-0.0189999		9.5368e-06
0.03195		-0.0189999		7.62945e-06
0.032		-0.0189999		4.7684e-06
0.03205		-0.0189999		7.62945e-06
0.0321		-0.0189999		1.90736e-06
0.03215		-0.0189999		3.33787e-06
0.0322		-0.0189999		3.33787e-06
0.03225		-0.0189999		2.86104e-06
0.0323		-0.0189999		4.29156e-06
0.03235		-0.0189999		6.67575e-06
0.0324		-0.0189999		5.72208e-06
0.03235		-0.0194999		3.33787e-06
0.0323		-0.0194999		7.15259e-06
0.03225		-0.0194999		3.33787e-06
0.0322		-0.0194999		4.29156e-06
0.03215		-0.0194999		5.72208e-06
0.0321		-0.0194999		6.19891e-06
0.03205		-0.0194999		4.7684e-06
0.032		-0.0194999		6.19891e-06
0.03195		-0.0194999		8.10629e-06
0.0319		-0.0194999		6.19891e-06
0.03185		-0.0194999		8.10629e-06
0.0318		-0.0194999		1.28747e-05
0.03175		-0.0194999		1.76431e-05
0.0317		-0.0194999		3.48093e-05
0.03165		-0.0194999		6.05586e-05
0.0316		-0.0194999		0.000109673
0.03155		-0.0194999		0.000174523
0.0315		-0.0194999		0.000242234
0.03145		-0.0194999		0.000303747
0.0314		-0.0194999		0.000347616
0.03135		-0.0194999		0.000362875
0.0313		-0.0194999		0.000342371
0.03125		-0.0194999		0.000299932
0.0312		-0.0194999		0.000229836
0.03115		-0.0194999		0.00015688
0.0311		-0.0194999		9.82289e-05
0.03105		-0.0194999		5.29292e-05
0.031		-0.0194999		2.76567e-05
0.03095		-0.0194999		1.1921e-05
0.0309		-0.0194999		5.72208e-06
0.03085		-0.0194999		5.72208e-06
0.0308		-0.0194999		5.24524e-06
0.03075		-0.0194999		4.29156e-06
0.0307		-0.0194999		5.24524e-06
0.03065		-0.0194999		4.7684e-06
0.0306		-0.0194999		3.33787e-06
0.03055		-0.0194999		2.86104e-06
0.0305		-0.0194999		5.72208e-06
0.03045		-0.0194999		9.53682e-07
0.0304		-0.0194999		1.90736e-06
0.03035		-0.0194999		2.86104e-06
0.03035		-0.0199999		4.29156e-06
0.0304		-0.0199999		4.29156e-06
0.03045		-0.0199999		1.90736e-06
0.0305		-0.0199999		2.86104e-06
0.03055		-0.0199999		6.19891e-06
0.0306		-0.0199999		2.86104e-06
0.03065		-0.0199999		6.67575e-06
0.0307		-0.0199999		5.24524e-06
0.03075		-0.0199999		7.15259e-06
0.0308		-0.0199999		4.29156e-06
0.03085		-0.0199999		9.05996e-06
0.0309		-0.0199999		1.09673e-05
0.03095		-0.0199999		1.28747e-05
0.031		-0.0199999		2.9564e-05
0.03105		-0.0199999		5.19755e-05
0.0311		-0.0199999		9.39374e-05
0.03115		-0.0199999		0.000150205
0.0312		-0.0199999		0.000215531
0.03125		-0.0199999		0.000266554
0.0313		-0.0199999		0.000299932
0.03135		-0.0199999		0.000308039
0.0314		-0.0199999		0.000288965
0.03145		-0.0199999		0.000252249
0.0315		-0.0199999		0.00020361
0.03155		-0.0199999		0.000151158
0.0316		-0.0199999		9.96594e-05
0.03165		-0.0199999		6.38966e-05
0.0317		-0.0199999		3.2902e-05
0.03175		-0.0199999		2.14578e-05
0.0318		-0.0199999		1.52589e-05
0.03185		-0.0199999		8.58313e-06
0.0319		-0.0199999		1.14442e-05
0.03195		-0.0199999		6.67575e-06
0.032		-0.0199999		2.3842e-06
0.03205		-0.0199999		6.19891e-06
0.0321		-0.0199999		5.72208e-06
0.03215		-0.0199999		7.15259e-06
0.0322		-0.0199999		6.19891e-06
0.03225		-0.0199999		5.72208e-06
0.0323		-0.0199999		5.72208e-06
0.03235		-0.0199999		4.29156e-06
