Your comment line - do NOT delete this line
X-pos [m], Y-pos [m], Voltage [V]
-0.001	0.004	0.00152
-0.0009	0.004	0.00158
-0.0008	0.004	0.00152
-0.0007	0.004	0.00157
-0.0006	0.004	0.00149
-0.0005	0.004	0.00143
-0.0004	0.004	0.00147
-0.0003	0.004	0.00142
-0.0002	0.004	0.00126
-0.0001	0.004	0.00124
0.0	0.004	0.00122
0.0001	0.004	0.00118
0.0002	0.004	0.00117
0.0003	0.004	0.00126
0.0004	0.004	0.00128
0.0005	0.004	0.0014
0.0006	0.004	0.00155
0.0007	0.004	1.86e-09
0.0008	0.004	0.00256
0.0009	0.004	2.54e-09
0.001	0.004	0.00276
0.0011	0.004	0.00333
0.0012	0.004	3.72e-09
0.0013	0.004	0.0043
0.0014	0.004	0.00447
0.0015	0.004	3.93e-09
0.0016	0.004	0.0034
0.0017	0.004	3.09e-09
0.0018	0.004	0.00268
0.0019	0.004	0.00216
0.002	0.004	0.00175
0.002	0.0039001	0.00188
0.0019	0.0039001	0.00232
0.0018	0.0039001	0.00274
0.0017	0.0039001	0.00334
0.0016	0.0039001	3.8e-09
0.0015	0.0039001	0.00442
0.0014	0.0039001	0.00494
0.0013	0.0039001	5.21e-09
0.0012	0.0039001	0.00482
0.0011	0.0039001	0.00452
0.001	0.0039001	3.6e-09
0.0009	0.0039001	0.0026
0.0008	0.0039001	0.00237
0.0007	0.0039001	0.00182
0.0006	0.0039001	0.0014
0.0005	0.0039001	1.31e-09
0.0004	0.0039001	0.00126
0.0003	0.0039001	0.00126
0.0002	0.0039001	0.00121
0.0001	0.0039001	0.00119
0.0	0.0039001	0.00131
-0.0001	0.0039001	0.00132
-0.0002	0.0039001	1.31e-09
-0.0003	0.0039001	0.00137
-0.0004	0.0039001	1.64e-09
-0.0005	0.0039001	0.00152
-0.0006	0.0039001	0.0016
-0.0007	0.0039001	0.00163
-0.0008	0.0039001	1.64e-09
-0.0009	0.0039001	0.00161
-0.001	0.0039001	0.0016
-0.001	0.0038001	0.00171
-0.0009	0.0038001	0.00169
-0.0008	0.0038001	0.00178
-0.0007	0.0038001	0.0017
-0.0006	0.0038001	0.00171
-0.0005	0.0038001	1.73e-09
-0.0004	0.0038001	0.00167
-0.0003	0.0038001	0.00145
-0.0002	0.0038001	0.00144
-0.0001	0.0038001	0.00148
0.0	0.0038001	0.00131
0.0001	0.0038001	0.00125
0.0002	0.0038001	0.00132
0.0003	0.0038001	0.00148
0.0004	0.0038001	0.00135
0.0005	0.0038001	0.00132
0.0006	0.0038001	0.00138
0.0007	0.0038001	0.00171
0.0008	0.0038001	0.00191
0.0009	0.0038001	0.00223
0.001	0.0038001	0.00347
0.0011	0.0038001	4.44e-09
0.0012	0.0038001	0.00557
0.0013	0.0038001	0.00647
0.0014	0.0038001	0.00613
0.0015	0.0038001	0.00561
0.0016	0.0038001	0.00512
0.0017	0.0038001	0.00414
0.0018	0.0038001	0.00308
0.0019	0.0038001	0.00238
0.002	0.0038001	0.00189
0.002	0.0037001	0.00215
0.0019	0.0037001	0.00279
0.0018	0.0037001	3.8e-09
0.0017	0.0037001	0.00507
0.0016	0.0037001	0.00622
0.0015	0.0037001	0.00651
0.0014	0.0037001	0.00664
0.0013	0.0037001	6.7e-09
0.0012	0.0037001	0.00615
0.0011	0.0037001	0.00449
0.001	0.0037001	0.0036
0.0009	0.0037001	0.00255
0.0008	0.0037001	0.00232
0.0007	0.0037001	0.00256
0.0006	0.0037001	0.00204
0.0005	0.0037001	0.00187
0.0004	0.0037001	0.00192
0.0003	0.0037001	0.00194
0.0002	0.0037001	0.00183
0.0001	0.0037001	0.00145
0.0	0.0037001	0.00137
-0.0001	0.0037001	0.00147
-0.0002	0.0037001	0.00157
-0.0003	0.0037001	0.00157
-0.0004	0.0037001	0.00162
-0.0005	0.0037001	1.9e-09
-0.0006	0.0037001	0.00178
-0.0007	0.0037001	1.83e-09
-0.0008	0.0037001	1.84e-09
-0.0009	0.0037001	0.0018
-0.001	0.0037001	0.0018
-0.001	0.0036001	1.83e-09
-0.0009	0.0036001	1.88e-09
-0.0008	0.0036001	0.00184
-0.0007	0.0036001	1.87e-09
-0.0006	0.0036001	0.00189
-0.0005	0.0036001	0.00191
-0.0004	0.0036001	0.00176
-0.0003	0.0036001	0.00165
-0.0002	0.0036001	0.00164
-0.0001	0.0036001	1.41e-09
0.0	0.0036001	0.00154
0.0001	0.0036001	1.98e-09
0.0002	0.0036001	0.00276
0.0003	0.0036001	0.00286
0.0004	0.0036001	0.00332
0.0005	0.0036001	0.00353
0.0006	0.0036001	0.00461
0.0007	0.0036001	0.00489
0.0008	0.0036001	4.48e-09
0.0009	0.0036001	0.00557
0.001	0.0036001	6.57e-09
0.0011	0.0036001	7.06e-09
0.0012	0.0036001	7.97e-09
0.0013	0.0036001	0.00752
0.0014	0.0036001	0.00662
0.0015	0.0036001	0.00615
0.0016	0.0036001	0.00563
0.0017	0.0036001	0.00488
0.0018	0.0036001	0.00377
0.0019	0.0036001	0.0029
0.002	0.0036001	0.00231
0.002	0.0035001	0.00196
0.0019	0.0035001	0.00238
0.0018	0.0035001	0.00315
0.0017	0.0035001	0.00437
0.0016	0.0035001	0.00592
0.0015	0.0035001	0.00754
0.0014	0.0035001	0.00936
0.0013	0.0035001	0.01208
0.0012	0.0035001	0.01417
0.0011	0.0035001	1.443e-08
0.001	0.0035001	0.01391
0.0009	0.0035001	0.01299
0.0008	0.0035001	0.01081
0.0007	0.0035001	0.01011
0.0006	0.0035001	0.0096
0.0005	0.0035001	0.00756
0.0004	0.0035001	0.00633
0.0003	0.0035001	0.00511
0.0002	0.0035001	0.00387
0.0001	0.0035001	0.00291
0.0	0.0035001	0.00192
-0.0001	0.0035001	0.00148
-0.0002	0.0035001	0.00156
-0.0003	0.0035001	0.00173
-0.0004	0.0035001	0.00182
-0.0005	0.0035001	1.9e-09
-0.0006	0.0035001	0.00201
-0.0007	0.0035001	0.00185
-0.0008	0.0035001	0.00187
-0.0009	0.0035001	0.00191
-0.001	0.0035001	1.88e-09
-0.001	0.0034001	1.87e-09
-0.0009	0.0034001	0.00186
-0.0008	0.0034001	1.84e-09
-0.0007	0.0034001	0.00183
-0.0006	0.0034001	0.002
-0.0005	0.0034001	0.00193
-0.0004	0.0034001	0.00185
-0.0003	0.0034001	0.00177
-0.0002	0.0034001	0.00155
-0.0001	0.0034001	0.0017
0.0	0.0034001	0.00253
0.0001	0.0034001	0.00392
0.0002	0.0034001	5.31e-09
0.0003	0.0034001	0.00808
0.0004	0.0034001	0.01055
0.0005	0.0034001	0.01404
0.0006	0.0034001	0.01688
0.0007	0.0034001	0.01875
0.0008	0.0034001	0.02329
0.0009	0.0034001	0.02642
0.001	0.0034001	0.02646
0.0011	0.0034001	0.02652
0.0012	0.0034001	0.02365
0.0013	0.0034001	0.01971
0.0014	0.0034001	0.01542
0.0015	0.0034001	0.01153
0.0016	0.0034001	0.00834
0.0017	0.0034001	0.00548
0.0018	0.0034001	0.00368
0.0019	0.0034001	0.00252
0.002	0.0034001	0.00176
0.002	0.0033001	0.00251
0.0019	0.0033001	0.00366
0.0018	0.0033001	5.16e-09
0.0017	0.0033001	0.00761
0.0016	0.0033001	0.01188
0.0015	0.0033001	0.0179
0.0014	0.0033001	0.02332
0.0013	0.0033001	0.02971
0.0012	0.0033001	3.735e-08
0.0011	0.0033001	0.04334
0.001	0.0033001	0.0455
0.0009	0.0033001	0.0435
0.0008	0.0033001	0.03868
0.0007	0.0033001	0.03081
0.0006	0.0033001	2.438e-08
0.0005	0.0033001	0.01933
0.0004	0.0033001	0.01445
0.0003	0.0033001	0.0104
0.0002	0.0033001	0.00714
0.0001	0.0033001	4.59e-09
0.0	0.0033001	3.28e-09
-0.0001	0.0033001	0.00217
-0.0002	0.0033001	0.00164
-0.0003	0.0033001	1.77e-09
-0.0004	0.0033001	0.0019
-0.0005	0.0033001	0.00195
-0.0006	0.0033001	0.00198
-0.0007	0.0033001	0.00185
-0.0008	0.0033001	0.00177
-0.0009	0.0033001	0.0018
-0.001	0.0033001	0.00185
-0.001	0.0032001	0.00183
-0.0009	0.0032001	0.00184
-0.0008	0.0032001	0.0018
-0.0007	0.0032001	1.94e-09
-0.0006	0.0032001	0.00201
-0.0005	0.0032001	2.02e-09
-0.0004	0.0032001	1.95e-09
-0.0003	0.0032001	0.00183
-0.0002	0.0032001	1.84e-09
-0.0001	0.0032001	0.00256
0.0	0.0032001	0.00364
0.0001	0.0032001	0.00483
0.0002	0.0032001	7.51e-09
0.0003	0.0032001	0.01112
0.0004	0.0032001	0.01532
0.0005	0.0032001	0.02056
0.0006	0.0032001	0.02763
0.0007	0.0032001	0.03749
0.0008	0.0032001	0.04868
0.0009	0.0032001	0.05707
0.001	0.0032001	0.06289
0.0011	0.0032001	0.06233
0.0012	0.0032001	0.0541
0.0013	0.0032001	4.443e-08
0.0014	0.0032001	0.03639
0.0015	0.0032001	0.02817
0.0016	0.0032001	0.0191
0.0017	0.0032001	0.01224
0.0018	0.0032001	8.62e-09
0.0019	0.0032001	0.0061
0.002	0.0032001	4.32e-09
0.002	0.0031001	0.00753
0.0019	0.0031001	0.01025
0.0018	0.0031001	0.01507
0.0017	0.0031001	0.02079
0.0016	0.0031001	0.03
0.0015	0.0031001	0.04113
0.0014	0.0031001	0.05024
0.0013	0.0031001	0.05726
0.0012	0.0031001	0.06609
0.0011	0.0031001	0.0693
0.001	0.0031001	0.06608
0.0009	0.0031001	0.05743
0.0008	0.0031001	0.0461
0.0007	0.0031001	0.03522
0.0006	0.0031001	2.484e-08
0.0005	0.0031001	0.01824
0.0004	0.0031001	0.01339
0.0003	0.0031001	0.00941
0.0002	0.0031001	6.73e-09
0.0001	0.0031001	4.67e-09
0.0	0.0031001	0.00352
-0.0001	0.0031001	0.00284
-0.0002	0.0031001	2.16e-09
-0.0003	0.0031001	1.92e-09
-0.0004	0.0031001	0.00205
-0.0005	0.0031001	0.0021
-0.0006	0.0031001	2.08e-09
-0.0007	0.0031001	0.00204
-0.0008	0.0031001	0.00194
-0.0009	0.0031001	0.00184
-0.001	0.0031001	0.00186
-0.001	0.0030001	0.00196
-0.0009	0.0030001	1.94e-09
-0.0008	0.0030001	0.002
-0.0007	0.0030001	0.00209
-0.0006	0.0030001	0.00215
-0.0005	0.0030001	2.19e-09
-0.0004	0.0030001	0.00212
-0.0003	0.0030001	0.00203
-0.0002	0.0030001	0.00239
-0.0001	0.0030001	0.00289
0.0	0.0030001	0.00336
0.0001	0.0030001	0.00424
0.0002	0.0030001	0.0054
0.0003	0.0030001	7.18e-09
0.0004	0.0030001	0.00994
0.0005	0.0030001	0.01384
0.0006	0.0030001	1.89e-08
0.0007	0.0030001	0.02641
0.0008	0.0030001	0.03708
0.0009	0.0030001	0.04704
0.001	0.0030001	0.05651
0.0011	0.0030001	0.0635
0.0012	0.0030001	0.06634
0.0013	0.0030001	0.06106
0.0014	0.0030001	0.05784
0.0015	0.0030001	0.05113
0.0016	0.0030001	0.04025
0.0017	0.0030001	0.03104
0.0018	0.0030001	0.02261
0.0019	0.0030001	0.01572
0.002	0.0030001	0.01148
0.002	0.0029001	0.01558
0.0019	0.0029001	0.02082
0.0018	0.0029001	0.0282
0.0017	0.0029001	0.03712
0.0016	0.0029001	0.04454
0.0015	0.0029001	5.144e-08
0.0014	0.0029001	0.05334
0.0013	0.0029001	5.135e-08
0.0012	0.0029001	0.04855
0.0011	0.0029001	0.04333
0.001	0.0029001	0.0354
0.0009	0.0029001	0.02881
0.0008	0.0029001	0.02183
0.0007	0.0029001	0.01559
0.0006	0.0029001	0.01129
0.0005	0.0029001	0.00813
0.0004	0.0029001	0.00634
0.0003	0.0029001	0.00484
0.0002	0.0029001	0.00395
0.0001	0.0029001	3.57e-09
0.0	0.0029001	0.00317
-0.0001	0.0029001	0.00285
-0.0002	0.0029001	0.00252
-0.0003	0.0029001	2.19e-09
-0.0004	0.0029001	2.19e-09
-0.0005	0.0029001	0.00227
-0.0006	0.0029001	0.00225
-0.0007	0.0029001	0.00219
-0.0008	0.0029001	2.08e-09
-0.0009	0.0029001	0.002
-0.001	0.0029001	0.00202
-0.001	0.0028001	0.00203
-0.0009	0.0028001	2.09e-09
-0.0008	0.0028001	2.15e-09
-0.0007	0.0028001	0.00223
-0.0006	0.0028001	0.00232
-0.0005	0.0028001	2.29e-09
-0.0004	0.0028001	0.00224
-0.0003	0.0028001	0.00231
-0.0002	0.0028001	0.00251
-0.0001	0.0028001	0.00273
0.0	0.0028001	0.00287
0.0001	0.0028001	0.00296
0.0002	0.0028001	0.00299
0.0003	0.0028001	0.00337
0.0004	0.0028001	0.00391
0.0005	0.0028001	0.00455
0.0006	0.0028001	0.00584
0.0007	0.0028001	0.00811
0.0008	0.0028001	0.01124
0.0009	0.0028001	0.01513
0.001	0.0028001	0.01919
0.0011	0.0028001	0.02543
0.0012	0.0028001	0.03209
0.0013	0.0028001	0.03946
0.0014	0.0028001	4.539e-08
0.0015	0.0028001	0.04609
0.0016	0.0028001	0.04434
0.0017	0.0028001	0.03923
0.0018	0.0028001	0.0317
0.0019	0.0028001	0.0244
0.002	0.0028001	0.01909
0.002	0.0027001	0.01987
0.0019	0.0027001	0.02442
0.0018	0.0027001	0.03002
0.0017	0.0027001	0.03548
0.0016	0.0027001	3.837e-08
0.0015	0.0027001	0.03741
0.0014	0.0027001	0.03495
0.0013	0.0027001	0.0274
0.0012	0.0027001	2.004e-08
0.0011	0.0027001	0.01404
0.001	0.0027001	0.00981
0.0009	0.0027001	7.72e-09
0.0008	0.0027001	0.00617
0.0007	0.0027001	0.00461
0.0006	0.0027001	0.00372
0.0005	0.0027001	0.00306
0.0004	0.0027001	0.0028
0.0003	0.0027001	0.00277
0.0002	0.0027001	0.00256
0.0001	0.0027001	0.00253
0.0	0.0027001	2.63e-09
-0.0001	0.0027001	0.00262
-0.0002	0.0027001	0.00249
-0.0003	0.0027001	0.0024
-0.0004	0.0027001	0.0023
-0.0005	0.0027001	0.00231
-0.0006	0.0027001	0.00238
-0.0007	0.0027001	2.3e-09
-0.0008	0.0027001	0.00228
-0.0009	0.0027001	0.00221
-0.001	0.0027001	0.00215
-0.001	0.0026001	0.0023
-0.0009	0.0026001	0.00235
-0.0008	0.0026001	0.00237
-0.0007	0.0026001	0.00238
-0.0006	0.0026001	0.00241
-0.0005	0.0026001	2.36e-09
-0.0004	0.0026001	2.35e-09
-0.0003	0.0026001	0.00243
-0.0002	0.0026001	0.00247
-0.0001	0.0026001	2.54e-09
0.0	0.0026001	0.00248
0.0001	0.0026001	0.00233
0.0002	0.0026001	0.00246
0.0003	0.0026001	0.00259
0.0004	0.0026001	0.00263
0.0005	0.0026001	0.00305
0.0006	0.0026001	0.00367
0.0007	0.0026001	0.00448
0.0008	0.0026001	0.0056
0.0009	0.0026001	0.00637
0.001	0.0026001	0.00693
0.0011	0.0026001	0.00965
0.0012	0.0026001	0.01371
0.0013	0.0026001	0.01947
0.0014	0.0026001	0.02488
0.0015	0.0026001	0.02744
0.0016	0.0026001	0.02843
0.0017	0.0026001	0.02722
0.0018	0.0026001	0.02389
0.0019	0.0026001	0.02067
0.002	0.0026001	0.0176
0.002	0.0025001	0.01249
0.0019	0.0025001	0.0137
0.0018	0.0025001	0.01556
0.0017	0.0025001	0.01746
0.0016	0.0025001	0.01904
0.0015	0.0025001	0.01831
0.0014	0.0025001	0.01652
0.0013	0.0025001	0.01416
0.0012	0.0025001	0.01055
0.0011	0.0025001	0.00822
0.001	0.0025001	6.97e-09
0.0009	0.0025001	0.00681
0.0008	0.0025001	0.00682
0.0007	0.0025001	0.00558
0.0006	0.0025001	0.0045
0.0005	0.0025001	0.00371
0.0004	0.0025001	0.00299
0.0003	0.0025001	0.00267
0.0002	0.0025001	0.00258
0.0001	0.0025001	2.37e-09
0.0	0.0025001	0.00245
-0.0001	0.0025001	0.00252
-0.0002	0.0025001	2.51e-09
-0.0003	0.0025001	0.00246
-0.0004	0.0025001	0.00243
-0.0005	0.0025001	0.00245
-0.0006	0.0025001	0.00252
-0.0007	0.0025001	0.00256
-0.0008	0.0025001	0.00254
-0.0009	0.0025001	0.0025
-0.001	0.0025001	0.00246
-0.001	0.0024001	2.57e-09
-0.0009	0.0024001	0.00266
-0.0008	0.0024001	0.0027
-0.0007	0.0024001	0.00275
-0.0006	0.0024001	0.00264
-0.0005	0.0024001	0.00255
-0.0004	0.0024001	0.00254
-0.0003	0.0024001	0.00254
-0.0002	0.0024001	0.00259
-0.0001	0.0024001	2.56e-09
0.0	0.0024001	0.00249
0.0001	0.0024001	0.00253
0.0002	0.0024001	0.00276
0.0003	0.0024001	0.00292
0.0004	0.0024001	0.00349
0.0005	0.0024001	0.00436
0.0006	0.0024001	5.3e-09
0.0007	0.0024001	0.00666
0.0008	0.0024001	0.00754
0.0009	0.0024001	0.00713
0.001	0.0024001	0.00687
0.0011	0.0024001	7.24e-09
0.0012	0.0024001	0.00867
0.0013	0.0024001	0.0099
0.0014	0.0024001	0.01046
0.0015	0.0024001	0.0114
0.0016	0.0024001	0.01181
0.0017	0.0024001	0.01077
0.0018	0.0024001	9.54e-09
0.0019	0.0024001	8.62e-09
0.002	0.0024001	0.00815
0.002	0.0023001	0.00442
0.0019	0.0023001	0.00474
0.0018	0.0023001	0.00501
0.0017	0.0023001	0.00569
0.0016	0.0023001	0.0066
0.0015	0.0023001	0.00705
0.0014	0.0023001	0.00703
0.0013	0.0023001	0.00741
0.0012	0.0023001	0.00757
0.0011	0.0023001	0.00694
0.001	0.0023001	0.00678
0.0009	0.0023001	0.00736
0.0008	0.0023001	0.00785
0.0007	0.0023001	7.67e-09
0.0006	0.0023001	0.00619
0.0005	0.0023001	0.00492
0.0004	0.0023001	0.00398
0.0003	0.0023001	0.00327
0.0002	0.0023001	0.00298
0.0001	0.0023001	0.00279
0.0	0.0023001	0.00264
-0.0001	0.0023001	0.00271
-0.0002	0.0023001	0.00276
-0.0003	0.0023001	0.00276
-0.0004	0.0023001	0.00271
-0.0005	0.0023001	0.0027
-0.0006	0.0023001	0.00281
-0.0007	0.0023001	0.00292
-0.0008	0.0023001	2.91e-09
-0.0009	0.0023001	0.00282
-0.001	0.0023001	0.00272
-0.001	0.0022001	0.00284
-0.0009	0.0022001	0.00298
-0.0008	0.0022001	3.07e-09
-0.0007	0.0022001	0.00301
-0.0006	0.0022001	0.00294
-0.0005	0.0022001	0.00286
-0.0004	0.0022001	0.0029
-0.0003	0.0022001	0.003
-0.0002	0.0022001	0.00293
-0.0001	0.0022001	0.00289
0.0	0.0022001	0.00284
0.0001	0.0022001	3.03e-09
0.0002	0.0022001	3.17e-09
0.0003	0.0022001	0.00361
0.0004	0.0022001	0.00441
0.0005	0.0022001	0.00547
0.0006	0.0022001	0.00709
0.0007	0.0022001	8.49e-09
0.0008	0.0022001	0.00836
0.0009	0.0022001	0.00759
0.001	0.0022001	7.2e-09
0.0011	0.0022001	0.00751
0.0012	0.0022001	0.00769
0.0013	0.0022001	0.00673
0.0014	0.0022001	0.00609
0.0015	0.0022001	0.00546
0.0016	0.0022001	0.00431
0.0017	0.0022001	0.00345
0.0018	0.0022001	0.00311
0.0019	0.0022001	0.00294
0.002	0.0022001	0.0026
0.002	0.0021001	0.00183
0.0019	0.0021001	0.00207
0.0018	0.0021001	0.00244
0.0017	0.0021001	0.00277
0.0016	0.0021001	0.00343
0.0015	0.0021001	4.88e-09
0.0014	0.0021001	0.00622
0.0013	0.0021001	0.00715
0.0012	0.0021001	0.00852
0.0011	0.0021001	0.00871
0.001	0.0021001	0.00841
0.0009	0.0021001	0.00864
0.0008	0.0021001	0.00933
0.0007	0.0021001	0.00965
0.0006	0.0021001	0.00845
0.0005	0.0021001	0.00632
0.0004	0.0021001	4.98e-09
0.0003	0.0021001	0.00405
0.0002	0.0021001	0.0035
0.0001	0.0021001	3.22e-09
0.0	0.0021001	0.00309
-0.0001	0.0021001	0.00306
-0.0002	0.0021001	3.16e-09
-0.0003	0.0021001	0.00323
-0.0004	0.0021001	0.00309
-0.0005	0.0021001	0.00297
-0.0006	0.0021001	3.04e-09
-0.0007	0.0021001	3.13e-09
-0.0008	0.0021001	0.0032
-0.0009	0.0021001	0.00313
-0.001	0.0021001	0.00303
-0.001	0.0020001	0.00324
-0.0009	0.0020001	0.00325
-0.0008	0.0020001	3.28e-09
-0.0007	0.0020001	0.00318
-0.0006	0.0020001	3.1e-09
-0.0005	0.0020001	0.0031
-0.0004	0.0020001	0.00335
-0.0003	0.0020001	0.00344
-0.0002	0.0020001	0.00333
-0.0001	0.0020001	0.00322
0.0	0.0020001	0.00333
0.0001	0.0020001	0.0034
0.0002	0.0020001	0.0038
0.0003	0.0020001	4.61e-09
0.0004	0.0020001	0.00566
0.0005	0.0020001	0.00763
0.0006	0.0020001	0.01006
0.0007	0.0020001	0.01108
0.0008	0.0020001	0.01081
0.0009	0.0020001	0.01
0.001	0.0020001	0.00976
0.0011	0.0020001	9.56e-09
0.0012	0.0020001	0.00884
0.0013	0.0020001	0.00752
0.0014	0.0020001	0.00611
0.0015	0.0020001	0.00461
0.0016	0.0020001	0.00327
0.0017	0.0020001	0.00265
0.0018	0.0020001	0.00228
0.0019	0.0020001	1.94e-09
0.002	0.0020001	0.00175
0.002	0.0019001	1.79e-09
0.0019	0.0019001	1.89e-09
0.0018	0.0019001	0.00218
0.0017	0.0019001	0.0025
0.0016	0.0019001	0.00305
0.0015	0.0019001	0.00413
0.0014	0.0019001	0.00559
0.0013	0.0019001	0.0073
0.0012	0.0019001	0.00855
0.0011	0.0019001	0.0097
0.001	0.0019001	0.01055
0.0009	0.0019001	0.01138
0.0008	0.0019001	1.257e-08
0.0007	0.0019001	0.01279
0.0006	0.0019001	0.01212
0.0005	0.0019001	0.00972
0.0004	0.0019001	0.00698
0.0003	0.0019001	0.00546
0.0002	0.0019001	4.32e-09
0.0001	0.0019001	0.00365
0.0	0.0019001	0.00362
-0.0001	0.0019001	0.00348
-0.0002	0.0019001	0.0035
-0.0003	0.0019001	3.61e-09
-0.0004	0.0019001	0.00358
-0.0005	0.0019001	0.00326
-0.0006	0.0019001	0.00317
-0.0007	0.0019001	0.00327
-0.0008	0.0019001	3.35e-09
-0.0009	0.0019001	0.0034
-0.001	0.0019001	0.0034
-0.001	0.0018001	0.00354
-0.0009	0.0018001	0.00358
-0.0008	0.0018001	0.00351
-0.0007	0.0018001	0.0034
-0.0006	0.0018001	0.00336
-0.0005	0.0018001	3.55e-09
-0.0004	0.0018001	3.86e-09
-0.0003	0.0018001	0.00386
-0.0002	0.0018001	3.74e-09
-0.0001	0.0018001	0.00378
0.0	0.0018001	3.88e-09
0.0001	0.0018001	0.00407
0.0002	0.0018001	0.00512
0.0003	0.0018001	0.00657
0.0004	0.0018001	8.91e-09
0.0005	0.0018001	0.01189
0.0006	0.0018001	0.01394
0.0007	0.0018001	0.01448
0.0008	0.0018001	0.01366
0.0009	0.0018001	0.01212
0.001	0.0018001	0.01043
0.0011	0.0018001	0.00917
0.0012	0.0018001	0.00776
0.0013	0.0018001	6.36e-09
0.0014	0.0018001	0.00485
0.0015	0.0018001	0.00361
0.0016	0.0018001	0.00277
0.0017	0.0018001	0.00235
0.0018	0.0018001	0.00208
0.0019	0.0018001	1.92e-09
0.002	0.0018001	0.00182
0.002	0.0017001	1.78e-09
0.0019	0.0017001	0.00187
0.0018	0.0017001	0.002
0.0017	0.0017001	0.00218
0.0016	0.0017001	0.00247
0.0015	0.0017001	0.00304
0.0014	0.0017001	0.004
0.0013	0.0017001	0.00528
0.0012	0.0017001	0.00667
0.0011	0.0017001	0.00841
0.001	0.0017001	0.00989
0.0009	0.0017001	0.01175
0.0008	0.0017001	0.01357
0.0007	0.0017001	0.01523
0.0006	0.0017001	0.0152
0.0005	0.0017001	0.01409
0.0004	0.0017001	0.01114
0.0003	0.0017001	0.00803
0.0002	0.0017001	0.0062
0.0001	0.0017001	4.75e-09
0.0	0.0017001	0.00422
-0.0001	0.0017001	0.00426
-0.0002	0.0017001	4.03e-09
-0.0003	0.0017001	0.00413
-0.0004	0.0017001	0.00418
-0.0005	0.0017001	0.00396
-0.0006	0.0017001	0.00368
-0.0007	0.0017001	0.00365
-0.0008	0.0017001	0.00373
-0.0009	0.0017001	0.00377
-0.001	0.0017001	0.00375
-0.001	0.0016001	0.00397
-0.0009	0.0016001	0.00399
-0.0008	0.0016001	0.00395
-0.0007	0.0016001	3.88e-09
-0.0006	0.0016001	3.98e-09
-0.0005	0.0016001	4.27e-09
-0.0004	0.0016001	0.00445
-0.0003	0.0016001	0.00444
-0.0002	0.0016001	4.44e-09
-0.0001	0.0016001	0.00472
0.0	0.0016001	0.00476
0.0001	0.0016001	0.00558
0.0002	0.0016001	0.00735
0.0003	0.0016001	0.00954
0.0004	0.0016001	0.01299
0.0005	0.0016001	0.01567
0.0006	0.0016001	0.01596
0.0007	0.0016001	0.01541
0.0008	0.0016001	0.01312
0.0009	0.0016001	0.01092
0.001	0.0016001	0.00909
0.0011	0.0016001	0.00752
0.0012	0.0016001	0.00586
0.0013	0.0016001	0.00459
0.0014	0.0016001	0.00353
0.0015	0.0016001	0.00282
0.0016	0.0016001	2.35e-09
0.0017	0.0016001	2.13e-09
0.0018	0.0016001	0.002
0.0019	0.0016001	0.00191
0.002	0.0016001	0.00184
0.002	0.0015001	1.9e-09
0.0019	0.0015001	0.00195
0.0018	0.0015001	0.00201
0.0017	0.0015001	2.12e-09
0.0016	0.0015001	0.00222
0.0015	0.0015001	0.00252
0.0014	0.0015001	0.00301
0.0013	0.0015001	0.00384
0.0012	0.0015001	0.00492
0.0011	0.0015001	6.31e-09
0.001	0.0015001	0.00809
0.0009	0.0015001	0.00987
0.0008	0.0015001	0.01214
0.0007	0.0015001	0.01492
0.0006	0.0015001	0.01681
0.0005	0.0015001	0.01702
0.0004	0.0015001	0.01515
0.0003	0.0015001	0.01155
0.0002	0.0015001	0.00875
0.0001	0.0015001	0.00673
0.0	0.0015001	0.00541
-0.0001	0.0015001	0.00521
-0.0002	0.0015001	0.00492
-0.0003	0.0015001	4.75e-09
-0.0004	0.0015001	0.00472
-0.0005	0.0015001	0.0046
-0.0006	0.0015001	0.00424
-0.0007	0.0015001	0.00412
-0.0008	0.0015001	4.16e-09
-0.0009	0.0015001	0.00422
-0.001	0.0015001	4.28e-09
-0.001	0.0014001	4.53e-09
-0.0009	0.0014001	0.0044
-0.0008	0.0014001	0.00432
-0.0007	0.0014001	0.00427
-0.0006	0.0014001	0.0045
-0.0005	0.0014001	4.79e-09
-0.0004	0.0014001	0.00493
-0.0003	0.0014001	0.00501
-0.0002	0.0014001	0.00543
-0.0001	0.0014001	0.0057
0.0	0.0014001	0.00619
0.0001	0.0014001	8.06e-09
0.0002	0.0014001	0.01015
0.0003	0.0014001	0.01345
0.0004	0.0014001	0.01682
0.0005	0.0014001	0.01771
0.0006	0.0014001	0.01684
0.0007	0.0014001	0.01417
0.0008	0.0014001	0.01124
0.0009	0.0014001	0.00899
0.001	0.0014001	0.00728
0.0011	0.0014001	0.00567
0.0012	0.0014001	0.00447
0.0013	0.0014001	3.51e-09
0.0014	0.0014001	0.00287
0.0015	0.0014001	0.00249
0.0016	0.0014001	0.0023
0.0017	0.0014001	0.00218
0.0018	0.0014001	0.00211
0.0019	0.0014001	0.00206
0.002	0.0014001	1.95e-09
0.002	0.0013001	0.00202
0.0019	0.0013001	2.12e-09
0.0018	0.0013001	0.00221
0.0017	0.0013001	2.28e-09
0.0016	0.0013001	0.00235
0.0015	0.0013001	0.00252
0.0014	0.0013001	0.00278
0.0013	0.0013001	0.00328
0.0012	0.0013001	0.0041
0.0011	0.0013001	0.00512
0.001	0.0013001	0.00658
0.0009	0.0013001	0.00832
0.0008	0.0013001	0.01045
0.0007	0.0013001	0.01324
0.0006	0.0013001	0.01636
0.0005	0.0013001	0.0181
0.0004	0.0013001	0.01834
0.0003	0.0013001	0.0156
0.0002	0.0013001	0.0117
0.0001	0.0013001	0.00932
0.0	0.0013001	0.00709
-0.0001	0.0013001	0.00615
-0.0002	0.0013001	0.00592
-0.0003	0.0013001	5.33e-09
-0.0004	0.0013001	0.00521
-0.0005	0.0013001	0.00505
-0.0006	0.0013001	4.74e-09
-0.0007	0.0013001	4.5e-09
-0.0008	0.0013001	0.00452
-0.0009	0.0013001	0.00466
-0.001	0.0013001	4.81e-09
-0.001	0.0012001	0.00503
-0.0009	0.0012001	0.00485
-0.0008	0.0012001	0.00467
-0.0007	0.0012001	0.0047
-0.0006	0.0012001	0.00502
-0.0005	0.0012001	0.00534
-0.0004	0.0012001	0.00545
-0.0003	0.0012001	0.00572
-0.0002	0.0012001	0.0063
-0.0001	0.0012001	0.00664
0.0	0.0012001	0.00806
0.0001	0.0012001	0.01057
0.0002	0.0012001	0.01351
0.0003	0.0012001	1.746e-08
0.0004	0.0012001	0.01906
0.0005	0.0012001	0.01811
0.0006	0.0012001	0.01567
0.0007	0.0012001	0.01231
0.0008	0.0012001	0.00968
0.0009	0.0012001	0.00761
0.001	0.0012001	0.00604
0.0011	0.0012001	4.76e-09
0.0012	0.0012001	0.00382
0.0013	0.0012001	0.00315
0.0014	0.0012001	2.78e-09
0.0015	0.0012001	0.00257
0.0016	0.0012001	0.00243
0.0017	0.0012001	0.00239
0.0018	0.0012001	0.00229
0.0019	0.0012001	0.00216
0.002	0.0012001	0.00208
0.002	0.0011001	0.00219
0.0019	0.0011001	0.00223
0.0018	0.0011001	0.00234
0.0017	0.0011001	0.00244
0.0016	0.0011001	0.00253
0.0015	0.0011001	0.00263
0.0014	0.0011001	2.81e-09
0.0013	0.0011001	3.12e-09
0.0012	0.0011001	0.00367
0.0011	0.0011001	4.55e-09
0.001	0.0011001	0.00569
0.0009	0.0011001	0.00712
0.0008	0.0011001	0.00906
0.0007	0.0011001	1.145e-08
0.0006	0.0011001	0.01494
0.0005	0.0011001	0.01792
0.0004	0.0011001	0.01944
0.0003	0.0011001	0.01916
0.0002	0.0011001	0.01562
0.0001	0.0011001	0.01196
0.0	0.0011001	0.00927
-0.0001	0.0011001	0.00723
-0.0002	0.0011001	0.00662
-0.0003	0.0011001	0.00619
-0.0004	0.0011001	0.00571
-0.0005	0.0011001	0.00565
-0.0006	0.0011001	0.00533
-0.0007	0.0011001	0.00494
-0.0008	0.0011001	0.00488
-0.0009	0.0011001	5.1e-09
-0.001	0.0011001	0.00533
-0.001	0.0010001	0.00561
-0.0009	0.0010001	0.00537
-0.0008	0.0010001	0.00515
-0.0007	0.0010001	0.00526
-0.0006	0.0010001	0.00562
-0.0005	0.0010001	0.00592
-0.0004	0.0010001	0.00605
-0.0003	0.0010001	0.00661
-0.0002	0.0010001	0.00702
-0.0001	0.0010001	0.00803
0.0	0.0010001	0.01057
0.0001	0.0010001	0.01349
0.0002	0.0010001	0.01755
0.0003	0.0010001	0.02043
0.0004	0.0010001	0.01984
0.0005	0.0010001	0.01771
0.0006	0.0010001	0.01427
0.0007	0.0010001	0.01097
0.0008	0.0010001	0.00861
0.0009	0.0010001	0.00687
0.001	0.0010001	5.54e-09
0.0011	0.0010001	0.00444
0.0012	0.0010001	3.68e-09
0.0013	0.0010001	0.00316
0.0014	0.0010001	0.00292
0.0015	0.0010001	0.00276
0.0016	0.0010001	2.64e-09
0.0017	0.0010001	0.00254
0.0018	0.0010001	0.00242
0.0019	0.0010001	0.00235
0.002	0.0010001	2.31e-09
0.002	0.0009001	0.00239
0.0019	0.0009001	0.00245
0.0018	0.0009001	0.00249
0.0017	0.0009001	0.00259
0.0016	0.0009001	0.00271
0.0015	0.0009001	0.00288
0.0014	0.0009001	0.00301
0.0013	0.0009001	0.00322
0.0012	0.0009001	3.64e-09
0.0011	0.0009001	4.23e-09
0.001	0.0009001	5.22e-09
0.0009	0.0009001	0.00652
0.0008	0.0009001	0.00815
0.0007	0.0009001	0.01027
0.0006	0.0009001	0.01333
0.0005	0.0009001	1.743e-08
0.0004	0.0009001	0.02005
0.0003	0.0009001	0.02156
0.0002	0.0009001	0.01983
0.0001	0.0009001	0.01537
0.0	0.0009001	1.191e-08
-0.0001	0.0009001	0.00908
-0.0002	0.0009001	7.56e-09
-0.0003	0.0009001	0.0071
-0.0004	0.0009001	0.00643
-0.0005	0.0009001	0.00623
-0.0006	0.0009001	0.00599
-0.0007	0.0009001	0.0057
-0.0008	0.0009001	0.00551
-0.0009	0.0009001	0.00563
-0.001	0.0009001	0.00583
-0.001	0.0008001	0.00608
-0.0009	0.0008001	0.00587
-0.0008	0.0008001	5.82e-09
-0.0007	0.0008001	6.03e-09
-0.0006	0.0008001	0.00626
-0.0005	0.0008001	0.00648
-0.0004	0.0008001	6.81e-09
-0.0003	0.0008001	0.00746
-0.0002	0.0008001	0.0081
-0.0001	0.0008001	0.01028
0.0	0.0008001	0.01342
0.0001	0.0008001	0.01751
0.0002	0.0008001	0.02183
0.0003	0.0008001	0.02227
0.0004	0.0008001	0.02025
0.0005	0.0008001	1.693e-08
0.0006	0.0008001	0.01276
0.0007	0.0008001	0.00979
0.0008	0.0008001	0.00777
0.0009	0.0008001	0.0062
0.001	0.0008001	0.00499
0.0011	0.0008001	0.00413
0.0012	0.0008001	0.00368
0.0013	0.0008001	0.0033
0.0014	0.0008001	0.00312
0.0015	0.0008001	2.96e-09
0.0016	0.0008001	0.00279
0.0017	0.0008001	0.00266
0.0018	0.0008001	0.00255
0.0019	0.0008001	0.0025
0.002	0.0008001	0.00245
0.002	0.0007001	2.54e-09
0.0019	0.0007001	2.58e-09
0.0018	0.0007001	0.00265
0.0017	0.0007001	0.00274
0.0016	0.0007001	2.87e-09
0.0015	0.0007001	0.00303
0.0014	0.0007001	0.00322
0.0013	0.0007001	0.00339
0.0012	0.0007001	3.69e-09
0.0011	0.0007001	0.00406
0.001	0.0007001	4.71e-09
0.0009	0.0007001	0.00576
0.0008	0.0007001	0.00713
0.0007	0.0007001	0.00906
0.0006	0.0007001	0.01184
0.0005	0.0007001	0.01585
0.0004	0.0007001	1.98e-08
0.0003	0.0007001	0.02236
0.0002	0.0007001	0.02316
0.0001	0.0007001	0.01973
0.0	0.0007001	0.0151
-0.0001	0.0007001	0.01167
-0.0002	0.0007001	0.00886
-0.0003	0.0007001	0.00788
-0.0004	0.0007001	0.0073
-0.0005	0.0007001	0.00665
-0.0006	0.0007001	0.00653
-0.0007	0.0007001	0.00632
-0.0008	0.0007001	0.00612
-0.0009	0.0007001	0.00609
-0.001	0.0007001	0.00619
-0.001	0.0006001	6.33e-09
-0.0009	0.0006001	0.00626
-0.0008	0.0006001	0.00637
-0.0007	0.0006001	6.59e-09
-0.0006	0.0006001	0.00672
-0.0005	0.0006001	0.00699
-0.0004	0.0006001	0.00778
-0.0003	0.0006001	0.00839
-0.0002	0.0006001	0.00991
-0.0001	0.0006001	0.01318
0.0	0.0006001	0.01709
0.0001	0.0006001	0.02187
0.0002	0.0006001	0.02406
0.0003	0.0006001	0.02243
0.0004	0.0006001	0.01952
0.0005	0.0006001	0.01506
0.0006	0.0006001	0.0112
0.0007	0.0006001	0.00861
0.0008	0.0006001	6.79e-09
0.0009	0.0006001	0.00554
0.001	0.0006001	0.00461
0.0011	0.0006001	0.00409
0.0012	0.0006001	0.00381
0.0013	0.0006001	0.00357
0.0014	0.0006001	3.38e-09
0.0015	0.0006001	0.00317
0.0016	0.0006001	0.00297
0.0017	0.0006001	0.00285
0.0018	0.0006001	0.00272
0.0019	0.0006001	0.00269
0.002	0.0006001	0.00262
0.002	0.0005001	2.72e-09
0.0019	0.0005001	0.0028
0.0018	0.0005001	0.00287
0.0017	0.0005001	0.00294
0.0016	0.0005001	0.00312
0.0015	0.0005001	0.00327
0.0014	0.0005001	0.0035
0.0013	0.0005001	0.00371
0.0012	0.0005001	0.00391
0.0011	0.0005001	4.19e-09
0.001	0.0005001	0.00461
0.0009	0.0005001	0.00541
0.0008	0.0005001	6.51e-09
0.0007	0.0005001	0.00816
0.0006	0.0005001	0.01059
0.0005	0.0005001	0.01408
0.0004	0.0005001	0.01869
0.0003	0.0005001	0.02218
0.0002	0.0005001	0.02455
0.0001	0.0005001	0.02371
0.0	0.0005001	0.01918
-0.0001	0.0005001	0.01491
-0.0002	0.0005001	0.01126
-0.0003	0.0005001	0.00908
-0.0004	0.0005001	0.00828
-0.0005	0.0005001	7.53e-09
-0.0006	0.0005001	7.05e-09
-0.0007	0.0005001	0.0069
-0.0008	0.0005001	0.00676
-0.0009	0.0005001	0.00652
-0.001	0.0005001	0.00653
-0.001	0.0004001	0.00664
-0.0009	0.0004001	0.00671
-0.0008	0.0004001	0.007
-0.0007	0.0004001	0.00724
-0.0006	0.0004001	0.0074
-0.0005	0.0004001	0.00801
-0.0004	0.0004001	0.00875
-0.0003	0.0004001	0.0098
-0.0002	0.0004001	1.266e-08
-0.0001	0.0004001	0.01636
0.0	0.0004001	0.02125
0.0001	0.0004001	0.02529
0.0002	0.0004001	0.02479
0.0003	0.0004001	2.199e-08
0.0004	0.0004001	1.78e-08
0.0005	0.0004001	0.01335
0.0006	0.0004001	0.01022
0.0007	0.0004001	0.00789
0.0008	0.0004001	6.44e-09
0.0009	0.0004001	0.00543
0.001	0.0004001	0.00474
0.0011	0.0004001	0.00438
0.0012	0.0004001	4.05e-09
0.0013	0.0004001	0.00387
0.0014	0.0004001	3.62e-09
0.0015	0.0004001	3.41e-09
0.0016	0.0004001	0.00323
0.0017	0.0004001	0.00312
0.0018	0.0004001	0.00305
0.0019	0.0004001	0.00298
0.002	0.0004001	0.00287
0.002	0.0003001	2.92e-09
0.0019	0.0003001	0.00306
0.0018	0.0003001	0.00319
0.0017	0.0003001	0.00328
0.0016	0.0003001	0.00334
0.0015	0.0003001	0.00349
0.0014	0.0003001	0.00372
0.0013	0.0003001	3.98e-09
0.0012	0.0003001	0.0042
0.0011	0.0003001	0.0045
0.001	0.0003001	0.00487
0.0009	0.0003001	0.00538
0.0008	0.0003001	6.25e-09
0.0007	0.0003001	0.00749
0.0006	0.0003001	0.00964
0.0005	0.0003001	0.01244
0.0004	0.0003001	0.01668
0.0003	0.0003001	2.136e-08
0.0002	0.0003001	0.02478
0.0001	0.0003001	0.02634
0.0	0.0003001	0.02312
-0.0001	0.0003001	0.01812
-0.0002	0.0003001	0.01416
-0.0003	0.0003001	0.01073
-0.0004	0.0003001	0.00926
-0.0005	0.0003001	0.00864
-0.0006	0.0003001	7.79e-09
-0.0007	0.0003001	0.00752
-0.0008	0.0003001	0.00726
-0.0009	0.0003001	0.00694
-0.001	0.0003001	0.00679
-0.001	0.0002001	6.98e-09
-0.0009	0.0002001	7.25e-09
-0.0008	0.0002001	0.00759
-0.0007	0.0002001	0.00793
-0.0006	0.0002001	8.28e-09
-0.0005	0.0002001	9.15e-09
-0.0004	0.0002001	0.00973
-0.0003	0.0002001	0.01174
-0.0002	0.0002001	0.01553
-0.0001	0.0002001	0.02001
0.0	0.0002001	0.02516
0.0001	0.0002001	0.0269
0.0002	0.0002001	0.02443
0.0003	0.0002001	0.02053
0.0004	0.0002001	0.01574
0.0005	0.0002001	0.01186
0.0006	0.0002001	0.00917
0.0007	0.0002001	0.00728
0.0008	0.0002001	0.00625
0.0009	0.0002001	0.00541
0.001	0.0002001	5.02e-09
0.0011	0.0002001	4.64e-09
0.0012	0.0002001	0.00432
0.0013	0.0002001	4.07e-09
0.0014	0.0002001	0.00377
0.0015	0.0002001	3.61e-09
0.0016	0.0002001	0.00345
0.0017	0.0002001	0.0034
0.0018	0.0002001	0.00327
0.0019	0.0002001	3.14e-09
0.002	0.0002001	0.00303
0.002	0.0001001	3.12e-09
0.0019	0.0001001	0.00324
0.0018	0.0001001	0.00336
0.0017	0.0001001	0.00348
0.0016	0.0001001	0.00356
0.0015	0.0001001	0.00366
0.0014	0.0001001	3.86e-09
0.0013	0.0001001	0.00419
0.0012	0.0001001	0.00449
0.0011	0.0001001	4.8e-09
0.001	0.0001001	0.00507
0.0009	0.0001001	0.00539
0.0008	0.0001001	0.00618
0.0007	0.0001001	0.00707
0.0006	0.0001001	0.00861
0.0005	0.0001001	0.01114
0.0004	0.0001001	0.0147
0.0003	0.0001001	1.957e-08
0.0002	0.0001001	0.024
0.0001	0.0001001	0.02706
0.0	0.0001001	0.0268
-0.0001	0.0001001	0.02209
-0.0002	0.0001001	0.01728
-0.0003	0.0001001	0.01317
-0.0004	0.0001001	0.01043
-0.0005	0.0001001	0.00966
-0.0006	0.0001001	0.00877
-0.0007	0.0001001	0.0082
-0.0008	0.0001001	0.00787
-0.0009	0.0001001	7.52e-09
-0.001	0.0001001	0.00722
-0.001	1e-07	0.00751
-0.0009	1e-07	0.00789
-0.0008	1e-07	0.00828
-0.0007	1e-07	0.00854
-0.0006	1e-07	9.29e-09
-0.0005	1e-07	0.01001
-0.0004	1e-07	0.01121
-0.0003	1e-07	0.01463
-0.0002	1e-07	0.01882
-0.0001	1e-07	0.02418
0.0	1e-07	0.02777
0.0001	1e-07	0.02706
0.0002	1e-07	2.348e-08
0.0003	1e-07	0.0186
0.0004	1e-07	0.014
0.0005	1e-07	0.01072
0.0006	1e-07	0.00834
0.0007	1e-07	0.00696
0.0008	1e-07	6.08e-09
0.0009	1e-07	5.51e-09
0.001	1e-07	0.00515
0.0011	1e-07	0.00488
0.0012	1e-07	0.0046
0.0013	1e-07	0.00432
0.0014	1e-07	0.00398
0.0015	1e-07	0.00379
0.0016	1e-07	0.0037
0.0017	1e-07	0.00362
0.0018	1e-07	0.00349
0.0019	1e-07	0.00335
0.002	1e-07	0.00324
0.002	-9.99e-05	0.00331
0.0019	-9.99e-05	3.44e-09
0.0018	-9.99e-05	0.00356
0.0017	-9.99e-05	0.0037
0.0016	-9.99e-05	0.00381
0.0015	-9.99e-05	3.93e-09
0.0014	-9.99e-05	0.00409
0.0013	-9.99e-05	4.35e-09
0.0012	-9.99e-05	0.00467
0.0011	-9.99e-05	0.0049
0.001	-9.99e-05	0.00516
0.0009	-9.99e-05	0.00553
0.0008	-9.99e-05	0.00604
0.0007	-9.99e-05	6.93e-09
0.0006	-9.99e-05	0.00814
0.0005	-9.99e-05	0.01008
0.0004	-9.99e-05	0.01303
0.0003	-9.99e-05	0.0174
0.0002	-9.99e-05	0.02274
0.0001	-9.99e-05	0.02682
0.0	-9.99e-05	0.02879
-0.0001	-9.99e-05	0.02631
-0.0002	-9.99e-05	0.02071
-0.0003	-9.99e-05	0.01616
-0.0004	-9.99e-05	0.01222
-0.0005	-9.99e-05	0.01057
-0.0006	-9.99e-05	0.0099
-0.0007	-9.99e-05	0.009
-0.0008	-9.99e-05	0.00862
-0.0009	-9.99e-05	0.00814
-0.001	-9.99e-05	7.88e-09
-0.001	-0.0001999	8.24e-09
-0.0009	-0.0001999	8.53e-09
-0.0008	-0.0001999	0.00894
-0.0007	-0.0001999	0.00944
-0.0006	-0.0001999	0.01041
-0.0005	-0.0001999	0.01119
-0.0004	-0.0001999	0.01354
-0.0003	-0.0001999	0.01768
-0.0002	-0.0001999	0.02255
-0.0001	-0.0001999	0.02765
0.0	-0.0001999	0.02904
0.0001	-0.0001999	0.02637
0.0002	-0.0001999	0.02184
0.0003	-0.0001999	0.01634
0.0004	-0.0001999	0.01229
0.0005	-0.0001999	0.00964
0.0006	-0.0001999	0.00796
0.0007	-0.0001999	0.00689
0.0008	-0.0001999	6.05e-09
0.0009	-0.0001999	0.00565
0.001	-0.0001999	5.26e-09
0.0011	-0.0001999	0.00505
0.0012	-0.0001999	0.00484
0.0013	-0.0001999	0.00449
0.0014	-0.0001999	0.00422
0.0015	-0.0001999	0.00404
0.0016	-0.0001999	0.00391
0.0017	-0.0001999	0.00381
0.0018	-0.0001999	0.00365
0.0019	-0.0001999	0.00352
0.002	-0.0001999	0.00339
0.002	-0.0002999	0.00345
0.0019	-0.0002999	3.59e-09
0.0018	-0.0002999	0.00375
0.0017	-0.0002999	0.00391
0.0016	-0.0002999	0.00404
0.0015	-0.0002999	0.00414
0.0014	-0.0002999	0.00432
0.0013	-0.0002999	0.00457
0.0012	-0.0002999	0.00494
0.0011	-0.0002999	0.00521
0.001	-0.0002999	0.00539
0.0009	-0.0002999	0.00576
0.0008	-0.0002999	0.00615
0.0007	-0.0002999	0.00682
0.0006	-0.0002999	7.73e-09
0.0005	-0.0002999	0.00916
0.0004	-0.0002999	0.01148
0.0003	-0.0002999	0.01496
0.0002	-0.0002999	0.02
0.0001	-0.0002999	0.02497
0.0	-0.0002999	0.0283
-0.0001	-0.0002999	0.02842
-0.0002	-0.0002999	0.02403
-0.0003	-0.0002999	0.01901
-0.0004	-0.0002999	0.01486
-0.0005	-0.0002999	1.173e-08
-0.0006	-0.0002999	0.0107
-0.0007	-0.0002999	0.00981
-0.0008	-0.0002999	0.00913
-0.0009	-0.0002999	0.00881
-0.001	-0.0002999	0.00839
-0.001	-0.0003999	0.00872
-0.0009	-0.0003999	0.00914
-0.0008	-0.0003999	0.00936
-0.0007	-0.0003999	0.01014
-0.0006	-0.0003999	0.01103
-0.0005	-0.0003999	0.01246
-0.0004	-0.0003999	0.01615
-0.0003	-0.0003999	2.056e-08
-0.0002	-0.0003999	0.02571
-0.0001	-0.0003999	0.0288
0.0	-0.0003999	0.02755
0.0001	-0.0003999	0.02365
0.0002	-0.0003999	0.01838
0.0003	-0.0003999	0.01381
0.0004	-0.0003999	0.01077
0.0005	-0.0003999	0.0088
0.0006	-0.0003999	0.00768
0.0007	-0.0003999	0.00684
0.0008	-0.0003999	6.3e-09
0.0009	-0.0003999	0.00593
0.001	-0.0003999	0.00556
0.0011	-0.0003999	0.00535
0.0012	-0.0003999	0.00494
0.0013	-0.0003999	0.00462
0.0014	-0.0003999	0.00437
0.0015	-0.0003999	4.19e-09
0.0016	-0.0003999	0.00408
0.0017	-0.0003999	3.91e-09
0.0018	-0.0003999	0.00376
0.0019	-0.0003999	3.64e-09
0.002	-0.0003999	0.00352
0.002	-0.0004999	0.00362
0.0019	-0.0004999	0.00369
0.0018	-0.0004999	0.00382
0.0017	-0.0004999	0.00397
0.0016	-0.0004999	0.00417
0.0015	-0.0004999	0.00433
0.0014	-0.0004999	0.00446
0.0013	-0.0004999	4.69e-09
0.0012	-0.0004999	0.00501
0.0011	-0.0004999	0.00539
0.001	-0.0004999	0.0057
0.0009	-0.0004999	0.00595
0.0008	-0.0004999	0.00635
0.0007	-0.0004999	0.00681
0.0006	-0.0004999	0.00752
0.0005	-0.0004999	0.00843
0.0004	-0.0004999	0.01005
0.0003	-0.0004999	0.01256
0.0002	-0.0004999	0.01658
0.0001	-0.0004999	2.183e-08
0.0	-0.0004999	0.02624
-0.0001	-0.0004999	0.0286
-0.0002	-0.0004999	2.679e-08
-0.0003	-0.0004999	0.0219
-0.0004	-0.0004999	0.0173
-0.0005	-0.0004999	0.01314
-0.0006	-0.0004999	0.01118
-0.0007	-0.0004999	0.01045
-0.0008	-0.0004999	0.00959
-0.0009	-0.0004999	0.00936
-0.001	-0.0004999	8.96e-09
-0.001	-0.0005999	0.00922
-0.0009	-0.0005999	0.00951
-0.0008	-0.0005999	0.00993
-0.0007	-0.0005999	0.01077
-0.0006	-0.0005999	0.01164
-0.0005	-0.0005999	0.01409
-0.0004	-0.0005999	0.01848
-0.0003	-0.0005999	0.02319
-0.0002	-0.0005999	0.02765
-0.0001	-0.0005999	0.02838
0.0	-0.0005999	0.02523
0.0001	-0.0005999	2.048e-08
0.0002	-0.0005999	0.01557
0.0003	-0.0005999	0.01196
0.0004	-0.0005999	9.66e-09
0.0005	-0.0005999	0.00832
0.0006	-0.0005999	0.00751
0.0007	-0.0005999	0.00686
0.0008	-0.0005999	6.4e-09
0.0009	-0.0005999	0.00601
0.001	-0.0005999	5.75e-09
0.0011	-0.0005999	5.41e-09
0.0012	-0.0005999	0.00505
0.0013	-0.0005999	0.00474
0.0014	-0.0005999	0.00455
0.0015	-0.0005999	0.00437
0.0016	-0.0005999	4.24e-09
0.0017	-0.0005999	0.0041
0.0018	-0.0005999	3.9e-09
0.0019	-0.0005999	0.00377
0.002	-0.0005999	0.00367
0.002	-0.0006999	0.00374
0.0019	-0.0006999	0.00386
0.0018	-0.0006999	0.00401
0.0017	-0.0006999	0.00418
0.0016	-0.0006999	0.00434
0.0015	-0.0006999	0.00449
0.0014	-0.0006999	0.00468
0.0013	-0.0006999	0.00481
0.0012	-0.0006999	5.05e-09
0.0011	-0.0006999	0.00541
0.001	-0.0006999	5.77e-09
0.0009	-0.0006999	0.00609
0.0008	-0.0006999	0.00647
0.0007	-0.0006999	0.00684
0.0006	-0.0006999	0.00743
0.0005	-0.0006999	0.0083
0.0004	-0.0006999	0.00937
0.0003	-0.0006999	0.01138
0.0002	-0.0006999	0.01451
0.0001	-0.0006999	0.01921
0.0	-0.0006999	0.02413
-0.0001	-0.0006999	0.02801
-0.0002	-0.0006999	0.02869
-0.0003	-0.0006999	0.02492
-0.0004	-0.0006999	0.0201
-0.0005	-0.0006999	0.01537
-0.0006	-0.0006999	0.01216
-0.0007	-0.0006999	0.01128
-0.0008	-0.0006999	0.01043
-0.0009	-0.0006999	0.00975
-0.001	-0.0006999	0.00953
-0.001	-0.0007999	0.00983
-0.0009	-0.0007999	0.01003
-0.0008	-0.0007999	0.01086
-0.0007	-0.0007999	0.01156
-0.0006	-0.0007999	0.0128
-0.0005	-0.0007999	0.01682
-0.0004	-0.0007999	0.02144
-0.0003	-0.0007999	2.653e-08
-0.0002	-0.0007999	0.02949
-0.0001	-0.0007999	0.02759
0.0	-0.0007999	0.02351
0.0001	-0.0007999	0.01829
0.0002	-0.0007999	0.01387
0.0003	-0.0007999	0.01095
0.0004	-0.0007999	0.00925
0.0005	-0.0007999	0.00828
0.0006	-0.0007999	0.00745
0.0007	-0.0007999	0.00681
0.0008	-0.0007999	0.0064
0.0009	-0.0007999	0.00606
0.001	-0.0007999	0.00578
0.0011	-0.0007999	0.00539
0.0012	-0.0007999	0.00508
0.0013	-0.0007999	0.00487
0.0014	-0.0007999	0.00472
0.0015	-0.0007999	0.00453
0.0016	-0.0007999	4.35e-09
0.0017	-0.0007999	0.00422
0.0018	-0.0007999	4.05e-09
0.0019	-0.0007999	0.00391
0.002	-0.0007999	0.00383
0.002	-0.0008999	0.0039
0.0019	-0.0008999	0.00403
0.0018	-0.0008999	0.00414
0.0017	-0.0008999	4.28e-09
0.0016	-0.0008999	0.00441
0.0015	-0.0008999	0.00458
0.0014	-0.0008999	0.00477
0.0013	-0.0008999	4.89e-09
0.0012	-0.0008999	0.0051
0.0011	-0.0008999	5.35e-09
0.001	-0.0008999	0.00568
0.0009	-0.0008999	0.00602
0.0008	-0.0008999	6.4e-09
0.0007	-0.0008999	0.00682
0.0006	-0.0008999	0.0073
0.0005	-0.0008999	0.00808
0.0004	-0.0008999	0.009
0.0003	-0.0008999	0.01041
0.0002	-0.0008999	0.01294
0.0001	-0.0008999	0.01701
0.0	-0.0008999	0.02212
-0.0001	-0.0008999	0.02642
-0.0002	-0.0008999	0.02918
-0.0003	-0.0008999	0.02777
-0.0004	-0.0008999	0.0229
-0.0005	-0.0008999	0.01819
-0.0006	-0.0008999	0.01367
-0.0007	-0.0008999	0.01172
-0.0008	-0.0008999	0.01113
-0.0009	-0.0008999	0.01024
-0.001	-0.0008999	0.00988
-0.001	-0.0009999	0.01021
-0.0009	-0.0009999	0.01063
-0.0008	-0.0009999	0.01151
-0.0007	-0.0009999	0.01227
-0.0006	-0.0009999	0.01484
-0.0005	-0.0009999	0.0195
-0.0004	-0.0009999	0.02413
-0.0003	-0.0009999	0.02837
-0.0002	-0.0009999	0.02876
-0.0001	-0.0009999	0.02561
0.0	-0.0009999	0.021
0.0001	-0.0009999	0.01593
0.0002	-0.0009999	0.01242
0.0003	-0.0009999	0.01021
0.0004	-0.0009999	0.00889
0.0005	-0.0009999	0.00794
0.0006	-0.0009999	7.28e-09
0.0007	-0.0009999	6.82e-09
0.0008	-0.0009999	0.00648
0.0009	-0.0009999	0.0061
0.001	-0.0009999	0.00573
0.0011	-0.0009999	0.00537
0.0012	-0.0009999	0.00512
0.0013	-0.0009999	0.00494
0.0014	-0.0009999	4.82e-09
0.0015	-0.0009999	4.64e-09
0.0016	-0.0009999	0.00447
0.0017	-0.0009999	0.00432
0.0018	-0.0009999	0.0042
0.0019	-0.0009999	4.1e-09
0.002	-0.0009999	0.00397
0.002	-0.0010999	0.00403
0.0019	-0.0010999	0.00413
0.0018	-0.0010999	0.00428
0.0017	-0.0010999	0.00439
0.0016	-0.0010999	4.56e-09
0.0015	-0.0010999	4.7e-09
0.0014	-0.0010999	0.00484
0.0013	-0.0010999	5.01e-09
0.0012	-0.0010999	0.00518
0.0011	-0.0010999	0.00542
0.001	-0.0010999	0.00576
0.0009	-0.0010999	0.00611
0.0008	-0.0010999	0.00642
0.0007	-0.0010999	0.00682
0.0006	-0.0010999	0.00726
0.0005	-0.0010999	0.00794
0.0004	-0.0010999	0.00874
0.0003	-0.0010999	0.00988
0.0002	-0.0010999	0.01183
0.0001	-0.0010999	0.01485
0.0	-0.0010999	0.01932
-0.0001	-0.0010999	0.02419
-0.0002	-0.0010999	0.02759
-0.0003	-0.0010999	2.839e-08
-0.0004	-0.0010999	0.02511
-0.0005	-0.0010999	0.02058
-0.0006	-0.0010999	0.01609
-0.0007	-0.0010999	0.01288
-0.0008	-0.0010999	0.01183
-0.0009	-0.0010999	0.01106
-0.001	-0.0010999	0.01047
-0.001	-0.0011999	0.01076
-0.0009	-0.0011999	0.01154
-0.0008	-0.0011999	1.222e-08
-0.0007	-0.0011999	0.01344
-0.0006	-0.0011999	0.01714
-0.0005	-0.0011999	0.02131
-0.0004	-0.0011999	0.02557
-0.0003	-0.0011999	0.0281
-0.0002	-0.0011999	0.02635
-0.0001	-0.0011999	0.02267
0.0	-0.0011999	0.01796
0.0001	-0.0011999	0.01403
0.0002	-0.0011999	0.01125
0.0003	-0.0011999	0.00967
0.0004	-0.0011999	0.00873
0.0005	-0.0011999	0.00798
0.0006	-0.0011999	0.00735
0.0007	-0.0011999	0.0069
0.0008	-0.0011999	6.56e-09
0.0009	-0.0011999	0.00618
0.001	-0.0011999	0.00578
0.0011	-0.0011999	0.00549
0.0012	-0.0011999	0.00531
0.0013	-0.0011999	0.00516
0.0014	-0.0011999	0.00498
0.0015	-0.0011999	0.00475
0.0016	-0.0011999	0.0046
0.0017	-0.0011999	0.00445
0.0018	-0.0011999	0.0043
0.0019	-0.0011999	0.00419
0.002	-0.0011999	0.00409
0.002	-0.0012999	0.00418
0.0019	-0.0012999	0.0043
0.0018	-0.0012999	0.00438
0.0017	-0.0012999	0.00449
0.0016	-0.0012999	0.00464
0.0015	-0.0012999	0.00481
0.0014	-0.0012999	0.00503
0.0013	-0.0012999	5.24e-09
0.0012	-0.0012999	0.00538
0.0011	-0.0012999	0.00558
0.001	-0.0012999	0.00583
0.0009	-0.0012999	6.23e-09
0.0008	-0.0012999	0.00659
0.0007	-0.0012999	0.00698
0.0006	-0.0012999	0.0074
0.0005	-0.0012999	0.00804
0.0004	-0.0012999	0.00878
0.0003	-0.0012999	0.00961
0.0002	-0.0012999	0.01079
0.0001	-0.0012999	0.01305
0.0	-0.0012999	0.01655
-0.0001	-0.0012999	0.02114
-0.0002	-0.0012999	0.0251
-0.0003	-0.0012999	0.02736
-0.0004	-0.0012999	0.02614
-0.0005	-0.0012999	0.02209
-0.0006	-0.0012999	0.0182
-0.0007	-0.0012999	0.01425
-0.0008	-0.0012999	0.01237
-0.0009	-0.0012999	0.01173
-0.001	-0.0012999	0.011
-0.001	-0.0013999	0.0114
-0.0009	-0.0013999	0.01199
-0.0008	-0.0013999	1.253e-08
-0.0007	-0.0013999	0.01474
-0.0006	-0.0013999	0.01857
-0.0005	-0.0013999	2.241e-08
-0.0004	-0.0013999	0.02607
-0.0003	-0.0013999	0.02628
-0.0002	-0.0013999	0.0238
-0.0001	-0.0013999	0.0198
0.0	-0.0013999	0.01547
0.0001	-0.0013999	0.01244
0.0002	-0.0013999	0.01062
0.0003	-0.0013999	0.00951
0.0004	-0.0013999	0.00876
0.0005	-0.0013999	0.008
0.0006	-0.0013999	0.00734
0.0007	-0.0013999	6.89e-09
0.0008	-0.0013999	0.00653
0.0009	-0.0013999	0.00612
0.001	-0.0013999	0.00578
0.0011	-0.0013999	0.00553
0.0012	-0.0013999	0.00535
0.0013	-0.0013999	0.00521
0.0014	-0.0013999	5.06e-09
0.0015	-0.0013999	4.84e-09
0.0016	-0.0013999	0.00464
0.0017	-0.0013999	0.00452
0.0018	-0.0013999	0.00442
0.0019	-0.0013999	4.3e-09
0.002	-0.0013999	0.00418
0.002	-0.0015	0.00426
0.0019	-0.0015	0.0044
0.0018	-0.0015	0.00448
0.0017	-0.0015	4.58e-09
0.0016	-0.0015	0.00472
0.0015	-0.0015	4.91e-09
0.0014	-0.0015	0.0051
0.0013	-0.0015	0.00527
0.0012	-0.0015	5.4e-09
0.0011	-0.0015	0.00557
0.001	-0.0015	0.00581
0.0009	-0.0015	0.00611
0.0008	-0.0015	0.00648
0.0007	-0.0015	0.00684
0.0006	-0.0015	0.00724
0.0005	-0.0015	0.00783
0.0004	-0.0015	0.00851
0.0003	-0.0015	9.32e-09
0.0002	-0.0015	0.01023
0.0001	-0.0015	0.01178
0.0	-0.0015	0.01434
-0.0001	-0.0015	0.0182
-0.0002	-0.0015	0.02198
-0.0003	-0.0015	0.02484
-0.0004	-0.0015	0.02525
-0.0005	-0.0015	0.02266
-0.0006	-0.0015	0.01889
-0.0007	-0.0015	0.01534
-0.0008	-0.0015	0.01268
-0.0009	-0.0015	0.01207
-0.001	-0.0015	0.01165
-0.001	-0.0015999	0.01188
-0.0009	-0.0015999	0.01221
-0.0008	-0.0015999	0.01312
-0.0007	-0.0015999	0.01589
-0.0006	-0.0015999	0.01929
-0.0005	-0.0015999	0.02275
-0.0004	-0.0015999	0.0248
-0.0003	-0.0015999	2.377e-08
-0.0002	-0.0015999	0.02083
-0.0001	-0.0015999	0.01704
0.0	-0.0015999	0.0137
0.0001	-0.0015999	0.01128
0.0002	-0.0015999	0.00999
0.0003	-0.0015999	0.0091
0.0004	-0.0015999	0.0084
0.0005	-0.0015999	0.00764
0.0006	-0.0015999	7.19e-09
0.0007	-0.0015999	0.00684
0.0008	-0.0015999	6.48e-09
0.0009	-0.0015999	0.00617
0.001	-0.0015999	0.0059
0.0011	-0.0015999	5.72e-09
0.0012	-0.0015999	0.00558
0.0013	-0.0015999	0.00536
0.0014	-0.0015999	0.00515
0.0015	-0.0015999	0.00501
0.0016	-0.0015999	0.00482
0.0017	-0.0015999	4.66e-09
0.0018	-0.0015999	0.00455
0.0019	-0.0015999	4.44e-09
0.002	-0.0015999	0.0044
0.002	-0.0016999	4.42e-09
0.0019	-0.0016999	0.00451
0.0018	-0.0016999	0.00462
0.0017	-0.0016999	0.00475
0.0016	-0.0016999	0.0049
0.0015	-0.0016999	0.00506
0.0014	-0.0016999	5.23e-09
0.0013	-0.0016999	0.00539
0.0012	-0.0016999	0.00553
0.0011	-0.0016999	0.00574
0.001	-0.0016999	0.00591
0.0009	-0.0016999	6.21e-09
0.0008	-0.0016999	0.00649
0.0007	-0.0016999	0.00676
0.0006	-0.0016999	0.00711
0.0005	-0.0016999	7.5e-09
0.0004	-0.0016999	8.14e-09
0.0003	-0.0016999	0.00889
0.0002	-0.0016999	0.00966
0.0001	-0.0016999	0.01078
0.0	-0.0016999	0.01283
-0.0001	-0.0016999	0.01579
-0.0002	-0.0016999	1.927e-08
-0.0003	-0.0016999	0.02241
-0.0004	-0.0016999	0.02403
-0.0005	-0.0016999	0.02287
-0.0006	-0.0016999	0.01985
-0.0007	-0.0016999	0.01658
-0.0008	-0.0016999	0.01354
-0.0009	-0.0016999	1.238e-08
-0.001	-0.0016999	0.01205
-0.001	-0.0017999	0.01193
-0.0009	-0.0017999	0.01225
-0.0008	-0.0017999	1.389e-08
-0.0007	-0.0017999	0.0171
-0.0006	-0.0017999	0.02019
-0.0005	-0.0017999	0.0226
-0.0004	-0.0017999	0.02281
-0.0003	-0.0017999	0.02102
-0.0002	-0.0017999	0.01808
-0.0001	-0.0017999	0.0149
0.0	-0.0017999	1.228e-08
0.0001	-0.0017999	0.0105
0.0002	-0.0017999	9.5e-09
0.0003	-0.0017999	0.0088
0.0004	-0.0017999	0.00806
0.0005	-0.0017999	0.00751
0.0006	-0.0017999	7.13e-09
0.0007	-0.0017999	0.00675
0.0008	-0.0017999	0.00653
0.0009	-0.0017999	0.00627
0.001	-0.0017999	5.99e-09
0.0011	-0.0017999	0.00574
0.0012	-0.0017999	0.00555
0.0013	-0.0017999	5.41e-09
0.0014	-0.0017999	0.00524
0.0015	-0.0017999	5.06e-09
0.0016	-0.0017999	0.00492
0.0017	-0.0017999	0.00481
0.0018	-0.0017999	4.67e-09
0.0019	-0.0017999	0.00455
0.002	-0.0017999	0.00446
0.002	-0.0018999	0.00453
0.0019	-0.0018999	0.00463
0.0018	-0.0018999	0.00478
0.0017	-0.0018999	4.87e-09
0.0016	-0.0018999	0.00497
0.0015	-0.0018999	5.11e-09
0.0014	-0.0018999	5.27e-09
0.0013	-0.0018999	0.00543
0.0012	-0.0018999	0.0056
0.0011	-0.0018999	0.00574
0.001	-0.0018999	0.00599
0.0009	-0.0018999	0.00625
0.0008	-0.0018999	0.00649
0.0007	-0.0018999	6.7e-09
0.0006	-0.0018999	0.00709
0.0005	-0.0018999	0.00751
0.0004	-0.0018999	0.008
0.0003	-0.0018999	0.00868
0.0002	-0.0018999	9.37e-09
0.0001	-0.0018999	0.01012
0.0	-0.0018999	0.01167
-0.0001	-0.0018999	0.01398
-0.0002	-0.0018999	0.0169
-0.0003	-0.0018999	0.01964
-0.0004	-0.0018999	0.02177
-0.0005	-0.0018999	0.02183
-0.0006	-0.0018999	0.02001
-0.0007	-0.0018999	0.01729
-0.0008	-0.0018999	0.01434
-0.0009	-0.0018999	0.0124
-0.001	-0.0018999	0.012
-0.001	-0.0019999	0.01196
-0.0009	-0.0019999	1.242e-08
-0.0008	-0.0019999	0.0146
-0.0007	-0.0019999	0.01745
-0.0006	-0.0019999	0.01995
-0.0005	-0.0019999	0.02131
-0.0004	-0.0019999	0.02076
-0.0003	-0.0019999	0.01851
-0.0002	-0.0019999	0.01597
-0.0001	-0.0019999	0.01343
0.0	-0.0019999	0.01116
0.0001	-0.0019999	0.00979
0.0002	-0.0019999	0.00912
0.0003	-0.0019999	0.00863
0.0004	-0.0019999	0.0079
0.0005	-0.0019999	7.44e-09
0.0006	-0.0019999	0.00708
0.0007	-0.0019999	0.00675
0.0008	-0.0019999	0.00647
0.0009	-0.0019999	6.26e-09
0.001	-0.0019999	0.006
0.0011	-0.0019999	0.00575
0.0012	-0.0019999	0.00562
0.0013	-0.0019999	0.00544
0.0014	-0.0019999	0.00529
0.0015	-0.0019999	0.00513
0.0016	-0.0019999	0.00501
0.0017	-0.0019999	4.91e-09
0.0018	-0.0019999	0.0048
0.0019	-0.0019999	0.00472
0.002	-0.0019999	0.0046
0.002	-0.0020999	4.66e-09
0.0019	-0.0020999	0.00477
0.0018	-0.0020999	0.00487
0.0017	-0.0020999	0.00496
0.0016	-0.0020999	0.00505
0.0015	-0.0020999	0.00516
0.0014	-0.0020999	0.00529
0.0013	-0.0020999	0.00545
0.0012	-0.0020999	5.59e-09
0.0011	-0.0020999	0.00575
0.001	-0.0020999	0.00596
0.0009	-0.0020999	0.00621
0.0008	-0.0020999	0.00647
0.0007	-0.0020999	6.73e-09
0.0006	-0.0020999	0.00705
0.0005	-0.0020999	0.00736
0.0004	-0.0020999	0.00778
0.0003	-0.0020999	0.00842
0.0002	-0.0020999	8.99e-09
0.0001	-0.0020999	0.00949
0.0	-0.0020999	0.01071
-0.0001	-0.0020999	0.01263
-0.0002	-0.0020999	0.01516
-0.0003	-0.0020999	0.01761
-0.0004	-0.0020999	0.01981
-0.0005	-0.0020999	0.02081
-0.0006	-0.0020999	0.01984
-0.0007	-0.0020999	0.01772
-0.0008	-0.0020999	0.01496
-0.0009	-0.0020999	0.01257
-0.001	-0.0020999	0.01191
-0.001	-0.0021999	0.01193
-0.0009	-0.0021999	0.01278
-0.0008	-0.0021999	0.01523
-0.0007	-0.0021999	0.01776
-0.0006	-0.0021999	0.01958
-0.0005	-0.0021999	0.02005
-0.0004	-0.0021999	0.01877
-0.0003	-0.0021999	0.01665
-0.0002	-0.0021999	0.01448
-0.0001	-0.0021999	0.0122
0.0	-0.0021999	0.01048
0.0001	-0.0021999	0.0094
0.0002	-0.0021999	0.00885
0.0003	-0.0021999	0.00824
0.0004	-0.0021999	0.00769
0.0005	-0.0021999	0.00738
0.0006	-0.0021999	0.00706
0.0007	-0.0021999	0.00675
0.0008	-0.0021999	0.00652
0.0009	-0.0021999	0.00624
0.001	-0.0021999	0.006
0.0011	-0.0021999	0.00575
0.0012	-0.0021999	0.0056
0.0013	-0.0021999	0.00545
0.0014	-0.0021999	0.00536
0.0015	-0.0021999	0.00525
0.0016	-0.0021999	5.13e-09
0.0017	-0.0021999	0.00502
0.0018	-0.0021999	0.00491
0.0019	-0.0021999	0.00481
0.002	-0.0021999	0.00476
0.002	-0.0022999	0.00477
0.0019	-0.0022999	0.00487
0.0018	-0.0022999	0.005
0.0017	-0.0022999	0.00508
0.0016	-0.0022999	0.00519
0.0015	-0.0022999	5.35e-09
0.0014	-0.0022999	0.00543
0.0013	-0.0022999	0.00556
0.0012	-0.0022999	0.00568
0.0011	-0.0022999	0.00585
0.001	-0.0022999	6.05e-09
0.0009	-0.0022999	0.00629
0.0008	-0.0022999	0.00653
0.0007	-0.0022999	0.00676
0.0006	-0.0022999	0.00703
0.0005	-0.0022999	0.00737
0.0004	-0.0022999	0.00769
0.0003	-0.0022999	0.00818
0.0002	-0.0022999	0.00881
0.0001	-0.0022999	0.00937
0.0	-0.0022999	0.01027
-0.0001	-0.0022999	0.0117
-0.0002	-0.0022999	0.01376
-0.0003	-0.0022999	0.01592
-0.0004	-0.0022999	0.01792
-0.0005	-0.0022999	0.01938
-0.0006	-0.0022999	1.919e-08
-0.0007	-0.0022999	0.01787
-0.0008	-0.0022999	0.01575
-0.0009	-0.0022999	0.01315
-0.001	-0.0022999	0.01196
-0.001	-0.0023999	0.0118
-0.0009	-0.0023999	0.01326
-0.0008	-0.0023999	0.01563
-0.0007	-0.0023999	1.729e-08
-0.0006	-0.0023999	0.01828
-0.0005	-0.0023999	0.01836
-0.0004	-0.0023999	0.01692
-0.0003	-0.0023999	0.01508
-0.0002	-0.0023999	0.01316
-0.0001	-0.0023999	0.01121
0.0	-0.0023999	0.00996
0.0001	-0.0023999	0.00913
0.0002	-0.0023999	0.0087
0.0003	-0.0023999	0.00815
0.0004	-0.0023999	7.67e-09
0.0005	-0.0023999	0.00734
0.0006	-0.0023999	0.00705
0.0007	-0.0023999	6.75e-09
0.0008	-0.0023999	0.00652
0.0009	-0.0023999	0.00633
0.001	-0.0023999	0.00611
0.0011	-0.0023999	0.0059
0.0012	-0.0023999	0.00578
0.0013	-0.0023999	0.00563
0.0014	-0.0023999	0.00552
0.0015	-0.0023999	0.00542
0.0016	-0.0023999	0.00533
0.0017	-0.0023999	0.00519
0.0018	-0.0023999	0.00509
0.0019	-0.0023999	0.005
0.002	-0.0023999	0.0049
0.002	-0.0024999	4.96e-09
0.0019	-0.0024999	0.00504
0.0018	-0.0024999	0.00514
0.0017	-0.0024999	0.00525
0.0016	-0.0024999	0.00534
0.0015	-0.0024999	0.00543
0.0014	-0.0024999	0.00555
0.0013	-0.0024999	5.67e-09
0.0012	-0.0024999	0.0058
0.0011	-0.0024999	0.00597
0.001	-0.0024999	0.00618
0.0009	-0.0024999	0.00641
0.0008	-0.0024999	0.00652
0.0007	-0.0024999	0.00672
0.0006	-0.0024999	0.00701
0.0005	-0.0024999	0.0073
0.0004	-0.0024999	0.00756
0.0003	-0.0024999	0.00792
0.0002	-0.0024999	8.42e-09
0.0001	-0.0024999	0.00892
0.0	-0.0024999	0.00962
-0.0001	-0.0024999	0.0107
-0.0002	-0.0024999	0.01236
-0.0003	-0.0024999	0.0142
-0.0004	-0.0024999	0.0159
-0.0005	-0.0024999	0.01741
-0.0006	-0.0024999	1.776e-08
-0.0007	-0.0024999	0.01679
-0.0008	-0.0024999	0.0157
-0.0009	-0.0024999	0.01364
-0.001	-0.0024999	0.01185
-0.001	-0.0025999	0.01192
-0.0009	-0.0025999	0.01366
-0.0008	-0.0025999	0.01529
-0.0007	-0.0025999	0.01611
-0.0006	-0.0025999	0.01694
-0.0005	-0.0025999	0.0166
-0.0004	-0.0025999	0.01504
-0.0003	-0.0025999	0.0135
-0.0002	-0.0025999	0.01174
-0.0001	-0.0025999	0.01024
0.0	-0.0025999	0.00938
0.0001	-0.0025999	0.00883
0.0002	-0.0025999	8.3e-09
0.0003	-0.0025999	0.00784
0.0004	-0.0025999	0.00758
0.0005	-0.0025999	0.00727
0.0006	-0.0025999	0.00702
0.0007	-0.0025999	0.00681
0.0008	-0.0025999	0.0066
0.0009	-0.0025999	0.00641
0.001	-0.0025999	0.00623
0.0011	-0.0025999	6.08e-09
0.0012	-0.0025999	5.95e-09
0.0013	-0.0025999	0.00579
0.0014	-0.0025999	0.00564
0.0015	-0.0025999	0.00555
0.0016	-0.0025999	0.00541
0.0017	-0.0025999	0.00534
0.0018	-0.0025999	0.00524
0.0019	-0.0025999	0.00514
0.002	-0.0025999	0.00505
0.002	-0.0026999	0.00511
0.0019	-0.0026999	0.0052
0.0018	-0.0026999	0.00527
0.0017	-0.0026999	0.00537
0.0016	-0.0026999	0.00549
0.0015	-0.0026999	0.00559
0.0014	-0.0026999	0.00568
0.0013	-0.0026999	0.00577
0.0012	-0.0026999	0.0059
0.0011	-0.0026999	0.00601
0.001	-0.0026999	0.00617
0.0009	-0.0026999	0.00635
0.0008	-0.0026999	0.00657
0.0007	-0.0026999	6.78e-09
0.0006	-0.0026999	6.94e-09
0.0005	-0.0026999	0.0072
0.0004	-0.0026999	0.0075
0.0003	-0.0026999	7.77e-09
0.0002	-0.0026999	0.00821
0.0001	-0.0026999	0.00868
0.0	-0.0026999	0.00916
-0.0001	-0.0026999	0.00998
-0.0002	-0.0026999	0.01132
-0.0003	-0.0026999	0.01303
-0.0004	-0.0026999	0.01449
-0.0005	-0.0026999	0.01588
-0.0006	-0.0026999	0.01642
-0.0007	-0.0026999	0.01576
-0.0008	-0.0026999	0.01488
-0.0009	-0.0026999	0.01361
-0.001	-0.0026999	0.01201
-0.001	-0.0027999	0.01191
-0.0009	-0.0027999	0.01339
-0.0008	-0.0027999	1.433e-08
-0.0007	-0.0027999	0.01531
-0.0006	-0.0027999	0.01573
-0.0005	-0.0027999	0.01508
-0.0004	-0.0027999	0.01392
-0.0003	-0.0027999	0.01256
-0.0002	-0.0027999	0.01103
-0.0001	-0.0027999	9.86e-09
0.0	-0.0027999	0.00908
0.0001	-0.0027999	0.00867
0.0002	-0.0027999	0.00818
0.0003	-0.0027999	0.00774
0.0004	-0.0027999	0.00752
0.0005	-0.0027999	0.0073
0.0006	-0.0027999	0.00704
0.0007	-0.0027999	0.0068
0.0008	-0.0027999	0.00664
0.0009	-0.0027999	0.00646
0.001	-0.0027999	0.00628
0.0011	-0.0027999	0.00613
0.0012	-0.0027999	0.00601
0.0013	-0.0027999	5.85e-09
0.0014	-0.0027999	0.00578
0.0015	-0.0027999	0.00568
0.0016	-0.0027999	0.00557
0.0017	-0.0027999	0.00546
0.0018	-0.0027999	0.00537
0.0019	-0.0027999	5.27e-09
0.002	-0.0027999	0.00518
0.002	-0.0028999	0.00523
0.0019	-0.0028999	0.00532
0.0018	-0.0028999	0.00541
0.0017	-0.0028999	5.49e-09
0.0016	-0.0028999	0.0056
0.0015	-0.0028999	0.00569
0.0014	-0.0028999	0.00577
0.0013	-0.0028999	5.88e-09
0.0012	-0.0028999	0.006
0.0011	-0.0028999	6.12e-09
0.001	-0.0028999	0.00627
0.0009	-0.0028999	6.43e-09
0.0008	-0.0028999	0.00663
0.0007	-0.0028999	0.0068
0.0006	-0.0028999	0.007
0.0005	-0.0028999	7.23e-09
0.0004	-0.0028999	0.00744
0.0003	-0.0028999	0.00777
0.0002	-0.0028999	0.00813
0.0001	-0.0028999	0.00852
0.0	-0.0028999	0.00899
-0.0001	-0.0028999	0.0097
-0.0002	-0.0028999	0.01056
-0.0003	-0.0028999	1.194e-08
-0.0004	-0.0028999	0.01308
-0.0005	-0.0028999	0.01417
-0.0006	-0.0028999	0.015
-0.0007	-0.0028999	0.01472
-0.0008	-0.0028999	0.01389
-0.0009	-0.0028999	0.01304
-0.001	-0.0028999	0.01176
-0.001	-0.0029999	0.01155
-0.0009	-0.0029999	0.0126
-0.0008	-0.0029999	0.01308
-0.0007	-0.0029999	0.01363
-0.0006	-0.0029999	0.01371
-0.0005	-0.0029999	0.013
-0.0004	-0.0029999	0.01228
-0.0003	-0.0029999	0.01137
-0.0002	-0.0029999	0.01022
-0.0001	-0.0029999	9.42e-09
0.0	-0.0029999	0.00874
0.0001	-0.0029999	8.28e-09
0.0002	-0.0029999	0.00795
0.0003	-0.0029999	0.00766
0.0004	-0.0029999	0.00739
0.0005	-0.0029999	0.00715
0.0006	-0.0029999	0.00696
0.0007	-0.0029999	0.00679
0.0008	-0.0029999	0.00666
0.0009	-0.0029999	6.48e-09
0.001	-0.0029999	0.00632
0.0011	-0.0029999	0.00617
0.0012	-0.0029999	0.00605
0.0013	-0.0029999	0.0059
0.0014	-0.0029999	0.00581
0.0015	-0.0029999	0.00573
0.0016	-0.0029999	0.00564
0.0017	-0.0029999	5.55e-09
0.0018	-0.0029999	0.00546
0.0019	-0.0029999	0.00535
0.002	-0.0029999	0.00529
0.002	-0.0030999	0.00533
0.0019	-0.0030999	0.00542
0.0018	-0.0030999	0.00549
0.0017	-0.0030999	0.00557
0.0016	-0.0030999	0.00563
0.0015	-0.0030999	0.0057
0.0014	-0.0030999	0.00582
0.0013	-0.0030999	0.00592
0.0012	-0.0030999	0.00604
0.0011	-0.0030999	6.14e-09
0.001	-0.0030999	0.00624
0.0009	-0.0030999	0.00644
0.0008	-0.0030999	0.00656
0.0007	-0.0030999	6.74e-09
0.0006	-0.0030999	0.00692
0.0005	-0.0030999	0.00712
0.0004	-0.0030999	7.3e-09
0.0003	-0.0030999	0.00746
0.0002	-0.0030999	0.00771
0.0001	-0.0030999	0.00811
0.0	-0.0030999	8.53e-09
-0.0001	-0.0030999	0.00906
-0.0002	-0.0030999	0.0097
-0.0003	-0.0030999	0.01065
-0.0004	-0.0030999	0.0115
-0.0005	-0.0030999	0.01218
-0.0006	-0.0030999	0.01281
-0.0007	-0.0030999	0.01286
-0.0008	-0.0030999	0.01228
-0.0009	-0.0030999	0.01189
-0.001	-0.0030999	0.01132
-0.001	-0.0031999	0.01121
-0.0009	-0.0031999	0.01149
-0.0008	-0.0031999	0.01168
-0.0007	-0.0031999	1.216e-08
-0.0006	-0.0031999	0.012
-0.0005	-0.0031999	0.01137
-0.0004	-0.0031999	0.01072
-0.0003	-0.0031999	0.01004
-0.0002	-0.0031999	0.0093
-0.0001	-0.0031999	8.69e-09
0.0	-0.0031999	0.00823
0.0001	-0.0031999	7.94e-09
0.0002	-0.0031999	0.00759
0.0003	-0.0031999	0.00733
0.0004	-0.0031999	0.00715
0.0005	-0.0031999	0.00702
0.0006	-0.0031999	0.00684
0.0007	-0.0031999	6.64e-09
0.0008	-0.0031999	0.00649
0.0009	-0.0031999	0.00638
0.001	-0.0031999	6.26e-09
0.0011	-0.0031999	0.00612
0.0012	-0.0031999	6.03e-09
0.0013	-0.0031999	0.00589
0.0014	-0.0031999	0.0058
0.0015	-0.0031999	0.0057
0.0016	-0.0031999	0.00563
0.0017	-0.0031999	0.00555
0.0018	-0.0031999	0.00547
0.0019	-0.0031999	5.39e-09
0.002	-0.0031999	0.0053
0.002	-0.0032999	0.0053
0.0019	-0.0032999	5.37e-09
0.0018	-0.0032999	0.00545
0.0017	-0.0032999	0.00553
0.0016	-0.0032999	0.00561
0.0015	-0.0032999	0.00569
0.0014	-0.0032999	0.00576
0.0013	-0.0032999	0.00583
0.0012	-0.0032999	0.00594
0.0011	-0.0032999	0.00607
0.001	-0.0032999	6.19e-09
0.0009	-0.0032999	6.28e-09
0.0008	-0.0032999	0.0064
0.0007	-0.0032999	0.00653
0.0006	-0.0032999	0.00669
0.0005	-0.0032999	0.0068
0.0004	-0.0032999	0.00697
0.0003	-0.0032999	0.00713
0.0002	-0.0032999	0.00738
0.0001	-0.0032999	0.00766
0.0	-0.0032999	0.0079
-0.0001	-0.0032999	0.00829
-0.0002	-0.0032999	0.00878
-0.0003	-0.0032999	0.00934
-0.0004	-0.0032999	0.00981
-0.0005	-0.0032999	0.01032
-0.0006	-0.0032999	0.011
-0.0007	-0.0032999	0.01133
-0.0008	-0.0032999	0.01098
-0.0009	-0.0032999	0.01075
-0.001	-0.0032999	0.01071
-0.001	-0.0033999	0.01031
-0.0009	-0.0033999	0.01024
-0.0008	-0.0033999	0.01038
-0.0007	-0.0033999	0.01058
-0.0006	-0.0033999	0.01027
-0.0005	-0.0033999	0.00978
-0.0004	-0.0033999	0.00936
-0.0003	-0.0033999	0.00898
-0.0002	-0.0033999	0.00854
-0.0001	-0.0033999	8.1e-09
0.0	-0.0033999	0.00772
0.0001	-0.0033999	0.00747
0.0002	-0.0033999	0.00722
0.0003	-0.0033999	0.00703
0.0004	-0.0033999	0.0069
0.0005	-0.0033999	0.00673
0.0006	-0.0033999	0.00657
0.0007	-0.0033999	0.00645
0.0008	-0.0033999	0.00633
0.0009	-0.0033999	0.00623
0.001	-0.0033999	6.11e-09
0.0011	-0.0033999	0.00602
0.0012	-0.0033999	5.9e-09
0.0013	-0.0033999	0.00575
0.0014	-0.0033999	0.00569
0.0015	-0.0033999	5.61e-09
0.0016	-0.0033999	0.00552
0.0017	-0.0033999	0.00545
0.0018	-0.0033999	0.00538
0.0019	-0.0033999	5.3e-09
0.002	-0.0033999	0.00522
0.002	-0.0034999	0.00523
0.0019	-0.0034999	5.31e-09
0.0018	-0.0034999	0.0054
0.0017	-0.0034999	0.00543
0.0016	-0.0034999	0.00551
0.0015	-0.0034999	0.00558
0.0014	-0.0034999	5.66e-09
0.0013	-0.0034999	5.75e-09
0.0012	-0.0034999	5.83e-09
0.0011	-0.0034999	0.00593
0.001	-0.0034999	0.00603
0.0009	-0.0034999	0.0061
0.0008	-0.0034999	0.00624
0.0007	-0.0034999	6.35e-09
0.0006	-0.0034999	6.43e-09
0.0005	-0.0034999	6.58e-09
0.0004	-0.0034999	0.00676
0.0003	-0.0034999	0.0069
0.0002	-0.0034999	0.00708
0.0001	-0.0034999	0.00729
0.0	-0.0034999	0.00752
-0.0001	-0.0034999	0.00784
-0.0002	-0.0034999	0.00812
-0.0003	-0.0034999	8.51e-09
-0.0004	-0.0034999	0.00893
-0.0005	-0.0034999	0.00916
-0.0006	-0.0034999	0.00952
-0.0007	-0.0034999	9.82e-09
-0.0008	-0.0034999	0.00973
-0.0009	-0.0034999	0.00951
-0.001	-0.0034999	0.0096
-0.001	-0.0035999	0.00916
-0.0009	-0.0035999	9.16e-09
-0.0008	-0.0035999	0.00929
-0.0007	-0.0035999	0.00937
-0.0006	-0.0035999	0.00913
-0.0005	-0.0035999	8.86e-09
-0.0004	-0.0035999	0.00859
-0.0003	-0.0035999	0.0082
-0.0002	-0.0035999	0.0079
-0.0001	-0.0035999	0.00765
0.0	-0.0035999	0.00737
0.0001	-0.0035999	0.00712
0.0002	-0.0035999	6.91e-09
0.0003	-0.0035999	6.76e-09
0.0004	-0.0035999	0.00666
0.0005	-0.0035999	6.5e-09
0.0006	-0.0035999	0.00638
0.0007	-0.0035999	0.00628
0.0008	-0.0035999	0.00613
0.0009	-0.0035999	0.00603
0.001	-0.0035999	0.00589
0.0011	-0.0035999	0.00584
0.0012	-0.0035999	0.00574
0.0013	-0.0035999	0.00569
0.0014	-0.0035999	0.00561
0.0015	-0.0035999	0.00553
0.0016	-0.0035999	0.00548
0.0017	-0.0035999	0.00539
0.0018	-0.0035999	0.00532
0.0019	-0.0035999	0.00528
0.002	-0.0035999	0.00522
0.002	-0.0037	5.23e-09
0.0019	-0.0037	0.00528
0.0018	-0.0037	0.00534
0.0017	-0.0037	0.00538
0.0016	-0.0037	0.00545
0.0015	-0.0037	0.00553
0.0014	-0.0037	0.00559
0.0013	-0.0037	0.00565
0.0012	-0.0037	5.71e-09
0.0011	-0.0037	0.00579
0.001	-0.0037	0.00587
0.0009	-0.0037	0.00598
0.0008	-0.0037	0.00607
0.0007	-0.0037	0.00615
0.0006	-0.0037	0.00628
0.0005	-0.0037	0.0064
0.0004	-0.0037	0.00655
0.0003	-0.0037	0.00663
0.0002	-0.0037	0.00679
0.0001	-0.0037	0.00701
0.0	-0.0037	0.00721
-0.0001	-0.0037	7.45e-09
-0.0002	-0.0037	7.7e-09
-0.0003	-0.0037	0.00786
-0.0004	-0.0037	0.00824
-0.0005	-0.0037	0.00847
-0.0006	-0.0037	0.00863
-0.0007	-0.0037	0.00886
-0.0008	-0.0037	0.00885
-0.0009	-0.0037	0.00876
-0.001	-0.0037	0.0088
-0.001	-0.0037999	0.00851
-0.0009	-0.0037999	0.00847
-0.0008	-0.0037999	0.00852
-0.0007	-0.0037999	0.00844
-0.0006	-0.0037999	0.00824
-0.0005	-0.0037999	0.00816
-0.0004	-0.0037999	0.0079
-0.0003	-0.0037999	7.6e-09
-0.0002	-0.0037999	0.00742
-0.0001	-0.0037999	0.00723
0.0	-0.0037999	0.00701
0.0001	-0.0037999	0.00684
0.0002	-0.0037999	0.00666
0.0003	-0.0037999	0.00656
0.0004	-0.0037999	0.00646
0.0005	-0.0037999	0.00636
0.0006	-0.0037999	0.00621
0.0007	-0.0037999	0.00611
0.0008	-0.0037999	0.00603
0.0009	-0.0037999	0.00593
0.001	-0.0037999	0.00588
0.0011	-0.0037999	0.00575
0.0012	-0.0037999	0.00568
0.0013	-0.0037999	0.0056
0.0014	-0.0037999	0.00553
0.0015	-0.0037999	0.0055
0.0016	-0.0037999	0.00541
0.0017	-0.0037999	0.00535
0.0018	-0.0037999	5.29e-09
0.0019	-0.0037999	5.22e-09
0.002	-0.0037999	5.17e-09
0.002	-0.0038999	0.00519
0.0019	-0.0038999	0.00524
0.0018	-0.0038999	0.00529
0.0017	-0.0038999	0.00534
0.0016	-0.0038999	0.00539
0.0015	-0.0038999	5.46e-09
0.0014	-0.0038999	0.00551
0.0013	-0.0038999	0.00556
0.0012	-0.0038999	0.00563
0.0011	-0.0038999	0.00571
0.001	-0.0038999	0.00578
0.0009	-0.0038999	0.00586
0.0008	-0.0038999	0.00588
0.0007	-0.0038999	0.00599
0.0006	-0.0038999	0.00612
0.0005	-0.0038999	0.00625
0.0004	-0.0038999	6.32e-09
0.0003	-0.0038999	0.00645
0.0002	-0.0038999	6.56e-09
0.0001	-0.0038999	0.00671
0.0	-0.0038999	0.00682
-0.0001	-0.0038999	0.007
-0.0002	-0.0038999	0.00716
-0.0003	-0.0038999	0.00735
-0.0004	-0.0038999	0.00758
-0.0005	-0.0038999	0.00776
-0.0006	-0.0038999	0.00785
-0.0007	-0.0038999	8.02e-09
-0.0008	-0.0038999	0.00809
-0.0009	-0.0038999	0.0081
-0.001	-0.0038999	8.17e-09
-0.001	-0.0039999	0.00787
-0.0009	-0.0039999	0.00778
-0.0008	-0.0039999	0.00778
-0.0007	-0.0039999	0.00775
-0.0006	-0.0039999	7.57e-09
-0.0005	-0.0039999	0.00746
-0.0004	-0.0039999	0.00734
-0.0003	-0.0039999	0.00716
-0.0002	-0.0039999	0.00699
-0.0001	-0.0039999	0.00684
0.0	-0.0039999	6.69e-09
0.0001	-0.0039999	0.00655
0.0002	-0.0039999	0.00645
0.0003	-0.0039999	0.00635
0.0004	-0.0039999	0.00622
0.0005	-0.0039999	0.00611
0.0006	-0.0039999	0.00604
0.0007	-0.0039999	5.98e-09
0.0008	-0.0039999	0.0059
0.0009	-0.0039999	0.0058
0.001	-0.0039999	0.00573
0.0011	-0.0039999	0.00568
0.0012	-0.0039999	0.0056
0.0013	-0.0039999	0.00553
0.0014	-0.0039999	0.00548
0.0015	-0.0039999	0.00542
0.0016	-0.0039999	5.35e-09
0.0017	-0.0039999	0.0053
0.0018	-0.0039999	5.23e-09
0.0019	-0.0039999	0.00518
0.002	-0.0039999	0.00513
