Your comment line - do NOT delete this line
X-pos [m], Y-pos [m], Voltage [V]
-0.003	-0.00505	0.00280477
-0.00295	-0.00505	0.0029173
-0.0029	-0.00505	0.00305177
-0.00285	-0.00505	0.00319578
-0.0028	-0.00505	0.00334169
-0.00275	-0.00505	0.00349237
-0.0027	-0.00505	0.00364687
-0.00265	-0.00505	0.00380613
-0.0026	-0.00505	0.00396255
-0.00255	-0.00505	0.00411895
-0.0025	-0.00505	0.00427631
-0.00245	-0.00505	0.00443366
-0.0024	-0.00505	0.00458434
-0.00235	-0.00505	0.00472835
-0.0023	-0.00505	0.00486949
-0.00225	-0.00505	0.0050011
-0.0022	-0.00505	0.0051308
-0.00215	-0.00505	0.0052481
-0.0021	-0.00505	0.00535491
-0.00205	-0.00505	0.00545409
-0.002	-0.00505	0.00554088
-0.00195	-0.00505	0.00561717
-0.0019	-0.00505	0.00568393
-0.00185	-0.00505	0.00573543
-0.0018	-0.00505	0.00577739
-0.00175	-0.00505	0.00580314
-0.0017	-0.00505	0.00581458
-0.00165	-0.00505	0.00581935
-0.0016	-0.00505	0.00580218
-0.00155	-0.00505	0.00577644
-0.0015	-0.00505	0.00573543
-0.00145	-0.00505	0.00568011
-0.0014	-0.00505	0.00560763
-0.00135	-0.00505	0.00552943
-0.0013	-0.00505	0.00543121
-0.00125	-0.00505	0.0053263
-0.0012	-0.00505	0.00521472
-0.00115	-0.00505	0.0050936
-0.0011	-0.00505	0.00496677
-0.00105	-0.00505	0.00484088
-0.001	-0.00505	0.00470641
-0.00095	-0.00505	0.00457099
-0.0009	-0.00505	0.00443652
-0.00085	-0.00505	0.00430396
-0.0008	-0.00505	0.00417235
-0.00075	-0.00505	0.00404361
-0.0007	-0.00505	0.00391963
-0.00065	-0.00505	0.0037985
-0.0006	-0.00505	0.00368311
-0.00055	-0.00505	0.00357057
-0.0005	-0.00505	0.00346376
-0.00045	-0.00505	0.00335886
-0.0004	-0.00505	0.00325967
-0.00035	-0.00505	0.00316621
-0.0003	-0.00505	0.0030718
-0.00025	-0.00505	0.00298502
-0.0002	-0.00505	0.00290014
-0.00015	-0.00505	0.00281717
-0.0001	-0.00505	0.00273897
-5e-05	-0.00505	0.00266077
0.0	-0.00505	0.00258829
5e-05	-0.00505	0.00251772
0.0001	-0.00505	0.00244905
0.00015	-0.00505	0.00238229
0.0002	-0.00505	0.0023184
0.00025	-0.00505	0.00225832
0.0003	-0.00505	0.00219919
0.00035	-0.00505	0.00214197
0.0004	-0.00505	0.00208379
0.00045	-0.00505	0.00202848
0.0005	-0.00505	0.00197603
0.00055	-0.00505	0.00192548
0.0006	-0.00505	0.00187493
0.00065	-0.00505	0.00182629
0.0007	-0.00505	0.00178052
0.00075	-0.00505	0.00173569
0.0008	-0.00505	0.00169183
0.00085	-0.00505	0.00164986
0.0009	-0.00505	0.00160886
0.00095	-0.00505	0.00156976
0.001	-0.00505	0.00153256
0.00105	-0.00505	0.00149442
0.0011	-0.00505	0.00145818
0.00115	-0.00505	0.00142384
0.0012	-0.00505	0.00138856
0.00125	-0.00505	0.00135518
0.0013	-0.00505	0.00132371
0.00135	-0.00505	0.00129319
0.0014	-0.00505	0.00126172
0.00145	-0.00505	0.00123215
0.0015	-0.00505	0.00120354
0.0015	-0.0051	0.00118924
0.00145	-0.0051	0.00121308
0.0014	-0.0051	0.00124074
0.00135	-0.0051	0.00127126
0.0013	-0.0051	0.00130177
0.00125	-0.0051	0.00133324
0.0012	-0.0051	0.00136567
0.00115	-0.0051	0.00139905
0.0011	-0.0051	0.00143433
0.00105	-0.0051	0.00146962
0.001	-0.0051	0.00150491
0.00095	-0.0051	0.0015421
0.0009	-0.0051	0.00157929
0.00085	-0.0051	0.0016203
0.0008	-0.0051	0.00166035
0.00075	-0.0051	0.00170327
0.0007	-0.0051	0.00174714
0.00065	-0.0051	0.00179387
0.0006	-0.0051	0.0018406
0.00055	-0.0051	0.00188924
0.0005	-0.0051	0.00193787
0.00045	-0.0051	0.00199033
0.0004	-0.0051	0.00204469
0.00035	-0.0051	0.0020981
0.0003	-0.0051	0.00215437
0.00025	-0.0051	0.00221254
0.0002	-0.0051	0.00227262
0.00015	-0.0051	0.00233461
0.0001	-0.0051	0.00239946
5e-05	-0.0051	0.00246526
0.0	-0.0051	0.00253393
-5e-05	-0.0051	0.0026045
-0.0001	-0.0051	0.00267984
-0.00015	-0.0051	0.00275804
-0.0002	-0.0051	0.0028391
-0.00025	-0.0051	0.00292303
-0.0003	-0.0051	0.00300981
-0.00035	-0.0051	0.00309755
-0.0004	-0.0051	0.00319101
-0.00045	-0.0051	0.00328924
-0.0005	-0.0051	0.00339033
-0.00055	-0.0051	0.00349332
-0.0006	-0.0051	0.003603
-0.00065	-0.0051	0.00371458
-0.0007	-0.0051	0.00383283
-0.00075	-0.0051	0.00395492
-0.0008	-0.0051	0.00408176
-0.00085	-0.0051	0.00420859
-0.0009	-0.0051	0.00434116
-0.00095	-0.0051	0.00447562
-0.001	-0.0051	0.00460914
-0.00105	-0.0051	0.00474074
-0.0011	-0.0051	0.00486949
-0.00115	-0.0051	0.00499442
-0.0012	-0.0051	0.0051184
-0.00125	-0.0051	0.00523475
-0.0013	-0.0051	0.00534633
-0.00135	-0.0051	0.00544551
-0.0014	-0.0051	0.0055342
-0.00145	-0.0051	0.00560954
-0.0015	-0.0051	0.00567248
-0.00155	-0.0051	0.00572303
-0.0016	-0.0051	0.00575355
-0.00165	-0.0051	0.00577739
-0.0017	-0.0051	0.00578597
-0.00175	-0.0051	0.0057812
-0.0018	-0.0051	0.00575832
-0.00185	-0.0051	0.00572398
-0.0019	-0.0051	0.00567821
-0.00195	-0.0051	0.00562099
-0.002	-0.0051	0.00554946
-0.00205	-0.0051	0.00546935
-0.0021	-0.0051	0.00537685
-0.00215	-0.0051	0.00527766
-0.0022	-0.0051	0.00516894
-0.00225	-0.0051	0.00504497
-0.0023	-0.0051	0.00491527
-0.00235	-0.0051	0.00477794
-0.0024	-0.0051	0.00463584
-0.00245	-0.0051	0.00449184
-0.0025	-0.0051	0.00434116
-0.00255	-0.0051	0.00418666
-0.0026	-0.0051	0.00402644
-0.00265	-0.0051	0.00387003
-0.0027	-0.0051	0.00371458
-0.00275	-0.0051	0.00355913
-0.0028	-0.0051	0.00340654
-0.00285	-0.0051	0.00325967
-0.0029	-0.0051	0.00311472
-0.00295	-0.0051	0.00297834
-0.003	-0.0051	0.00284578
-0.003	-0.0051501	0.00286104
-0.00295	-0.0051501	0.00297739
-0.0029	-0.0051501	0.00311376
-0.00285	-0.0051501	0.00325777
-0.0028	-0.0051501	0.00340463
-0.00275	-0.0051501	0.00355531
-0.0027	-0.0051501	0.00370981
-0.00265	-0.0051501	0.00386526
-0.0026	-0.0051501	0.00401977
-0.00255	-0.0051501	0.00417712
-0.0025	-0.0051501	0.00433353
-0.00245	-0.0051501	0.00448135
-0.0024	-0.0051501	0.0046244
-0.00235	-0.0051501	0.00476459
-0.0023	-0.0051501	0.00490001
-0.00225	-0.0051501	0.0050278
-0.0022	-0.0051501	0.00514606
-0.00215	-0.0051501	0.00525668
-0.0021	-0.0051501	0.00535491
-0.00205	-0.0051501	0.00545028
-0.002	-0.0051501	0.00552943
-0.00195	-0.0051501	0.00559619
-0.0019	-0.0051501	0.0056515
-0.00185	-0.0051501	0.00570014
-0.0018	-0.0051501	0.00573066
-0.00175	-0.0051501	0.00574878
-0.0017	-0.0051501	0.00575545
-0.00165	-0.0051501	0.00574592
-0.0016	-0.0051501	0.00572494
-0.00155	-0.0051501	0.0056887
-0.0015	-0.0051501	0.00564006
-0.00145	-0.0051501	0.00557616
-0.0014	-0.0051501	0.00550273
-0.00135	-0.0051501	0.00541404
-0.0013	-0.0051501	0.00531486
-0.00125	-0.0051501	0.00520232
-0.0012	-0.0051501	0.00508216
-0.00115	-0.0051501	0.00496009
-0.0011	-0.0051501	0.00483134
-0.00105	-0.0051501	0.00470546
-0.001	-0.0051501	0.00457481
-0.00095	-0.0051501	0.00444415
-0.0009	-0.0051501	0.00431064
-0.00085	-0.0051501	0.00417998
-0.0008	-0.0051501	0.00405219
-0.00075	-0.0051501	0.00392631
-0.0007	-0.0051501	0.00380518
-0.00065	-0.0051501	0.00368883
-0.0006	-0.0051501	0.00357629
-0.00055	-0.0051501	0.00346948
-0.0005	-0.0051501	0.00336744
-0.00045	-0.0051501	0.00326635
-0.0004	-0.0051501	0.00316907
-0.00035	-0.0051501	0.00307657
-0.0003	-0.0051501	0.00298788
-0.00025	-0.0051501	0.002903
-0.0002	-0.0051501	0.00281908
-0.00015	-0.0051501	0.00273897
-0.0001	-0.0051501	0.00266077
-5e-05	-0.0051501	0.00258638
0.0	-0.0051501	0.00251581
5e-05	-0.0051501	0.00244905
0.0001	-0.0051501	0.00238134
0.00015	-0.0051501	0.00231744
0.0002	-0.0051501	0.00225641
0.00025	-0.0051501	0.00219633
0.0003	-0.0051501	0.00214006
0.00035	-0.0051501	0.00208379
0.0004	-0.0051501	0.00202848
0.00045	-0.0051501	0.00197698
0.0005	-0.0051501	0.00192548
0.00055	-0.0051501	0.00187684
0.0006	-0.0051501	0.00182915
0.00065	-0.0051501	0.00178147
0.0007	-0.0051501	0.00173665
0.00075	-0.0051501	0.00169373
0.0008	-0.0051501	0.00165177
0.00085	-0.0051501	0.00161172
0.0009	-0.0051501	0.00157166
0.00095	-0.0051501	0.00153256
0.001	-0.0051501	0.00149632
0.00105	-0.0051501	0.00146104
0.0011	-0.0051501	0.00142575
0.00115	-0.0051501	0.00139142
0.0012	-0.0051501	0.00135899
0.00125	-0.0051501	0.00132657
0.0013	-0.0051501	0.0012951
0.00135	-0.0051501	0.00126553
0.0014	-0.0051501	0.00123692
0.00145	-0.0051501	0.00120641
0.0015	-0.0051501	0.0011797
0.0015	-0.0052001	0.0011654
0.00145	-0.0052001	0.00118829
0.0014	-0.0052001	0.00121594
0.00135	-0.0052001	0.00124455
0.0013	-0.0052001	0.00127412
0.00125	-0.0052001	0.00130463
0.0012	-0.0052001	0.00133706
0.00115	-0.0052001	0.00136853
0.0011	-0.0052001	0.00140191
0.00105	-0.0052001	0.00143624
0.001	-0.0052001	0.00147153
0.00095	-0.0052001	0.00150777
0.0009	-0.0052001	0.00154496
0.00085	-0.0052001	0.00158311
0.0008	-0.0052001	0.00162316
0.00075	-0.0052001	0.00166322
0.0007	-0.0052001	0.00170518
0.00065	-0.0052001	0.00174905
0.0006	-0.0052001	0.00179387
0.00055	-0.0052001	0.0018406
0.0005	-0.0052001	0.00188828
0.00045	-0.0052001	0.00193883
0.0004	-0.0052001	0.00199033
0.00035	-0.0052001	0.00204279
0.0003	-0.0052001	0.00209714
0.00025	-0.0052001	0.00215341
0.0002	-0.0052001	0.00221159
0.00015	-0.0052001	0.00227167
0.0001	-0.0052001	0.00233366
5e-05	-0.0052001	0.0023966
0.0	-0.0052001	0.00246431
-5e-05	-0.0052001	0.00253393
-0.0001	-0.0052001	0.00260736
-0.00015	-0.0052001	0.00268079
-0.0002	-0.0052001	0.00275995
-0.00025	-0.0052001	0.00284101
-0.0003	-0.0052001	0.00292684
-0.00035	-0.0052001	0.00301363
-0.0004	-0.0052001	0.00310422
-0.00045	-0.0052001	0.00319768
-0.0005	-0.0052001	0.00329496
-0.00055	-0.0052001	0.003397
-0.0006	-0.0052001	0.00350286
-0.00065	-0.0052001	0.00361158
-0.0007	-0.0052001	0.00372507
-0.00075	-0.0052001	0.00384237
-0.0008	-0.0052001	0.0039635
-0.00085	-0.0052001	0.00409034
-0.0009	-0.0052001	0.00421813
-0.00095	-0.0052001	0.00435165
-0.001	-0.0052001	0.00448421
-0.00105	-0.0052001	0.00461295
-0.0011	-0.0052001	0.00474265
-0.00115	-0.0052001	0.00487044
-0.0012	-0.0052001	0.00499538
-0.00125	-0.0052001	0.00511554
-0.0013	-0.0052001	0.00522712
-0.00135	-0.0052001	0.00533393
-0.0014	-0.0052001	0.00542834
-0.00145	-0.0052001	0.00551036
-0.0015	-0.0052001	0.00558093
-0.00155	-0.0052001	0.00563815
-0.0016	-0.0052001	0.00567916
-0.00165	-0.0052001	0.00570586
-0.0017	-0.0052001	0.00572494
-0.00175	-0.0052001	0.00572684
-0.0018	-0.0052001	0.00571349
-0.00185	-0.0052001	0.0056887
-0.0019	-0.0052001	0.00564578
-0.00195	-0.0052001	0.0055981
-0.002	-0.0052001	0.00553706
-0.00205	-0.0052001	0.0054684
-0.0021	-0.0052001	0.00538257
-0.00215	-0.0052001	0.00528625
-0.0022	-0.0052001	0.0051823
-0.00225	-0.0052001	0.00506786
-0.0023	-0.0052001	0.0049496
-0.00235	-0.0052001	0.00482085
-0.0024	-0.0052001	0.00468352
-0.00245	-0.0052001	0.00454238
-0.0025	-0.0052001	0.00439551
-0.00255	-0.0052001	0.00424388
-0.0026	-0.0052001	0.00408843
-0.00265	-0.0052001	0.00393203
-0.0027	-0.0052001	0.00377943
-0.00275	-0.0052001	0.00362684
-0.0028	-0.0052001	0.00347425
-0.00285	-0.0052001	0.00332548
-0.0029	-0.0052001	0.00317957
-0.00295	-0.0052001	0.00304128
-0.003	-0.0052001	0.00290968
-0.003	-0.0052501	0.00292493
-0.00295	-0.0052501	0.0030451
-0.0029	-0.0052501	0.00318147
-0.00285	-0.0052501	0.00332548
-0.0028	-0.0052501	0.00347234
-0.00275	-0.0052501	0.00362302
-0.0027	-0.0052501	0.00377752
-0.00265	-0.0052501	0.00393203
-0.0026	-0.0052501	0.00408366
-0.00255	-0.0052501	0.00423816
-0.0025	-0.0052501	0.00439361
-0.00245	-0.0052501	0.00453952
-0.0024	-0.0052501	0.0046778
-0.00235	-0.0052501	0.00481227
-0.0023	-0.0052501	0.00493911
-0.00225	-0.0052501	0.00505832
-0.0022	-0.0052501	0.00516894
-0.00215	-0.0052501	0.00527194
-0.0021	-0.0052501	0.0053654
-0.00205	-0.0052501	0.00545123
-0.002	-0.0052501	0.0055218
-0.00195	-0.0052501	0.00557807
-0.0019	-0.0052501	0.0056248
-0.00185	-0.0052501	0.0056639
-0.0018	-0.0052501	0.0056887
-0.00175	-0.0052501	0.005703
-0.0017	-0.0052501	0.00570205
-0.00165	-0.0052501	0.00568488
-0.0016	-0.0052501	0.0056496
-0.00155	-0.0052501	0.00560954
-0.0015	-0.0052501	0.00555137
-0.00145	-0.0052501	0.00548175
-0.0014	-0.0052501	0.00540069
-0.00135	-0.0052501	0.00530341
-0.0013	-0.0052501	0.00520042
-0.00125	-0.0052501	0.00508788
-0.0012	-0.0052501	0.00496677
-0.00115	-0.0052501	0.00483897
-0.0011	-0.0052501	0.00471213
-0.00105	-0.0052501	0.00458434
-0.001	-0.0052501	0.0044556
-0.00095	-0.0052501	0.00432494
-0.0009	-0.0052501	0.00419334
-0.00085	-0.0052501	0.00406364
-0.0008	-0.0052501	0.00393966
-0.00075	-0.0052501	0.00381757
-0.0007	-0.0052501	0.00370027
-0.00065	-0.0052501	0.00358869
-0.0006	-0.0052501	0.00348093
-0.00055	-0.0052501	0.00337507
-0.0005	-0.0052501	0.00327303
-0.00045	-0.0052501	0.00317766
-0.0004	-0.0052501	0.0030842
-0.00035	-0.0052501	0.0029936
-0.0003	-0.0052501	0.00290586
-0.00025	-0.0052501	0.00282194
-0.0002	-0.0052501	0.00274183
-0.00015	-0.0052501	0.00266172
-0.0001	-0.0052501	0.00258733
-5e-05	-0.0052501	0.00251581
0.0	-0.0052501	0.00244714
5e-05	-0.0052501	0.00238039
0.0001	-0.0052501	0.00231649
0.00015	-0.0052501	0.0022545
0.0002	-0.0052501	0.00219537
0.00025	-0.0052501	0.00213815
0.0003	-0.0052501	0.00208284
0.00035	-0.0052501	0.00202848
0.0004	-0.0052501	0.00197603
0.00045	-0.0052501	0.00192548
0.0005	-0.0052501	0.00187588
0.00055	-0.0052501	0.00182915
0.0006	-0.0052501	0.00178242
0.00065	-0.0052501	0.0017376
0.0007	-0.0052501	0.00169373
0.00075	-0.0052501	0.00165368
0.0008	-0.0052501	0.00161172
0.00085	-0.0052501	0.00157357
0.0009	-0.0052501	0.00153542
0.00095	-0.0052501	0.00149918
0.001	-0.0052501	0.0014639
0.00105	-0.0052501	0.00142861
0.0011	-0.0052501	0.00139333
0.00115	-0.0052501	0.00136185
0.0012	-0.0052501	0.00132943
0.00125	-0.0052501	0.00129796
0.0013	-0.0052501	0.00126839
0.00135	-0.0052501	0.00123978
0.0014	-0.0052501	0.00121022
0.00145	-0.0052501	0.00118256
0.0015	-0.0052501	0.00115491
0.0015	-0.0053001	0.00114251
0.00145	-0.0053001	0.00116444
0.0014	-0.0053001	0.0011921
0.00135	-0.0053001	0.00121976
0.0013	-0.0053001	0.00124837
0.00125	-0.0053001	0.00127793
0.0012	-0.0053001	0.00130845
0.00115	-0.0053001	0.00133992
0.0011	-0.0053001	0.00137139
0.00105	-0.0053001	0.00140477
0.001	-0.0053001	0.0014391
0.00095	-0.0053001	0.00147439
0.0009	-0.0053001	0.00150967
0.00085	-0.0053001	0.00154687
0.0008	-0.0053001	0.00158501
0.00075	-0.0053001	0.00162411
0.0007	-0.0053001	0.00166512
0.00065	-0.0053001	0.00170708
0.0006	-0.0053001	0.00174905
0.00055	-0.0053001	0.00179482
0.0005	-0.0053001	0.00184155
0.00045	-0.0053001	0.00188924
0.0004	-0.0053001	0.00193883
0.00035	-0.0053001	0.00198938
0.0003	-0.0053001	0.00204183
0.00025	-0.0053001	0.00209714
0.0002	-0.0053001	0.00215246
0.00015	-0.0053001	0.00221159
0.0001	-0.0053001	0.00227262
5e-05	-0.0053001	0.00233556
0.0	-0.0053001	0.00240041
-5e-05	-0.0053001	0.00246717
-0.0001	-0.0053001	0.00253679
-0.00015	-0.0053001	0.00261022
-0.0002	-0.0053001	0.00268556
-0.00025	-0.0053001	0.00276472
-0.0003	-0.0053001	0.00284769
-0.00035	-0.0053001	0.00293066
-0.0004	-0.0053001	0.00301935
-0.00045	-0.0053001	0.0031109
-0.0005	-0.0053001	0.00320627
-0.00055	-0.0053001	0.0033064
-0.0006	-0.0053001	0.00340845
-0.00065	-0.0053001	0.0035143
-0.0007	-0.0053001	0.00362302
-0.00075	-0.0053001	0.00373746
-0.0008	-0.0053001	0.00385763
-0.00085	-0.0053001	0.00398162
-0.0009	-0.0053001	0.0041056
-0.00095	-0.0053001	0.00423816
-0.001	-0.0053001	0.0043669
-0.00105	-0.0053001	0.0044966
-0.0011	-0.0053001	0.00462058
-0.00115	-0.0053001	0.00475028
-0.0012	-0.0053001	0.00487903
-0.00125	-0.0053001	0.00500396
-0.0013	-0.0053001	0.00511935
-0.00135	-0.0053001	0.00522807
-0.0014	-0.0053001	0.00532725
-0.00145	-0.0053001	0.00541881
-0.0015	-0.0053001	0.00549224
-0.00155	-0.0053001	0.00555709
-0.0016	-0.0053001	0.00560477
-0.00165	-0.0053001	0.00564578
-0.0017	-0.0053001	0.00567153
-0.00175	-0.0053001	0.00567916
-0.0018	-0.0053001	0.00567535
-0.00185	-0.0053001	0.00565723
-0.0019	-0.0053001	0.00562766
-0.00195	-0.0053001	0.00558761
-0.002	-0.0053001	0.0055342
-0.00205	-0.0053001	0.00546935
-0.0021	-0.0053001	0.00539592
-0.00215	-0.0053001	0.00530818
-0.0022	-0.0053001	0.00521186
-0.00225	-0.0053001	0.00510314
-0.0023	-0.0053001	0.0049887
-0.00235	-0.0053001	0.00486758
-0.0024	-0.0053001	0.00473693
-0.00245	-0.0053001	0.0045996
-0.0025	-0.0053001	0.00445846
-0.00255	-0.0053001	0.00431064
-0.0026	-0.0053001	0.00415519
-0.00265	-0.0053001	0.0040026
-0.0027	-0.0053001	0.00384904
-0.00275	-0.0053001	0.00369646
-0.0028	-0.0053001	0.00354768
-0.00285	-0.0053001	0.003397
-0.0029	-0.0053001	0.003253
-0.00295	-0.0053001	0.0031109
-0.003	-0.0053001	0.00297548
-0.003	-0.0053501	0.00299837
-0.00295	-0.0053501	0.00311758
-0.0029	-0.0053501	0.00325777
-0.00285	-0.0053501	0.00340177
-0.0028	-0.0053501	0.0035515
-0.00275	-0.0053501	0.00370027
-0.0027	-0.0053501	0.00385095
-0.00265	-0.0053501	0.00400546
-0.0026	-0.0053501	0.00415805
-0.00255	-0.0053501	0.00430968
-0.0025	-0.0053501	0.00445846
-0.00245	-0.0053501	0.00460151
-0.0024	-0.0053501	0.00473693
-0.00235	-0.0053501	0.00486758
-0.0023	-0.0053501	0.00498775
-0.00225	-0.0053501	0.00509933
-0.0022	-0.0053501	0.00520614
-0.00215	-0.0053501	0.00530341
-0.0021	-0.0053501	0.00538829
-0.00205	-0.0053501	0.00546172
-0.002	-0.0053501	0.00552467
-0.00195	-0.0053501	0.0055714
-0.0019	-0.0053501	0.0056124
-0.00185	-0.0053501	0.00564101
-0.0018	-0.0053501	0.00565723
-0.00175	-0.0053501	0.00566104
-0.0017	-0.0053501	0.0056515
-0.00165	-0.0053501	0.00562385
-0.0016	-0.0053501	0.00558665
-0.00155	-0.0053501	0.00553134
-0.0015	-0.0053501	0.00546744
-0.00145	-0.0053501	0.00539306
-0.0014	-0.0053501	0.00530341
-0.00135	-0.0053501	0.00520614
-0.0013	-0.0053501	0.00509456
-0.00125	-0.0053501	0.0049763
-0.0012	-0.0053501	0.00485423
-0.00115	-0.0053501	0.00472644
-0.0011	-0.0053501	0.00459674
-0.00105	-0.0053501	0.00446895
-0.001	-0.0053501	0.0043402
-0.00095	-0.0053501	0.0042105
-0.0009	-0.0053501	0.00408366
-0.00085	-0.0053501	0.00395778
-0.0008	-0.0053501	0.00383569
-0.00075	-0.0053501	0.00371839
-0.0007	-0.0053501	0.00360395
-0.00065	-0.0053501	0.00349237
-0.0006	-0.0053501	0.00338651
-0.00055	-0.0053501	0.00328352
-0.0005	-0.0053501	0.00318815
-0.00045	-0.0053501	0.00309278
-0.0004	-0.0053501	0.00300314
-0.00035	-0.0053501	0.00291444
-0.0003	-0.0053501	0.00282957
-0.00025	-0.0053501	0.00274755
-0.0002	-0.0053501	0.0026684
-0.00015	-0.0053501	0.00259496
-0.0001	-0.0053501	0.00251962
-5e-05	-0.0053501	0.00245096
0.0	-0.0053501	0.00238325
5e-05	-0.0053501	0.00231935
0.0001	-0.0053501	0.00225641
0.00015	-0.0053501	0.00219728
0.0002	-0.0053501	0.00213815
0.00025	-0.0053501	0.00208284
0.0003	-0.0053501	0.00202848
0.00035	-0.0053501	0.00197603
0.0004	-0.0053501	0.00192548
0.00045	-0.0053501	0.00187779
0.0005	-0.0053501	0.00183011
0.00055	-0.0053501	0.00178338
0.0006	-0.0053501	0.00173856
0.00065	-0.0053501	0.00169564
0.0007	-0.0053501	0.00165368
0.00075	-0.0053501	0.00161362
0.0008	-0.0053501	0.00157548
0.00085	-0.0053501	0.00153733
0.0009	-0.0053501	0.00150109
0.00095	-0.0053501	0.0014658
0.001	-0.0053501	0.00143052
0.00105	-0.0053501	0.00139714
0.0011	-0.0053501	0.00136567
0.00115	-0.0053501	0.00133324
0.0012	-0.0053501	0.00130273
0.00125	-0.0053501	0.00127316
0.0013	-0.0053501	0.00124265
0.00135	-0.0053501	0.00121403
0.0014	-0.0053501	0.00118638
0.00145	-0.0053501	0.00115968
0.0015	-0.0053501	0.00113393
0.0015	-0.0054	0.00112057
0.00145	-0.0054	0.00114251
0.0014	-0.0054	0.00116921
0.00135	-0.0054	0.00119592
0.0013	-0.0054	0.00122357
0.00125	-0.0054	0.00125218
0.0012	-0.0054	0.00128175
0.00115	-0.0054	0.00131322
0.0011	-0.0054	0.00134278
0.00105	-0.0054	0.00137521
0.001	-0.0054	0.00140763
0.00095	-0.0054	0.00144196
0.0009	-0.0054	0.0014763
0.00085	-0.0054	0.00151253
0.0008	-0.0054	0.00154973
0.00075	-0.0054	0.00158788
0.0007	-0.0054	0.00162602
0.00065	-0.0054	0.00166512
0.0006	-0.0054	0.00170804
0.00055	-0.0054	0.00175095
0.0005	-0.0054	0.00179578
0.00045	-0.0054	0.00184441
0.0004	-0.0054	0.00189114
0.00035	-0.0054	0.00193978
0.0003	-0.0054	0.00199033
0.00025	-0.0054	0.00204374
0.0002	-0.0054	0.00209905
0.00015	-0.0054	0.00215532
0.0001	-0.0054	0.00221349
5e-05	-0.0054	0.00227357
0.0	-0.0054	0.00233652
-5e-05	-0.0054	0.00240327
-0.0001	-0.0054	0.00247289
-0.00015	-0.0054	0.00254346
-0.0002	-0.0054	0.0026169
-0.00025	-0.0054	0.00269224
-0.0003	-0.0054	0.00277425
-0.00035	-0.0054	0.00285436
-0.0004	-0.0054	0.00294115
-0.00045	-0.0054	0.00303079
-0.0005	-0.0054	0.0031233
-0.00055	-0.0054	0.00321771
-0.0006	-0.0054	0.00331689
-0.00065	-0.0054	0.00342371
-0.0007	-0.0054	0.00352956
-0.00075	-0.0054	0.00364305
-0.0008	-0.0054	0.0037594
-0.00085	-0.0054	0.00387956
-0.0009	-0.0054	0.00400165
-0.00095	-0.0054	0.00412849
-0.001	-0.0054	0.00425628
-0.00105	-0.0054	0.00438502
-0.0011	-0.0054	0.00451282
-0.00115	-0.0054	0.00464538
-0.0012	-0.0054	0.00477317
-0.00125	-0.0054	0.0048981
-0.0013	-0.0054	0.00502017
-0.00135	-0.0054	0.00513366
-0.0014	-0.0054	0.00523856
-0.00145	-0.0054	0.00533298
-0.0015	-0.0054	0.0054169
-0.00155	-0.0054	0.00548843
-0.0016	-0.0054	0.0055466
-0.00165	-0.0054	0.00559333
-0.0017	-0.0054	0.00562289
-0.00175	-0.0054	0.00563911
-0.0018	-0.0054	0.00564292
-0.00185	-0.0054	0.00563625
-0.0019	-0.0054	0.00561908
-0.00195	-0.0054	0.00558284
-0.002	-0.0054	0.00553611
-0.00205	-0.0054	0.0054808
-0.0021	-0.0054	0.0054169
-0.00215	-0.0054	0.00533965
-0.0022	-0.0054	0.00524905
-0.00225	-0.0054	0.00515082
-0.0023	-0.0054	0.00504115
-0.00235	-0.0054	0.00492194
-0.0024	-0.0054	0.00479797
-0.00245	-0.0054	0.00466731
-0.0025	-0.0054	0.00452521
-0.00255	-0.0054	0.00438026
-0.0026	-0.0054	0.00423148
-0.00265	-0.0054	0.00408176
-0.0027	-0.0054	0.00392821
-0.00275	-0.0054	0.00377561
-0.0028	-0.0054	0.00362588
-0.00285	-0.0054	0.00347711
-0.0029	-0.0054	0.00333025
-0.00295	-0.0054	0.00318719
-0.003	-0.0054	0.00305177
-0.003	-0.00545	0.00307752
-0.00295	-0.00545	0.00319768
-0.0029	-0.00545	0.00333978
-0.00285	-0.00545	0.00348665
-0.0028	-0.00545	0.00363638
-0.00275	-0.00545	0.00378706
-0.0027	-0.00545	0.0039387
-0.00265	-0.00545	0.00409034
-0.0026	-0.00545	0.00424293
-0.00255	-0.00545	0.00438789
-0.0025	-0.00545	0.00453094
-0.00245	-0.00545	0.00467208
-0.0024	-0.00545	0.00480464
-0.00235	-0.00545	0.00492862
-0.0023	-0.00545	0.00504497
-0.00225	-0.00545	0.00515559
-0.0022	-0.00545	0.00525096
-0.00215	-0.00545	0.00534061
-0.0021	-0.00545	0.00541976
-0.00205	-0.00545	0.0054827
-0.002	-0.00545	0.00553611
-0.00195	-0.00545	0.00557998
-0.0019	-0.00545	0.00561145
-0.00185	-0.00545	0.00562957
-0.0018	-0.00545	0.00563338
-0.00175	-0.00545	0.00562957
-0.0017	-0.00545	0.0056105
-0.00165	-0.00545	0.00558189
-0.0016	-0.00545	0.00553611
-0.00155	-0.00545	0.00547412
-0.0015	-0.00545	0.00540069
-0.00145	-0.00545	0.00531963
-0.0014	-0.00545	0.00522235
-0.00135	-0.00545	0.00511554
-0.0013	-0.00545	0.0050011
-0.00125	-0.00545	0.00488093
-0.0012	-0.00545	0.004756
-0.00115	-0.00545	0.00462535
-0.0011	-0.00545	0.0044966
-0.00105	-0.00545	0.004365
-0.001	-0.00545	0.00423816
-0.00095	-0.00545	0.00411227
-0.0009	-0.00545	0.00398543
-0.00085	-0.00545	0.00386335
-0.0008	-0.00545	0.00374414
-0.00075	-0.00545	0.00362588
-0.0007	-0.00545	0.0035143
-0.00065	-0.00545	0.00340559
-0.0006	-0.00545	0.00330164
-0.00055	-0.00545	0.0032015
-0.0005	-0.00545	0.00310804
-0.00045	-0.00545	0.00301553
-0.0004	-0.00545	0.00292589
-0.00035	-0.00545	0.0028391
-0.0003	-0.00545	0.00275899
-0.00025	-0.00545	0.00267698
-0.0002	-0.00545	0.00260259
-0.00015	-0.00545	0.00252821
-0.0001	-0.00545	0.00245763
-5e-05	-0.00545	0.00238897
0.0	-0.00545	0.00232317
5e-05	-0.00545	0.00226118
0.0001	-0.00545	0.00219823
0.00015	-0.00545	0.00214101
0.0002	-0.00545	0.00208475
0.00025	-0.00545	0.00203039
0.0003	-0.00545	0.00197794
0.00035	-0.00545	0.00192834
0.0004	-0.00545	0.00187875
0.00045	-0.00545	0.00183202
0.0005	-0.00545	0.00178624
0.00055	-0.00545	0.00174237
0.0006	-0.00545	0.00169755
0.00065	-0.00545	0.00165749
0.0007	-0.00545	0.00161744
0.00075	-0.00545	0.00157834
0.0008	-0.00545	0.00154115
0.00085	-0.00545	0.00150395
0.0009	-0.00545	0.00146771
0.00095	-0.00545	0.00143433
0.001	-0.00545	0.0014
0.00105	-0.00545	0.00136853
0.0011	-0.00545	0.00133611
0.00115	-0.00545	0.00130654
0.0012	-0.00545	0.00127507
0.00125	-0.00545	0.00124741
0.0013	-0.00545	0.0012188
0.00135	-0.00545	0.00119115
0.0014	-0.00545	0.00116444
0.00145	-0.00545	0.00113774
0.0015	-0.00545	0.00111295
0.0015	-0.0055001	0.00110055
0.00145	-0.0055001	0.00112248
0.0014	-0.0055001	0.00114823
0.00135	-0.0055001	0.00117398
0.0013	-0.0055001	0.00120164
0.00125	-0.0055001	0.00122834
0.0012	-0.0055001	0.0012579
0.00115	-0.0055001	0.00128651
0.0011	-0.0055001	0.00131703
0.00105	-0.0055001	0.0013466
0.001	-0.0055001	0.00137807
0.00095	-0.0055001	0.00141049
0.0009	-0.0055001	0.00144578
0.00085	-0.0055001	0.00147916
0.0008	-0.0055001	0.0015154
0.00075	-0.0055001	0.00155164
0.0007	-0.0055001	0.00159074
0.00065	-0.0055001	0.00162984
0.0006	-0.0055001	0.00166989
0.00055	-0.0055001	0.00170995
0.0005	-0.0055001	0.00175381
0.00045	-0.0055001	0.00179959
0.0004	-0.0055001	0.00184441
0.00035	-0.0055001	0.00189305
0.0003	-0.0055001	0.00194169
0.00025	-0.0055001	0.00199319
0.0002	-0.0055001	0.00204565
0.00015	-0.0055001	0.00210001
0.0001	-0.0055001	0.00215913
5e-05	-0.0055001	0.00221826
0.0	-0.0055001	0.0022812
-5e-05	-0.0055001	0.00234415
-0.0001	-0.0055001	0.0024109
-0.00015	-0.0055001	0.00248052
-0.0002	-0.0055001	0.00255109
-0.00025	-0.0055001	0.00262643
-0.0003	-0.0055001	0.00270368
-0.00035	-0.0055001	0.0027857
-0.0004	-0.0055001	0.00287057
-0.00045	-0.0055001	0.00295736
-0.0005	-0.0055001	0.00304796
-0.00055	-0.0055001	0.00314046
-0.0006	-0.0055001	0.00323965
-0.00065	-0.0055001	0.00334169
-0.0007	-0.0055001	0.00344755
-0.00075	-0.0055001	0.00355531
-0.0008	-0.0055001	0.00366975
-0.00085	-0.0055001	0.00378801
-0.0009	-0.0055001	0.00390914
-0.00095	-0.0055001	0.00403503
-0.001	-0.0055001	0.00416091
-0.00105	-0.0055001	0.00428584
-0.0011	-0.0055001	0.00441363
-0.00115	-0.0055001	0.00454524
-0.0012	-0.0055001	0.00467494
-0.00125	-0.0055001	0.00480559
-0.0013	-0.0055001	0.00492766
-0.00135	-0.0055001	0.00504306
-0.0014	-0.0055001	0.00515559
-0.00145	-0.0055001	0.00525859
-0.0015	-0.0055001	0.00534537
-0.00155	-0.0055001	0.00542453
-0.0016	-0.0055001	0.00549605
-0.00165	-0.0055001	0.00554851
-0.0017	-0.0055001	0.00558761
-0.00175	-0.0055001	0.0056105
-0.0018	-0.0055001	0.00562194
-0.00185	-0.0055001	0.00562575
-0.0019	-0.0055001	0.00561717
-0.00195	-0.0055001	0.00559428
-0.002	-0.0055001	0.00555614
-0.00205	-0.0055001	0.00551036
-0.0021	-0.0055001	0.00545123
-0.00215	-0.0055001	0.00538161
-0.0022	-0.0055001	0.00530055
-0.00225	-0.0055001	0.00520614
-0.0023	-0.0055001	0.00510409
-0.00235	-0.0055001	0.00499251
-0.0024	-0.0055001	0.00487235
-0.00245	-0.0055001	0.00474361
-0.0025	-0.0055001	0.00460818
-0.00255	-0.0055001	0.00446704
-0.0026	-0.0055001	0.00432304
-0.00265	-0.0055001	0.00417235
-0.0027	-0.0055001	0.00401977
-0.00275	-0.0055001	0.00386526
-0.0028	-0.0055001	0.00371362
-0.00285	-0.0055001	0.0035658
-0.0029	-0.0055001	0.00341703
-0.00295	-0.0055001	0.00327493
-0.003	-0.0055001	0.00313474
-0.003	-0.0055501	0.00316431
-0.00295	-0.0055501	0.00328828
-0.0029	-0.0055501	0.00343229
-0.00285	-0.0055501	0.00358011
-0.0028	-0.0055501	0.00372888
-0.00275	-0.0055501	0.00387956
-0.0027	-0.0055501	0.00403121
-0.00265	-0.0055501	0.0041838
-0.0026	-0.0055501	0.00433734
-0.00255	-0.0055501	0.00448421
-0.0025	-0.0055501	0.0046244
-0.00245	-0.0055501	0.00475696
-0.0024	-0.0055501	0.00488952
-0.00235	-0.0055501	0.00500968
-0.0023	-0.0055501	0.00512031
-0.00225	-0.0055501	0.00522235
-0.0022	-0.0055501	0.00531104
-0.00215	-0.0055501	0.00539115
-0.0021	-0.0055501	0.00545982
-0.00205	-0.0055501	0.00551608
-0.002	-0.0055501	0.00556472
-0.00195	-0.0055501	0.00559905
-0.0019	-0.0055501	0.00562194
-0.00185	-0.0055501	0.00562766
-0.0018	-0.0055501	0.00562289
-0.00175	-0.0055501	0.00560477
-0.0017	-0.0055501	0.00557998
-0.00165	-0.0055501	0.00554088
-0.0016	-0.0055501	0.00548843
-0.00155	-0.0055501	0.00541785
-0.0015	-0.0055501	0.00533584
-0.00145	-0.0055501	0.00524238
-0.0014	-0.0055501	0.00514033
-0.00135	-0.0055501	0.00503066
-0.0013	-0.0055501	0.00491431
-0.00125	-0.0055501	0.00478747
-0.0012	-0.0055501	0.00466159
-0.00115	-0.0055501	0.00452903
-0.0011	-0.0055501	0.00439933
-0.00105	-0.0055501	0.00426963
-0.001	-0.0055501	0.00414088
-0.00095	-0.0055501	0.004015
-0.0009	-0.0055501	0.00389196
-0.00085	-0.0055501	0.00377084
-0.0008	-0.0055501	0.00365354
-0.00075	-0.0055501	0.00354101
-0.0007	-0.0055501	0.00343229
-0.00065	-0.0055501	0.00332643
-0.0006	-0.0055501	0.0032263
-0.00055	-0.0055501	0.00312711
-0.0005	-0.0055501	0.00303461
-0.00045	-0.0055501	0.00294305
-0.0004	-0.0055501	0.00285627
-0.00035	-0.0055501	0.00277044
-0.0003	-0.0055501	0.00268938
-0.00025	-0.0055501	0.00261213
-0.0002	-0.0055501	0.00253679
-0.00015	-0.0055501	0.00246526
-0.0001	-0.0055501	0.0023966
-5e-05	-0.0055501	0.00233079
0.0	-0.0055501	0.00226595
5e-05	-0.0055501	0.00220396
0.0001	-0.0055501	0.00214387
0.00015	-0.0055501	0.00208761
0.0002	-0.0055501	0.0020342
0.00025	-0.0055501	0.0019808
0.0003	-0.0055501	0.00193024
0.00035	-0.0055501	0.00188256
0.0004	-0.0055501	0.00183583
0.00045	-0.0055501	0.0017891
0.0005	-0.0055501	0.00174523
0.00055	-0.0055501	0.00170232
0.0006	-0.0055501	0.00166035
0.00065	-0.0055501	0.0016203
0.0007	-0.0055501	0.0015812
0.00075	-0.0055501	0.00154305
0.0008	-0.0055501	0.00150777
0.00085	-0.0055501	0.00147153
0.0009	-0.0055501	0.00143719
0.00095	-0.0055501	0.00140382
0.001	-0.0055501	0.00137234
0.00105	-0.0055501	0.00134183
0.0011	-0.0055501	0.00131036
0.00115	-0.0055501	0.00128079
0.0012	-0.0055501	0.00125123
0.00125	-0.0055501	0.00122357
0.0013	-0.0055501	0.00119592
0.00135	-0.0055501	0.00116921
0.0014	-0.0055501	0.00114251
0.00145	-0.0055501	0.00111771
0.0015	-0.0055501	0.00109292
0.0015	-0.0056	0.00108243
0.00145	-0.0056	0.00110245
0.0014	-0.0056	0.00112725
0.00135	-0.0056	0.001153
0.0013	-0.0056	0.0011797
0.00125	-0.0056	0.00120641
0.0012	-0.0056	0.00123311
0.00115	-0.0056	0.00126172
0.0011	-0.0056	0.00128938
0.00105	-0.0056	0.00131989
0.001	-0.0056	0.00135136
0.00095	-0.0056	0.00138284
0.0009	-0.0056	0.00141526
0.00085	-0.0056	0.00144769
0.0008	-0.0056	0.00148202
0.00075	-0.0056	0.00151921
0.0007	-0.0056	0.0015545
0.00065	-0.0056	0.00159264
0.0006	-0.0056	0.00163174
0.00055	-0.0056	0.0016718
0.0005	-0.0056	0.00171376
0.00045	-0.0056	0.00175763
0.0004	-0.0056	0.00180245
0.00035	-0.0056	0.00184918
0.0003	-0.0056	0.00189782
0.00025	-0.0056	0.00194646
0.0002	-0.0056	0.00199796
0.00015	-0.0056	0.00205041
0.0001	-0.0056	0.00210764
5e-05	-0.0056	0.0021639
0.0	-0.0056	0.00222303
-5e-05	-0.0056	0.00228788
-0.0001	-0.0056	0.00235273
-0.00015	-0.0056	0.00242044
-0.0002	-0.0056	0.00249006
-0.00025	-0.0056	0.00256254
-0.0003	-0.0056	0.00264074
-0.00035	-0.0056	0.00271989
-0.0004	-0.0056	0.00280191
-0.00045	-0.0056	0.00288774
-0.0005	-0.0056	0.00297643
-0.00055	-0.0056	0.00306703
-0.0006	-0.0056	0.00316431
-0.00065	-0.0056	0.00326444
-0.0007	-0.0056	0.00336839
-0.00075	-0.0056	0.00347616
-0.0008	-0.0056	0.00358583
-0.00085	-0.0056	0.00370027
-0.0009	-0.0056	0.00382139
-0.00095	-0.0056	0.00394252
-0.001	-0.0056	0.0040684
-0.00105	-0.0056	0.00419238
-0.0011	-0.0056	0.00432399
-0.00115	-0.0056	0.0044556
-0.0012	-0.0056	0.00458625
-0.00125	-0.0056	0.00471595
-0.0013	-0.0056	0.00484279
-0.00135	-0.0056	0.00496295
-0.0014	-0.0056	0.00508025
-0.00145	-0.0056	0.00518516
-0.0015	-0.0056	0.00528339
-0.00155	-0.0056	0.00537303
-0.0016	-0.0056	0.00545123
-0.00165	-0.0056	0.00551036
-0.0017	-0.0056	0.005559
-0.00175	-0.0056	0.00559428
-0.0018	-0.0056	0.00561813
-0.00185	-0.0056	0.00562957
-0.0019	-0.0056	0.00563148
-0.00195	-0.0056	0.00561813
-0.002	-0.0056	0.00559047
-0.00205	-0.0056	0.00555232
-0.0021	-0.0056	0.00550178
-0.00215	-0.0056	0.00543788
-0.0022	-0.0056	0.00536349
-0.00225	-0.0056	0.00527576
-0.0023	-0.0056	0.0051823
-0.00235	-0.0056	0.00507644
-0.0024	-0.0056	0.00496104
-0.00245	-0.0056	0.00483611
-0.0025	-0.0056	0.00470641
-0.00255	-0.0056	0.00456813
-0.0026	-0.0056	0.00442412
-0.00265	-0.0056	0.00427344
-0.0027	-0.0056	0.00412086
-0.00275	-0.0056	0.00396827
-0.0028	-0.0056	0.00381853
-0.00285	-0.0056	0.00366594
-0.0029	-0.0056	0.00351717
-0.00295	-0.0056	0.0033703
-0.003	-0.0056	0.0032282
-0.003	-0.0056501	0.00326349
-0.00295	-0.0056501	0.00338842
-0.0029	-0.0056501	0.00353433
-0.00285	-0.0056501	0.00368501
-0.0028	-0.0056501	0.00383855
-0.00275	-0.0056501	0.00399211
-0.0027	-0.0056501	0.0041447
-0.00265	-0.0056501	0.00429443
-0.0026	-0.0056501	0.00444415
-0.00255	-0.0056501	0.00458816
-0.0025	-0.0056501	0.00472549
-0.00245	-0.0056501	0.00485709
-0.0024	-0.0056501	0.00498107
-0.00235	-0.0056501	0.00509456
-0.0023	-0.0056501	0.00519946
-0.00225	-0.0056501	0.00529769
-0.0022	-0.0056501	0.00538352
-0.00215	-0.0056501	0.00545409
-0.0021	-0.0056501	0.00551417
-0.00205	-0.0056501	0.00556472
-0.002	-0.0056501	0.00560477
-0.00195	-0.0056501	0.00562766
-0.0019	-0.0056501	0.00564101
-0.00185	-0.0056501	0.00563911
-0.0018	-0.0056501	0.00562385
-0.00175	-0.0056501	0.00559714
-0.0017	-0.0056501	0.00555995
-0.00165	-0.0056501	0.00551036
-0.0016	-0.0056501	0.00544646
-0.00155	-0.0056501	0.00536922
-0.0015	-0.0056501	0.00527957
-0.00145	-0.0056501	0.00517848
-0.0014	-0.0056501	0.00507072
-0.00135	-0.0056501	0.00495628
-0.0013	-0.0056501	0.0048342
-0.00125	-0.0056501	0.00470832
-0.0012	-0.0056501	0.00457767
-0.00115	-0.0056501	0.00444511
-0.0011	-0.0056501	0.00431541
-0.00105	-0.0056501	0.00418285
-0.001	-0.0056501	0.00405696
-0.00095	-0.0056501	0.00393012
-0.0009	-0.0056501	0.00380708
-0.00085	-0.0056501	0.00369169
-0.0008	-0.0056501	0.00357439
-0.00075	-0.0056501	0.00346376
-0.0007	-0.0056501	0.00335695
-0.00065	-0.0056501	0.003253
-0.0006	-0.0056501	0.00315286
-0.00055	-0.0056501	0.00305749
-0.0005	-0.0056501	0.00296499
-0.00045	-0.0056501	0.0028763
-0.0004	-0.0056501	0.00279047
-0.00035	-0.0056501	0.00270845
-0.0003	-0.0056501	0.00262739
-0.00025	-0.0056501	0.00255205
-0.0002	-0.0056501	0.00247861
-0.00015	-0.0056501	0.002409
-0.0001	-0.0056501	0.00234129
-5e-05	-0.0056501	0.00227644
0.0	-0.0056501	0.00221254
5e-05	-0.0056501	0.00215246
0.0001	-0.0056501	0.00209619
0.00015	-0.0056501	0.00203897
0.0002	-0.0056501	0.00198747
0.00025	-0.0056501	0.00193501
0.0003	-0.0056501	0.00188638
0.00035	-0.0056501	0.00183774
0.0004	-0.0056501	0.00179292
0.00045	-0.0056501	0.00174809
0.0005	-0.0056501	0.00170518
0.00055	-0.0056501	0.00166417
0.0006	-0.0056501	0.00162411
0.00065	-0.0056501	0.00158501
0.0007	-0.0056501	0.00154782
0.00075	-0.0056501	0.00150967
0.0008	-0.0056501	0.00147439
0.00085	-0.0056501	0.00144101
0.0009	-0.0056501	0.00140668
0.00095	-0.0056501	0.00137616
0.001	-0.0056501	0.00134373
0.00105	-0.0056501	0.00131417
0.0011	-0.0056501	0.00128461
0.00115	-0.0056501	0.00125504
0.0012	-0.0056501	0.00122834
0.00125	-0.0056501	0.00120068
0.0013	-0.0056501	0.00117493
0.00135	-0.0056501	0.00114919
0.0014	-0.0056501	0.00112344
0.00145	-0.0056501	0.00109864
0.0015	-0.0056501	0.00107575
0.0015	-0.0057001	0.00106431
0.00145	-0.0057001	0.00108434
0.0014	-0.0057001	0.00110818
0.00135	-0.0057001	0.00113393
0.0013	-0.0057001	0.00115777
0.00125	-0.0057001	0.00118447
0.0012	-0.0057001	0.00121117
0.00115	-0.0057001	0.00123788
0.0011	-0.0057001	0.00126649
0.00105	-0.0057001	0.0012951
0.001	-0.0057001	0.00132371
0.00095	-0.0057001	0.00135518
0.0009	-0.0057001	0.0013876
0.00085	-0.0057001	0.00141907
0.0008	-0.0057001	0.00145245
0.00075	-0.0057001	0.00148679
0.0007	-0.0057001	0.00152398
0.00065	-0.0057001	0.00155926
0.0006	-0.0057001	0.00159741
0.00055	-0.0057001	0.00163556
0.0005	-0.0057001	0.00167561
0.00045	-0.0057001	0.00171948
0.0004	-0.0057001	0.0017624
0.00035	-0.0057001	0.00180722
0.0003	-0.0057001	0.00185395
0.00025	-0.0057001	0.00190163
0.0002	-0.0057001	0.00195218
0.00015	-0.0057001	0.00200464
0.0001	-0.0057001	0.002059
5e-05	-0.0057001	0.00211431
0.0	-0.0057001	0.00217439
-5e-05	-0.0057001	0.00223543
-0.0001	-0.0057001	0.00230028
-0.00015	-0.0057001	0.00236608
-0.0002	-0.0057001	0.00243379
-0.00025	-0.0057001	0.00250722
-0.0003	-0.0057001	0.00258161
-0.00035	-0.0057001	0.00265886
-0.0004	-0.0057001	0.00273992
-0.00045	-0.0057001	0.0028248
-0.0005	-0.0057001	0.00291063
-0.00055	-0.0057001	0.00300314
-0.0006	-0.0057001	0.0030966
-0.00065	-0.0057001	0.00319578
-0.0007	-0.0057001	0.00329591
-0.00075	-0.0057001	0.00340463
-0.0008	-0.0057001	0.00351144
-0.00085	-0.0057001	0.00362493
-0.0009	-0.0057001	0.00374128
-0.00095	-0.0057001	0.0038624
-0.001	-0.0057001	0.00398734
-0.00105	-0.0057001	0.00411513
-0.0011	-0.0057001	0.00424293
-0.00115	-0.0057001	0.00437549
-0.0012	-0.0057001	0.00450709
-0.00125	-0.0057001	0.00463679
-0.0013	-0.0057001	0.00476745
-0.00135	-0.0057001	0.00489143
-0.0014	-0.0057001	0.00501159
-0.00145	-0.0057001	0.00512508
-0.0015	-0.0057001	0.00523093
-0.00155	-0.0057001	0.00532344
-0.0016	-0.0057001	0.00540736
-0.00165	-0.0057001	0.00547984
-0.0017	-0.0057001	0.00553706
-0.00175	-0.0057001	0.0055857
-0.0018	-0.0057001	0.00562289
-0.00185	-0.0057001	0.00564674
-0.0019	-0.0057001	0.00565532
-0.00195	-0.0057001	0.00565341
-0.002	-0.0057001	0.00563434
-0.00205	-0.0057001	0.00560477
-0.0021	-0.0057001	0.00556281
-0.00215	-0.0057001	0.00550941
-0.0022	-0.0057001	0.0054436
-0.00225	-0.0057001	0.00536349
-0.0023	-0.0057001	0.0052748
-0.00235	-0.0057001	0.00517467
-0.0024	-0.0057001	0.00506213
-0.00245	-0.0057001	0.00494292
-0.0025	-0.0057001	0.00481322
-0.00255	-0.0057001	0.00467876
-0.0026	-0.0057001	0.00453952
-0.00265	-0.0057001	0.00439075
-0.0027	-0.0057001	0.00424102
-0.00275	-0.0057001	0.00408843
-0.0028	-0.0057001	0.00393775
-0.00285	-0.0057001	0.00378133
-0.0029	-0.0057001	0.0036297
-0.00295	-0.0057001	0.00347997
-0.003	-0.0057001	0.00333501
-0.003	-0.00575	0.00337411
-0.00295	-0.00575	0.00350477
-0.0029	-0.00575	0.00365545
-0.00285	-0.00575	0.00380899
-0.0028	-0.00575	0.0039635
-0.00275	-0.00575	0.004118
-0.0027	-0.00575	0.00426868
-0.00265	-0.00575	0.00442031
-0.0026	-0.00575	0.00456527
-0.00255	-0.00575	0.00470832
-0.0025	-0.00575	0.00484565
-0.00245	-0.00575	0.00497344
-0.0024	-0.00575	0.0050936
-0.00235	-0.00575	0.00520423
-0.0023	-0.00575	0.00530723
-0.00225	-0.00575	0.00539401
-0.0022	-0.00575	0.00547317
-0.00215	-0.00575	0.00553802
-0.0021	-0.00575	0.00558856
-0.00205	-0.00575	0.00563148
-0.002	-0.00575	0.00566199
-0.00195	-0.00575	0.00567821
-0.0019	-0.00575	0.00568011
-0.00185	-0.00575	0.00566867
-0.0018	-0.00575	0.00564292
-0.00175	-0.00575	0.00560477
-0.0017	-0.00575	0.00555328
-0.00165	-0.00575	0.00549129
-0.0016	-0.00575	0.00541881
-0.00155	-0.00575	0.00533393
-0.0015	-0.00575	0.00523475
-0.00145	-0.00575	0.00512984
-0.0014	-0.00575	0.0050135
-0.00135	-0.00575	0.00489429
-0.0013	-0.00575	0.00476745
-0.00125	-0.00575	0.00464061
-0.0012	-0.00575	0.00450709
-0.00115	-0.00575	0.00437358
-0.0011	-0.00575	0.00423911
-0.00105	-0.00575	0.00411227
-0.001	-0.00575	0.00398067
-0.00095	-0.00575	0.00385667
-0.0009	-0.00575	0.0037346
-0.00085	-0.00575	0.0036173
-0.0008	-0.00575	0.00350381
-0.00075	-0.00575	0.00339319
-0.0007	-0.00575	0.00328828
-0.00065	-0.00575	0.00318529
-0.0006	-0.00575	0.00308706
-0.00055	-0.00575	0.0029936
-0.0005	-0.00575	0.00290491
-0.00045	-0.00575	0.00281622
-0.0004	-0.00575	0.00273038
-0.00035	-0.00575	0.00264932
-0.0003	-0.00575	0.00257207
-0.00025	-0.00575	0.00249769
-0.0002	-0.00575	0.00242616
-0.00015	-0.00575	0.00235559
-0.0001	-0.00575	0.00228979
-5e-05	-0.00575	0.00222589
0.0	-0.00575	0.00216581
5e-05	-0.00575	0.00210764
0.0001	-0.00575	0.00205041
0.00015	-0.00575	0.00199701
0.0002	-0.00575	0.0019436
0.00025	-0.00575	0.00189114
0.0003	-0.00575	0.00184346
0.00035	-0.00575	0.00179768
0.0004	-0.00575	0.00175381
0.00045	-0.00575	0.0017109
0.0005	-0.00575	0.00166894
0.00055	-0.00575	0.00162984
0.0006	-0.00575	0.00158978
0.00065	-0.00575	0.00155259
0.0007	-0.00575	0.00151635
0.00075	-0.00575	0.00148106
0.0008	-0.00575	0.00144578
0.00085	-0.00575	0.0014124
0.0009	-0.00575	0.00138093
0.00095	-0.00575	0.00135041
0.001	-0.00575	0.00131989
0.00105	-0.00575	0.00129033
0.0011	-0.00575	0.00126172
0.00115	-0.00575	0.00123311
0.0012	-0.00575	0.00120641
0.00125	-0.00575	0.0011797
0.0013	-0.00575	0.00115395
0.00135	-0.00575	0.00112916
0.0014	-0.00575	0.00110532
0.00145	-0.00575	0.00108052
0.0015	-0.00575	0.00105763
0.0015	-0.0058	0.00104714
0.00145	-0.0058	0.00106717
0.0014	-0.0058	0.00109101
0.00135	-0.0058	0.00111485
0.0013	-0.0058	0.00113965
0.00125	-0.0058	0.00116444
0.0012	-0.0058	0.00118924
0.00115	-0.0058	0.00121594
0.0011	-0.0058	0.00124455
0.00105	-0.0058	0.00127221
0.001	-0.0058	0.00130082
0.00095	-0.0058	0.00133038
0.0009	-0.0058	0.00136185
0.00085	-0.0058	0.00139142
0.0008	-0.0058	0.0014248
0.00075	-0.0058	0.00145818
0.0007	-0.0058	0.00149251
0.00065	-0.0058	0.00152779
0.0006	-0.0058	0.00156499
0.00055	-0.0058	0.00160313
0.0005	-0.0058	0.00164223
0.00045	-0.0058	0.00168229
0.0004	-0.0058	0.0017252
0.00035	-0.0058	0.00176907
0.0003	-0.0058	0.00181294
0.00025	-0.0058	0.00186063
0.0002	-0.0058	0.00191022
0.00015	-0.0058	0.00196077
0.0001	-0.0058	0.00201608
5e-05	-0.0058	0.0020714
0.0	-0.0058	0.00212862
-5e-05	-0.0058	0.0021887
-0.0001	-0.0058	0.00224973
-0.00015	-0.0058	0.00231649
-0.0002	-0.0058	0.00238325
-0.00025	-0.0058	0.00245382
-0.0003	-0.0058	0.00252821
-0.00035	-0.0058	0.00260545
-0.0004	-0.0058	0.00268556
-0.00045	-0.0058	0.00276758
-0.0005	-0.0058	0.00285341
-0.00055	-0.0058	0.00294305
-0.0006	-0.0058	0.00303556
-0.00065	-0.0058	0.00313093
-0.0007	-0.0058	0.00323202
-0.00075	-0.0058	0.00333692
-0.0008	-0.0058	0.00344373
-0.00085	-0.0058	0.00355722
-0.0009	-0.0058	0.00367548
-0.00095	-0.0058	0.00379469
-0.001	-0.0058	0.00391772
-0.00105	-0.0058	0.00404361
-0.0011	-0.0058	0.00417331
-0.00115	-0.0058	0.00430301
-0.0012	-0.0058	0.00443938
-0.00125	-0.0058	0.0045729
-0.0013	-0.0058	0.00470546
-0.00135	-0.0058	0.00483516
-0.0014	-0.0058	0.00496009
-0.00145	-0.0058	0.00508121
-0.0015	-0.0058	0.00519565
-0.00155	-0.0058	0.00529674
-0.0016	-0.0058	0.00538924
-0.00165	-0.0058	0.00547031
-0.0017	-0.0058	0.00554088
-0.00175	-0.0058	0.0055981
-0.0018	-0.0058	0.00564674
-0.00185	-0.0058	0.00567916
-0.0019	-0.0058	0.00570014
-0.00195	-0.0058	0.00570777
-0.002	-0.0058	0.00570014
-0.00205	-0.0058	0.00567344
-0.0021	-0.0058	0.00563815
-0.00215	-0.0058	0.00559428
-0.0022	-0.0058	0.00553611
-0.00225	-0.0058	0.00546554
-0.0023	-0.0058	0.00538066
-0.00235	-0.0058	0.00528625
-0.0024	-0.0058	0.00517848
-0.00245	-0.0058	0.00506213
-0.0025	-0.0058	0.00493816
-0.00255	-0.0058	0.00480846
-0.0026	-0.0058	0.00466731
-0.00265	-0.0058	0.00452045
-0.0027	-0.0058	0.00437263
-0.00275	-0.0058	0.00421908
-0.0028	-0.0058	0.00406459
-0.00285	-0.0058	0.00390819
-0.0029	-0.0058	0.00375272
-0.00295	-0.0058	0.00360109
-0.003	-0.0058	0.00345232
-0.003	-0.00585	0.00349905
-0.00295	-0.00585	0.00363256
-0.0029	-0.00585	0.00378515
-0.00285	-0.00585	0.00394061
-0.0028	-0.00585	0.00409797
-0.00275	-0.00585	0.00425437
-0.0027	-0.00585	0.00440791
-0.00265	-0.00585	0.00455859
-0.0026	-0.00585	0.00470355
-0.00255	-0.00585	0.0048447
-0.0025	-0.00585	0.0049763
-0.00245	-0.00585	0.00510219
-0.0024	-0.00585	0.00521854
-0.00235	-0.00585	0.00532249
-0.0023	-0.00585	0.00541976
-0.00225	-0.00585	0.00550368
-0.0022	-0.00585	0.0055733
-0.00215	-0.00585	0.00563148
-0.0021	-0.00585	0.0056763
-0.00205	-0.00585	0.00570682
-0.002	-0.00585	0.00573161
-0.00195	-0.00585	0.00573924
-0.0019	-0.00585	0.00572875
-0.00185	-0.00585	0.00570586
-0.0018	-0.00585	0.00567344
-0.00175	-0.00585	0.00562575
-0.0017	-0.00585	0.00556281
-0.00165	-0.00585	0.00549033
-0.0016	-0.00585	0.00540832
-0.00155	-0.00585	0.00531009
-0.0015	-0.00585	0.00520518
-0.00145	-0.00585	0.00508884
-0.0014	-0.00585	0.00496963
-0.00135	-0.00585	0.0048447
-0.0013	-0.00585	0.00471118
-0.00125	-0.00585	0.00457576
-0.0012	-0.00585	0.00444129
-0.00115	-0.00585	0.00430682
-0.0011	-0.00585	0.00417426
-0.00105	-0.00585	0.00404361
-0.001	-0.00585	0.00391486
-0.00095	-0.00585	0.00379087
-0.0009	-0.00585	0.00367166
-0.00085	-0.00585	0.00355436
-0.0008	-0.00585	0.00343896
-0.00075	-0.00585	0.00333311
-0.0007	-0.00585	0.0032282
-0.00065	-0.00585	0.00312616
-0.0006	-0.00585	0.00302888
-0.00055	-0.00585	0.00293638
-0.0005	-0.00585	0.00284769
-0.00045	-0.00585	0.00276186
-0.0004	-0.00585	0.00267889
-0.00035	-0.00585	0.00259878
-0.0003	-0.00585	0.00252058
-0.00025	-0.00585	0.00244714
-0.0002	-0.00585	0.00237657
-0.00015	-0.00585	0.00230886
-0.0001	-0.00585	0.00224306
-5e-05	-0.00585	0.00218202
0.0	-0.00585	0.00212099
5e-05	-0.00585	0.00206377
0.0001	-0.00585	0.00200845
0.00015	-0.00585	0.00195505
0.0002	-0.00585	0.0019045
0.00025	-0.00585	0.00185395
0.0003	-0.00585	0.00180722
0.00035	-0.00585	0.00176144
0.0004	-0.00585	0.00171853
0.00045	-0.00585	0.00167657
0.0005	-0.00585	0.00163556
0.00055	-0.00585	0.0015955
0.0006	-0.00585	0.00155831
0.00065	-0.00585	0.00152112
0.0007	-0.00585	0.00148583
0.00075	-0.00585	0.00145245
0.0008	-0.00585	0.00141907
0.00085	-0.00585	0.0013876
0.0009	-0.00585	0.00135613
0.00095	-0.00585	0.00132657
0.001	-0.00585	0.00129605
0.00105	-0.00585	0.00126744
0.0011	-0.00585	0.00123978
0.00115	-0.00585	0.00121308
0.0012	-0.00585	0.00118638
0.00125	-0.00585	0.00116063
0.0013	-0.00585	0.00113583
0.00135	-0.00585	0.00111199
0.0014	-0.00585	0.00108815
0.00145	-0.00585	0.00106431
0.0015	-0.00585	0.00104047
0.0015	-0.0059001	0.00103284
0.00145	-0.0059001	0.00105191
0.0014	-0.0059001	0.00107384
0.00135	-0.0059001	0.00109769
0.0013	-0.0059001	0.00112248
0.00125	-0.0059001	0.00114632
0.0012	-0.0059001	0.00117112
0.00115	-0.0059001	0.00119687
0.0011	-0.0059001	0.00122262
0.00105	-0.0059001	0.00125027
0.001	-0.0059001	0.00127793
0.00095	-0.0059001	0.00130654
0.0009	-0.0059001	0.00133706
0.00085	-0.0059001	0.00136662
0.0008	-0.0059001	0.00139809
0.00075	-0.0059001	0.00143052
0.0007	-0.0059001	0.0014639
0.00065	-0.0059001	0.00149823
0.0006	-0.0059001	0.00153447
0.00055	-0.0059001	0.00157071
0.0005	-0.0059001	0.00160981
0.00045	-0.0059001	0.00164986
0.0004	-0.0059001	0.00169183
0.00035	-0.0059001	0.00173379
0.0003	-0.0059001	0.00177766
0.00025	-0.0059001	0.00182439
0.0002	-0.0059001	0.00187302
0.00015	-0.0059001	0.00192357
0.0001	-0.0059001	0.00197603
5e-05	-0.0059001	0.00203039
0.0	-0.0059001	0.00208761
-5e-05	-0.0059001	0.00214674
-0.0001	-0.0059001	0.00220777
-0.00015	-0.0059001	0.00227262
-0.0002	-0.0059001	0.00234033
-0.00025	-0.0059001	0.00240804
-0.0003	-0.0059001	0.00248243
-0.00035	-0.0059001	0.00255682
-0.0004	-0.0059001	0.00263597
-0.00045	-0.0059001	0.00271703
-0.0005	-0.0059001	0.00280096
-0.00055	-0.0059001	0.00289156
-0.0006	-0.0059001	0.0029812
-0.00065	-0.0059001	0.00307752
-0.0007	-0.0059001	0.00317766
-0.00075	-0.0059001	0.00327779
-0.0008	-0.0059001	0.00338556
-0.00085	-0.0059001	0.00349714
-0.0009	-0.0059001	0.00361444
-0.00095	-0.0059001	0.00373174
-0.001	-0.0059001	0.00385286
-0.00105	-0.0059001	0.00398353
-0.0011	-0.0059001	0.00411227
-0.00115	-0.0059001	0.00424293
-0.0012	-0.0059001	0.0043793
-0.00125	-0.0059001	0.00451377
-0.0013	-0.0059001	0.0046511
-0.00135	-0.0059001	0.00478557
-0.0014	-0.0059001	0.00492004
-0.00145	-0.0059001	0.00504592
-0.0015	-0.0059001	0.00516513
-0.00155	-0.0059001	0.00527766
-0.0016	-0.0059001	0.00537971
-0.00165	-0.0059001	0.00547221
-0.0017	-0.0059001	0.00555423
-0.00175	-0.0059001	0.0056248
-0.0018	-0.0059001	0.00568107
-0.00185	-0.0059001	0.00572208
-0.0019	-0.0059001	0.00575259
-0.00195	-0.0059001	0.0057669
-0.002	-0.0059001	0.00577167
-0.00205	-0.0059001	0.00575832
-0.0021	-0.0059001	0.00573352
-0.00215	-0.0059001	0.00569156
-0.0022	-0.0059001	0.00564101
-0.00225	-0.0059001	0.00557807
-0.0023	-0.0059001	0.00550082
-0.00235	-0.0059001	0.00541309
-0.0024	-0.0059001	0.00530913
-0.00245	-0.0059001	0.00519565
-0.0025	-0.0059001	0.00507548
-0.00255	-0.0059001	0.00494388
-0.0026	-0.0059001	0.00481036
-0.00265	-0.0059001	0.00466636
-0.0027	-0.0059001	0.00451663
-0.00275	-0.0059001	0.00436023
-0.0028	-0.0059001	0.00420097
-0.00285	-0.0059001	0.00404742
-0.0029	-0.0059001	0.0038891
-0.00295	-0.0059001	0.00373365
-0.003	-0.0059001	0.00358011
-0.003	-0.00595	0.0036297
-0.00295	-0.00595	0.00376607
-0.0029	-0.00595	0.0039244
-0.00285	-0.00595	0.00408366
-0.0028	-0.00595	0.00424483
-0.00275	-0.00595	0.00440028
-0.0027	-0.00595	0.00455669
-0.00265	-0.00595	0.00470641
-0.0026	-0.00595	0.00484756
-0.00255	-0.00595	0.00498584
-0.0025	-0.00595	0.00511649
-0.00245	-0.00595	0.00523761
-0.0024	-0.00595	0.00534919
-0.00235	-0.00595	0.00545219
-0.0023	-0.00595	0.00554565
-0.00225	-0.00595	0.00562099
-0.0022	-0.00595	0.00568298
-0.00215	-0.00595	0.00573161
-0.0021	-0.00595	0.00577739
-0.00205	-0.00595	0.00579932
-0.002	-0.00595	0.00581267
-0.00195	-0.00595	0.00580505
-0.0019	-0.00595	0.00579169
-0.00185	-0.00595	0.00576213
-0.0018	-0.00595	0.00571921
-0.00175	-0.00595	0.00565818
-0.0017	-0.00595	0.00558856
-0.00165	-0.00595	0.00550178
-0.0016	-0.00595	0.00540736
-0.00155	-0.00595	0.00530151
-0.0015	-0.00595	0.00518993
-0.00145	-0.00595	0.00506595
-0.0014	-0.00595	0.00493434
-0.00135	-0.00595	0.00479987
-0.0013	-0.00595	0.00466159
-0.00125	-0.00595	0.00452235
-0.0012	-0.00595	0.00438502
-0.00115	-0.00595	0.00424865
-0.0011	-0.00595	0.00411513
-0.00105	-0.00595	0.00398639
-0.001	-0.00595	0.00385763
-0.00095	-0.00595	0.0037327
-0.0009	-0.00595	0.00361444
-0.00085	-0.00595	0.00349905
-0.0008	-0.00595	0.00338556
-0.00075	-0.00595	0.00327779
-0.0007	-0.00595	0.00317575
-0.00065	-0.00595	0.00307561
-0.0006	-0.00595	0.00298025
-0.00055	-0.00595	0.00288869
-0.0005	-0.00595	0.00279905
-0.00045	-0.00595	0.00271322
-0.0004	-0.00595	0.00263216
-0.00035	-0.00595	0.002553
-0.0003	-0.00595	0.00247766
-0.00025	-0.00595	0.00240423
-0.0002	-0.00595	0.00233366
-0.00015	-0.00595	0.00226785
-0.0001	-0.00595	0.002203
-5e-05	-0.00595	0.00214006
0.0	-0.00595	0.00208284
5e-05	-0.00595	0.00202562
0.0001	-0.00595	0.00197031
0.00015	-0.00595	0.00191689
0.0002	-0.00595	0.0018673
0.00025	-0.00595	0.00181962
0.0003	-0.00595	0.00177289
0.00035	-0.00595	0.00172616
0.0004	-0.00595	0.0016842
0.00045	-0.00595	0.00164414
0.0005	-0.00595	0.00160409
0.00055	-0.00595	0.00156594
0.0006	-0.00595	0.00152779
0.00065	-0.00595	0.00149251
0.0007	-0.00595	0.00145913
0.00075	-0.00595	0.00142575
0.0008	-0.00595	0.00139428
0.00085	-0.00595	0.00136185
0.0009	-0.00595	0.00133324
0.00095	-0.00595	0.00130273
0.001	-0.00595	0.00127412
0.00105	-0.00595	0.00124646
0.0011	-0.00595	0.00121976
0.00115	-0.00595	0.00119305
0.0012	-0.00595	0.0011673
0.00125	-0.00595	0.00114251
0.0013	-0.00595	0.00111962
0.00135	-0.00595	0.00109578
0.0014	-0.00595	0.00107194
0.00145	-0.00595	0.00104905
0.0015	-0.00595	0.00102711
0.0015	-0.0060001	0.00101758
0.00145	-0.0060001	0.00103665
0.0014	-0.0060001	0.00105859
0.00135	-0.0060001	0.00108147
0.0013	-0.0060001	0.00110532
0.00125	-0.0060001	0.00112916
0.0012	-0.0060001	0.001153
0.00115	-0.0060001	0.0011778
0.0011	-0.0060001	0.0012045
0.00105	-0.0060001	0.00123025
0.001	-0.0060001	0.0012579
0.00095	-0.0060001	0.00128556
0.0009	-0.0060001	0.00131417
0.00085	-0.0060001	0.00134278
0.0008	-0.0060001	0.00137521
0.00075	-0.0060001	0.00140382
0.0007	-0.0060001	0.00143815
0.00065	-0.0060001	0.00147153
0.0006	-0.0060001	0.00150586
0.00055	-0.0060001	0.00154305
0.0005	-0.0060001	0.0015812
0.00045	-0.0060001	0.0016203
0.0004	-0.0060001	0.0016594
0.00035	-0.0060001	0.00170232
0.0003	-0.0060001	0.00174523
0.00025	-0.0060001	0.00179101
0.0002	-0.0060001	0.00183965
0.00015	-0.0060001	0.00188924
0.0001	-0.0060001	0.00193978
5e-05	-0.0060001	0.0019951
0.0	-0.0060001	0.00204946
-5e-05	-0.0060001	0.00210859
-0.0001	-0.0060001	0.00216962
-0.00015	-0.0060001	0.00223161
-0.0002	-0.0060001	0.00229837
-0.00025	-0.0060001	0.00236799
-0.0003	-0.0060001	0.00243951
-0.00035	-0.0060001	0.0025139
-0.0004	-0.0060001	0.0025921
-0.00045	-0.0060001	0.00267221
-0.0005	-0.0060001	0.00275804
-0.00055	-0.0060001	0.00284483
-0.0006	-0.0060001	0.00293542
-0.00065	-0.0060001	0.00302984
-0.0007	-0.0060001	0.00312807
-0.00075	-0.0060001	0.0032282
-0.0008	-0.0060001	0.00333692
-0.00085	-0.0060001	0.00344564
-0.0009	-0.0060001	0.00356008
-0.00095	-0.0060001	0.00367929
-0.001	-0.0060001	0.00380231
-0.00105	-0.0060001	0.00393108
-0.0011	-0.0060001	0.00405696
-0.00115	-0.0060001	0.00419238
-0.0012	-0.0060001	0.00433162
-0.00125	-0.0060001	0.0044699
-0.0013	-0.0060001	0.00461105
-0.00135	-0.0060001	0.00475314
-0.0014	-0.0060001	0.00488952
-0.00145	-0.0060001	0.00502685
-0.0015	-0.0060001	0.00515655
-0.00155	-0.0060001	0.00527576
-0.0016	-0.0060001	0.00538829
-0.00165	-0.0060001	0.00549129
-0.0017	-0.0060001	0.00558761
-0.00175	-0.0060001	0.00566962
-0.0018	-0.0060001	0.00573829
-0.00185	-0.0060001	0.00578979
-0.0019	-0.0060001	0.00582698
-0.00195	-0.0060001	0.00585082
-0.002	-0.0060001	0.00586227
-0.00205	-0.0060001	0.00585845
-0.0021	-0.0060001	0.00583842
-0.00215	-0.0060001	0.00580505
-0.0022	-0.0060001	0.00576404
-0.00225	-0.0060001	0.005703
-0.0023	-0.0060001	0.00563148
-0.00235	-0.0060001	0.00554565
-0.0024	-0.0060001	0.00545028
-0.00245	-0.0060001	0.00534251
-0.0025	-0.0060001	0.0052233
-0.00255	-0.0060001	0.00510028
-0.0026	-0.0060001	0.00496486
-0.00265	-0.0060001	0.00482085
-0.0027	-0.0060001	0.00467399
-0.00275	-0.0060001	0.0045214
-0.0028	-0.0060001	0.00436214
-0.00285	-0.0060001	0.00420192
-0.0029	-0.0060001	0.00403884
-0.00295	-0.0060001	0.00387956
-0.003	-0.0060001	0.00371744
