Your comment line - do NOT delete this line
X-pos [m], Y-pos [m], Voltage [V]
0.002	-0.0259999	4.15745e-05
0.00195	-0.0259999	4.21109e-05
0.0019	-0.0259999	4.29752e-05
0.00185	-0.0259999	4.50017e-05
0.0018	-0.0259999	4.51508e-05
0.00175	-0.0259999	4.48229e-05
0.0017	-0.0259999	4.74455e-05
0.00165	-0.0259999	4.82204e-05
0.0016	-0.0259999	5.24821e-05
0.00155	-0.0259999	5.15284e-05
0.0015	-0.0259999	5.35848e-05
0.00145	-0.0259999	5.55518e-05
0.0014	-0.0259999	5.73995e-05
0.00135	-0.0259999	5.88002e-05
0.0013	-0.0259999	6.02605e-05
0.00125	-0.0259999	6.01115e-05
0.0012	-0.0259999	6.07076e-05
0.00115	-0.0259999	6.49099e-05
0.0011	-0.0259999	6.58636e-05
0.00105	-0.0259999	6.49695e-05
0.001	-0.0259999	7.06916e-05
0.00095	-0.0259999	7.20029e-05
0.0009	-0.0259999	7.34334e-05
0.00085	-0.0259999	7.59368e-05
0.0008	-0.0259999	7.76951e-05
0.00075	-0.0259999	8.18376e-05
0.0007	-0.0259999	8.29999e-05
0.00065	-0.0259999	8.87518e-05
0.0006	-0.0259999	9.29837e-05
0.00055	-0.0259999	9.66196e-05
0.0005	-0.0259999	0.000102282
0.00045	-0.0259999	0.000107468
0.0004	-0.0259999	0.000111461
0.00035	-0.0259999	0.000117213
0.0003	-0.0259999	0.00012675
0.00025	-0.0259999	0.000129879
0.0002	-0.0259999	0.000135035
0.00015	-0.0259999	0.000138552
0.0001	-0.0259999	0.000142098
5e-05	-0.0259999	0.0001449
0.0	-0.0259999	0.000147999
-5e-05	-0.0259999	0.00014782
-0.0001	-0.0259999	0.000147075
-0.00015	-0.0259999	0.000145913
-0.0002	-0.0259999	0.000142158
-0.00025	-0.0259999	0.000142396
-0.0003	-0.0259999	0.000138761
-0.00035	-0.0259999	0.00013277
-0.0004	-0.0259999	0.00012824
-0.00045	-0.0259999	0.000125737
-0.0005	-0.0259999	0.000125051
-0.00055	-0.0259999	0.000117124
-0.0006	-0.0259999	0.000115782
-0.00065	-0.0259999	0.000112266
-0.0007	-0.0259999	0.000109166
-0.00075	-0.0259999	0.000106812
-0.0008	-0.0259999	0.00010556
-0.00085	-0.0259999	0.00010112
-0.0009	-0.0259999	9.9421e-05
-0.00095	-0.0259999	9.87654e-05
-0.001	-0.0259999	9.42354e-05
-0.00105	-0.0259999	9.30433e-05
-0.0011	-0.0259999	8.80663e-05
-0.00115	-0.0259999	8.61888e-05
-0.0012	-0.0259999	8.44602e-05
-0.00125	-0.0259999	8.4043e-05
-0.0013	-0.0259999	7.84104e-05
-0.00135	-0.0259999	7.847e-05
-0.0014	-0.0259999	7.43573e-05
-0.00145	-0.0259999	7.35824e-05
-0.0015	-0.0259999	7.07512e-05
-0.00155	-0.0259999	6.70855e-05
-0.0016	-0.0259999	6.72941e-05
-0.00165	-0.0259999	6.5804e-05
-0.0017	-0.0259999	6.22873e-05
-0.00175	-0.0259999	6.23767e-05
-0.0018	-0.0259999	5.96049e-05
-0.00185	-0.0259999	5.90088e-05
-0.0019	-0.0259999	5.66843e-05
-0.00195	-0.0259999	5.55518e-05
-0.002	-0.0259999	5.34656e-05
-0.00205	-0.0259999	5.3257e-05
-0.0021	-0.0259999	5.17073e-05
-0.00215	-0.0259999	5.00383e-05
-0.0022	-0.0259999	4.8876e-05
-0.00225	-0.0259999	4.72071e-05
-0.0023	-0.0259999	4.79224e-05
-0.00235	-0.0259999	4.69389e-05
-0.0024	-0.0259999	4.36606e-05
-0.00245	-0.0259999	4.44355e-05
-0.0025	-0.0259999	4.36904e-05
-0.00255	-0.0259999	4.06208e-05
-0.0026	-0.0259999	3.93095e-05
-0.00265	-0.0259999	4.0442e-05
-0.0027	-0.0259999	3.68061e-05
-0.00275	-0.0259999	3.71637e-05
-0.0028	-0.0259999	3.53756e-05
-0.00285	-0.0259999	3.46603e-05
-0.0029	-0.0259999	3.34384e-05
-0.00295	-0.0259999	3.24848e-05
-0.003	-0.0259999	3.26934e-05
-0.00305	-0.0259999	3.2455e-05
-0.0031	-0.0259999	3.3498e-05
-0.00315	-0.0259999	3.11139e-05
-0.0032	-0.0259999	2.91766e-05
-0.00325	-0.0259999	2.61964e-05
-0.0033	-0.0259999	2.61368e-05
-0.00335	-0.0259999	2.93852e-05
-0.0034	-0.0259999	2.85805e-05
-0.00345	-0.0259999	2.80441e-05
-0.0035	-0.0259999	2.45274e-05
-0.00355	-0.0259999	2.20538e-05
-0.0036	-0.0259999	2.59877e-05
-0.00365	-0.0259999	2.35738e-05
-0.0037	-0.0259999	2.32459e-05
-0.00375	-0.0259999	2.52725e-05
-0.0038	-0.0259999	2.33651e-05
-0.00385	-0.0259999	2.17558e-05
-0.0039	-0.0259999	2.1726e-05
-0.00395	-0.0259999	2.00273e-05
-0.004	-0.0259999	1.92524e-05
-0.00405	-0.0259999	1.9312e-05
-0.0041	-0.0259999	2.03253e-05
-0.00415	-0.0259999	1.97591e-05
-0.0042	-0.0259999	1.71961e-05
-0.00425	-0.0259999	1.82987e-05
-0.0043	-0.0259999	1.99081e-05
-0.00435	-0.0259999	1.89842e-05
-0.0044	-0.0259999	1.94312e-05
-0.00445	-0.0259999	1.89246e-05
-0.0045	-0.0259999	1.81199e-05
-0.00455	-0.0259999	1.62424e-05
-0.0046	-0.0259999	1.51694e-05
-0.00465	-0.0259999	1.56761e-05
-0.0047	-0.0259999	1.96398e-05
-0.00475	-0.0259999	1.79411e-05
-0.0048	-0.0259999	1.96398e-05
-0.00485	-0.0259999	1.78517e-05
-0.0049	-0.0259999	1.66894e-05
-0.00495	-0.0259999	1.66e-05
-0.005	-0.0259999	1.49608e-05
-0.005	-0.0264999	1.69576e-05
-0.00495	-0.0264999	1.77921e-05
-0.0049	-0.0264999	1.5855e-05
-0.00485	-0.0264999	1.59444e-05
-0.0048	-0.0264999	1.62722e-05
-0.00475	-0.0264999	1.70768e-05
-0.0047	-0.0264999	1.56165e-05
-0.00465	-0.0264999	1.74047e-05
-0.0046	-0.0264999	1.77921e-05
-0.00455	-0.0264999	1.75835e-05
-0.0045	-0.0264999	1.79709e-05
-0.00445	-0.0264999	1.86564e-05
-0.0044	-0.0264999	2.10704e-05
-0.00435	-0.0264999	1.90736e-05
-0.0043	-0.0264999	1.94908e-05
-0.00425	-0.0264999	2.01465e-05
-0.0042	-0.0264999	2.13088e-05
-0.00415	-0.0264999	2.11896e-05
-0.0041	-0.0264999	2.27393e-05
-0.00405	-0.0264999	2.37526e-05
-0.004	-0.0264999	2.40208e-05
-0.00395	-0.0264999	2.29479e-05
-0.0039	-0.0264999	2.49149e-05
-0.00385	-0.0264999	2.39016e-05
-0.0038	-0.0264999	2.64944e-05
-0.00375	-0.0264999	2.34247e-05
-0.0037	-0.0264999	2.59281e-05
-0.00365	-0.0264999	2.6256e-05
-0.0036	-0.0264999	2.82527e-05
-0.00355	-0.0264999	2.85209e-05
-0.0035	-0.0264999	2.867e-05
-0.00345	-0.0264999	3.07264e-05
-0.0034	-0.0264999	3.13821e-05
-0.00335	-0.0264999	3.42133e-05
-0.0033	-0.0264999	3.31404e-05
-0.00325	-0.0264999	3.27232e-05
-0.0032	-0.0264999	3.44517e-05
-0.00315	-0.0264999	3.54054e-05
-0.0031	-0.0264999	3.5167e-05
-0.00305	-0.0264999	3.88029e-05
-0.003	-0.0264999	3.89519e-05
-0.00295	-0.0264999	3.93095e-05
-0.0029	-0.0264999	4.10976e-05
-0.00285	-0.0264999	4.1187e-05
-0.0028	-0.0264999	3.96373e-05
-0.00275	-0.0264999	4.3601e-05
-0.0027	-0.0264999	4.49719e-05
-0.00265	-0.0264999	4.63726e-05
-0.0026	-0.0264999	4.46739e-05
-0.00255	-0.0264999	4.52998e-05
-0.0025	-0.0264999	4.55084e-05
-0.00245	-0.0264999	4.58958e-05
-0.0024	-0.0264999	4.98893e-05
-0.00235	-0.0264999	5.08132e-05
-0.0023	-0.0264999	5.12304e-05
-0.00225	-0.0264999	5.28696e-05
-0.0022	-0.0264999	5.59094e-05
-0.00215	-0.0264999	5.85618e-05
-0.0021	-0.0264999	5.80254e-05
-0.00205	-0.0264999	5.93963e-05
-0.002	-0.0264999	6.18701e-05
-0.00195	-0.0264999	6.33006e-05
-0.0019	-0.0264999	6.46715e-05
-0.00185	-0.0264999	6.72047e-05
-0.0018	-0.0264999	6.90524e-05
-0.00175	-0.0264999	7.09598e-05
-0.0017	-0.0264999	7.17645e-05
-0.00165	-0.0264999	7.54599e-05
-0.0016	-0.0264999	7.71587e-05
-0.00155	-0.0264999	7.88872e-05
-0.0015	-0.0264999	8.03773e-05
-0.00145	-0.0264999	8.63974e-05
-0.0014	-0.0264999	8.52947e-05
-0.00135	-0.0264999	8.73511e-05
-0.0013	-0.0264999	9.18214e-05
-0.00125	-0.0264999	9.1285e-05
-0.0012	-0.0264999	9.69772e-05
-0.00115	-0.0264999	9.57553e-05
-0.0011	-0.0264999	9.99277e-05
-0.00105	-0.0264999	0.000103266
-0.001	-0.0264999	0.000104189
-0.00095	-0.0264999	0.000107855
-0.0009	-0.0264999	0.000110001
-0.00085	-0.0264999	0.000112743
-0.0008	-0.0264999	0.000116945
-0.00075	-0.0264999	0.000119776
-0.0007	-0.0264999	0.000125022
-0.00065	-0.0264999	0.000126601
-0.0006	-0.0264999	0.000130267
-0.00055	-0.0264999	0.000134916
-0.0005	-0.0264999	0.00013888
-0.00045	-0.0264999	0.00013879
-0.0004	-0.0264999	0.000135393
-0.00035	-0.0264999	0.000136227
-0.0003	-0.0264999	0.000134916
-0.00025	-0.0264999	0.00013125
-0.0002	-0.0264999	0.000127674
-0.00015	-0.0264999	0.000124515
-0.0001	-0.0264999	0.000122399
-5e-05	-0.0264999	0.000115395
0.0	-0.0264999	0.000113816
5e-05	-0.0264999	0.000106544
0.0001	-0.0264999	0.000102789
0.00015	-0.0264999	0.000101299
0.0002	-0.0264999	9.87952e-05
0.00025	-0.0264999	9.62024e-05
0.0003	-0.0264999	9.07485e-05
0.00035	-0.0264999	8.65464e-05
0.0004	-0.0264999	8.34768e-05
0.00045	-0.0264999	8.32682e-05
0.0005	-0.0264999	7.76057e-05
0.00055	-0.0264999	7.45957e-05
0.0006	-0.0264999	7.27479e-05
0.00065	-0.0264999	6.88438e-05
0.0007	-0.0264999	6.82478e-05
0.00075	-0.0264999	6.62212e-05
0.0008	-0.0264999	6.48205e-05
0.00085	-0.0264999	6.37774e-05
0.0009	-0.0264999	6.00221e-05
0.00095	-0.0264999	6.04393e-05
0.001	-0.0264999	5.8383e-05
0.00105	-0.0264999	5.63266e-05
0.0011	-0.0264999	5.79657e-05
0.00115	-0.0264999	5.37934e-05
0.0012	-0.0264999	5.46577e-05
0.00125	-0.0264999	5.17669e-05
0.0013	-0.0264999	5.04556e-05
0.00135	-0.0264999	4.62534e-05
0.0014	-0.0264999	4.62534e-05
0.00145	-0.0264999	4.43461e-05
0.0015	-0.0264999	4.28858e-05
0.00155	-0.0264999	4.21109e-05
0.0016	-0.0264999	4.03228e-05
0.00165	-0.0264999	4.07698e-05
0.0017	-0.0264999	3.77896e-05
0.00175	-0.0264999	3.67465e-05
0.0018	-0.0264999	3.65379e-05
0.00185	-0.0264999	3.3498e-05
0.0019	-0.0264999	3.38855e-05
0.00195	-0.0264999	3.29318e-05
0.002	-0.0264999	3.22463e-05
0.002	-0.0269999	2.63156e-05
0.00195	-0.0269999	2.52129e-05
0.0019	-0.0269999	2.56599e-05
0.00185	-0.0269999	2.83719e-05
0.0018	-0.0269999	2.88786e-05
0.00175	-0.0269999	2.80143e-05
0.0017	-0.0269999	2.9862e-05
0.00165	-0.0269999	3.21271e-05
0.0016	-0.0269999	3.15311e-05
0.00155	-0.0269999	3.42729e-05
0.0015	-0.0269999	3.28722e-05
0.00145	-0.0269999	3.6061e-05
0.0014	-0.0269999	3.68359e-05
0.00135	-0.0269999	3.8028e-05
0.0013	-0.0269999	3.93393e-05
0.00125	-0.0269999	3.89221e-05
0.0012	-0.0269999	4.30348e-05
0.00115	-0.0269999	4.12466e-05
0.0011	-0.0269999	4.23791e-05
0.00105	-0.0269999	4.6313e-05
0.001	-0.0269999	4.36308e-05
0.00095	-0.0269999	4.52402e-05
0.0009	-0.0269999	5.13198e-05
0.00085	-0.0269999	5.0694e-05
0.0008	-0.0269999	5.18563e-05
0.00075	-0.0269999	5.72207e-05
0.0007	-0.0269999	5.76379e-05
0.00065	-0.0269999	5.95453e-05
0.0006	-0.0269999	5.78763e-05
0.00055	-0.0269999	6.27046e-05
0.0005	-0.0269999	6.31516e-05
0.00045	-0.0269999	6.49397e-05
0.0004	-0.0269999	6.61914e-05
0.00035	-0.0269999	6.79498e-05
0.0003	-0.0269999	7.08108e-05
0.00025	-0.0269999	7.25393e-05
0.0002	-0.0269999	7.42679e-05
0.00015	-0.0269999	7.97217e-05
0.0001	-0.0269999	8.04369e-05
5e-05	-0.0269999	8.12714e-05
0.0	-0.0269999	8.54139e-05
-5e-05	-0.0269999	8.86922e-05
-0.0001	-0.0269999	9.24175e-05
-0.00015	-0.0269999	9.7007e-05
-0.0002	-0.0269999	0.000101746
-0.00025	-0.0269999	0.000107587
-0.0003	-0.0269999	0.000110448
-0.00035	-0.0269999	0.000110388
-0.0004	-0.0269999	0.0001176
-0.00045	-0.0269999	0.000119508
-0.0005	-0.0269999	0.000122041
-0.00055	-0.0269999	0.000125469
-0.0006	-0.0269999	0.000127138
-0.00065	-0.0269999	0.000127078
-0.0007	-0.0269999	0.000129641
-0.00075	-0.0269999	0.000128568
-0.0008	-0.0269999	0.000126571
-0.00085	-0.0269999	0.000125081
-0.0009	-0.0269999	0.000124038
-0.00095	-0.0269999	0.000123651
-0.001	-0.0269999	0.000120074
-0.00105	-0.0269999	0.000116587
-0.0011	-0.0269999	0.000115425
-0.00115	-0.0269999	0.000112772
-0.0012	-0.0269999	0.000107855
-0.00125	-0.0269999	0.000107408
-0.0013	-0.0269999	0.000104607
-0.00135	-0.0269999	9.83779e-05
-0.0014	-0.0269999	9.84077e-05
-0.00145	-0.0269999	9.45632e-05
-0.0015	-0.0269999	9.42354e-05
-0.00155	-0.0269999	9.27155e-05
-0.0016	-0.0269999	8.77981e-05
-0.00165	-0.0269999	8.57715e-05
-0.0017	-0.0269999	8.6457e-05
-0.00175	-0.0269999	8.31787e-05
-0.0018	-0.0269999	7.98707e-05
-0.00185	-0.0269999	7.72779e-05
-0.0019	-0.0269999	7.35824e-05
-0.00195	-0.0269999	7.20923e-05
-0.002	-0.0269999	6.94101e-05
-0.00205	-0.0269999	7.08406e-05
-0.0021	-0.0269999	6.73835e-05
-0.00215	-0.0269999	6.73835e-05
-0.0022	-0.0269999	6.34198e-05
-0.00225	-0.0269999	6.34794e-05
-0.0023	-0.0269999	6.16615e-05
-0.00235	-0.0269999	6.1274e-05
-0.0024	-0.0269999	5.94261e-05
-0.00245	-0.0269999	5.66544e-05
-0.0025	-0.0269999	5.48067e-05
-0.00255	-0.0269999	5.3555e-05
-0.0026	-0.0269999	5.01575e-05
-0.00265	-0.0269999	5.19457e-05
-0.0027	-0.0269999	4.95615e-05
-0.00275	-0.0269999	4.8578e-05
-0.0028	-0.0269999	4.78032e-05
-0.00285	-0.0269999	4.44355e-05
-0.0029	-0.0269999	4.25281e-05
-0.00295	-0.0269999	4.24089e-05
-0.003	-0.0269999	4.0293e-05
-0.00305	-0.0269999	4.18129e-05
-0.0031	-0.0269999	4.19321e-05
-0.00315	-0.0269999	3.96075e-05
-0.0032	-0.0269999	4.0442e-05
-0.00325	-0.0269999	3.71637e-05
-0.0033	-0.0269999	3.71041e-05
-0.00335	-0.0269999	3.65081e-05
-0.0034	-0.0269999	3.5614e-05
-0.00345	-0.0269999	3.28424e-05
-0.0035	-0.0269999	3.36471e-05
-0.00355	-0.0269999	3.17397e-05
-0.0036	-0.0269999	3.20973e-05
-0.00365	-0.0269999	2.99813e-05
-0.0037	-0.0269999	3.00409e-05
-0.00375	-0.0269999	2.87594e-05
-0.0038	-0.0269999	2.87892e-05
-0.00385	-0.0269999	2.81633e-05
-0.0039	-0.0269999	2.63156e-05
-0.00395	-0.0269999	2.50937e-05
-0.004	-0.0269999	2.45572e-05
-0.00405	-0.0269999	2.46168e-05
-0.0041	-0.0269999	2.27095e-05
-0.00415	-0.0269999	2.22923e-05
-0.0042	-0.0269999	2.21134e-05
-0.00425	-0.0269999	2.14578e-05
-0.0043	-0.0269999	2.21432e-05
-0.00435	-0.0269999	2.10704e-05
-0.0044	-0.0269999	1.90736e-05
-0.00445	-0.0269999	2.1428e-05
-0.0045	-0.0269999	2.16366e-05
-0.00455	-0.0269999	2.18452e-05
-0.0046	-0.0269999	2.07723e-05
-0.00465	-0.0269999	1.74941e-05
-0.0047	-0.0269999	2.02359e-05
-0.00475	-0.0269999	1.84776e-05
-0.0048	-0.0269999	1.97591e-05
-0.00485	-0.0269999	1.76133e-05
-0.0049	-0.0269999	1.83285e-05
-0.00495	-0.0269999	1.55271e-05
-0.005	-0.0269999	1.64808e-05
-0.005	-0.0274999	1.78815e-05
-0.00495	-0.0274999	1.98783e-05
-0.0049	-0.0274999	1.98783e-05
-0.00485	-0.0274999	1.89544e-05
-0.0048	-0.0274999	1.92226e-05
-0.00475	-0.0274999	1.97889e-05
-0.0047	-0.0274999	2.1428e-05
-0.00465	-0.0274999	2.28585e-05
-0.0046	-0.0274999	1.98187e-05
-0.00455	-0.0274999	1.99081e-05
-0.0045	-0.0274999	2.30671e-05
-0.00445	-0.0274999	2.21134e-05
-0.0044	-0.0274999	2.34843e-05
-0.00435	-0.0274999	2.31267e-05
-0.0043	-0.0274999	2.31565e-05
-0.00425	-0.0274999	2.3991e-05
-0.0042	-0.0274999	2.56301e-05
-0.00415	-0.0274999	2.74779e-05
-0.0041	-0.0274999	2.6107e-05
-0.00405	-0.0274999	2.73586e-05
-0.004	-0.0274999	2.79547e-05
-0.00395	-0.0274999	3.06966e-05
-0.0039	-0.0274999	2.9415e-05
-0.00385	-0.0274999	3.11437e-05
-0.0038	-0.0274999	3.10245e-05
-0.00375	-0.0274999	3.24848e-05
-0.0037	-0.0274999	3.32894e-05
-0.00365	-0.0274999	3.3349e-05
-0.0036	-0.0274999	3.32e-05
-0.00355	-0.0274999	3.47795e-05
-0.0035	-0.0274999	3.66869e-05
-0.00345	-0.0274999	3.65379e-05
-0.0034	-0.0274999	3.71935e-05
-0.00335	-0.0274999	3.87134e-05
-0.0033	-0.0274999	3.78194e-05
-0.00325	-0.0274999	3.88327e-05
-0.0032	-0.0274999	4.22599e-05
-0.00315	-0.0274999	4.1038e-05
-0.0031	-0.0274999	4.2856e-05
-0.00305	-0.0274999	4.50613e-05
-0.003	-0.0274999	4.49719e-05
-0.00295	-0.0274999	4.8727e-05
-0.0029	-0.0274999	5.23331e-05
-0.00285	-0.0274999	5.17073e-05
-0.0028	-0.0274999	5.10218e-05
-0.00275	-0.0274999	5.34954e-05
-0.0027	-0.0274999	5.40616e-05
-0.00265	-0.0274999	5.74293e-05
-0.0026	-0.0274999	5.67439e-05
-0.00255	-0.0274999	5.76677e-05
-0.0025	-0.0274999	6.0946e-05
-0.00245	-0.0274999	6.08864e-05
-0.0024	-0.0274999	6.34496e-05
-0.00235	-0.0274999	6.70855e-05
-0.0023	-0.0274999	6.64e-05
-0.00225	-0.0274999	6.72643e-05
-0.0022	-0.0274999	6.80392e-05
-0.00215	-0.0274999	6.80392e-05
-0.0021	-0.0274999	6.97677e-05
-0.00205	-0.0274999	7.26287e-05
-0.002	-0.0274999	7.47745e-05
-0.00195	-0.0274999	7.55196e-05
-0.0019	-0.0274999	7.79633e-05
-0.00185	-0.0274999	7.90064e-05
-0.0018	-0.0274999	8.20761e-05
-0.00175	-0.0274999	8.36556e-05
-0.0017	-0.0274999	8.55331e-05
-0.00165	-0.0274999	8.89902e-05
-0.0016	-0.0274999	9.15234e-05
-0.00155	-0.0274999	9.41758e-05
-0.0015	-0.0274999	9.355e-05
-0.00145	-0.0274999	9.65898e-05
-0.0014	-0.0274999	9.83183e-05
-0.00135	-0.0274999	0.00010115
-0.0013	-0.0274999	0.000101567
-0.00125	-0.0274999	0.000103057
-0.0012	-0.0274999	0.000103742
-0.00115	-0.0274999	0.000103981
-0.0011	-0.0274999	0.000105739
-0.00105	-0.0274999	0.000105322
-0.001	-0.0274999	0.00010407
-0.00095	-0.0274999	0.000104785
-0.0009	-0.0274999	0.000105501
-0.00085	-0.0274999	0.000105232
-0.0008	-0.0274999	0.000104368
-0.00075	-0.0274999	0.00010264
-0.0007	-0.0274999	0.000102371
-0.00065	-0.0274999	9.8676e-05
-0.0006	-0.0274999	9.87356e-05
-0.00055	-0.0274999	9.26261e-05
-0.0005	-0.0274999	9.29837e-05
-0.00045	-0.0274999	8.86922e-05
-0.0004	-0.0274999	8.6904e-05
-0.00035	-0.0274999	8.29999e-05
-0.0003	-0.0274999	7.98409e-05
-0.00025	-0.0274999	7.74567e-05
-0.0002	-0.0274999	7.35526e-05
-0.00015	-0.0274999	7.3642e-05
-0.0001	-0.0274999	7.06022e-05
-5e-05	-0.0274999	6.73537e-05
0.0	-0.0274999	6.75027e-05
5e-05	-0.0274999	6.72941e-05
0.0001	-0.0274999	6.18999e-05
0.00015	-0.0274999	6.10356e-05
0.0002	-0.0274999	6.01413e-05
0.00025	-0.0274999	5.68035e-05
0.0003	-0.0274999	5.56114e-05
0.00035	-0.0274999	5.37934e-05
0.0004	-0.0274999	5.42107e-05
0.00045	-0.0274999	4.95913e-05
0.0005	-0.0274999	4.84588e-05
0.00055	-0.0274999	5.02469e-05
0.0006	-0.0274999	4.71177e-05
0.00065	-0.0274999	4.44653e-05
0.0007	-0.0274999	4.44653e-05
0.00075	-0.0274999	4.08294e-05
0.0008	-0.0274999	4.11274e-05
0.00085	-0.0274999	3.89519e-05
0.0009	-0.0274999	3.95479e-05
0.00095	-0.0274999	3.77002e-05
0.001	-0.0274999	3.77598e-05
0.00105	-0.0274999	3.68359e-05
0.0011	-0.0274999	3.43027e-05
0.00115	-0.0274999	3.37365e-05
0.0012	-0.0274999	3.2902e-05
0.00125	-0.0274999	3.16801e-05
0.0013	-0.0274999	3.11437e-05
0.00135	-0.0274999	2.90574e-05
0.0014	-0.0274999	2.8819e-05
0.00145	-0.0274999	2.80441e-05
0.0015	-0.0274999	2.76269e-05
0.00155	-0.0274999	2.76567e-05
0.0016	-0.0274999	2.53917e-05
0.00165	-0.0274999	2.65838e-05
0.0017	-0.0274999	2.40208e-05
0.00175	-0.0274999	2.40208e-05
0.0018	-0.0274999	2.36036e-05
0.00185	-0.0274999	2.24413e-05
0.0019	-0.0274999	2.22326e-05
0.00195	-0.0274999	2.25903e-05
0.002	-0.0274999	2.09213e-05
0.002	-0.0279999	1.88054e-05
0.00195	-0.0279999	1.85074e-05
0.0019	-0.0279999	1.94312e-05
0.00185	-0.0279999	1.84776e-05
0.0018	-0.0279999	1.77623e-05
0.00175	-0.0279999	2.00273e-05
0.0017	-0.0279999	1.9461e-05
0.00165	-0.0279999	2.04743e-05
0.0016	-0.0279999	2.25307e-05
0.00155	-0.0279999	2.25605e-05
0.0015	-0.0279999	2.16068e-05
0.00145	-0.0279999	2.24115e-05
0.0014	-0.0279999	2.09213e-05
0.00135	-0.0279999	2.1279e-05
0.0013	-0.0279999	2.39612e-05
0.00125	-0.0279999	2.50043e-05
0.0012	-0.0279999	2.51831e-05
0.00115	-0.0279999	2.77759e-05
0.0011	-0.0279999	2.73288e-05
0.00105	-0.0279999	2.57195e-05
0.001	-0.0279999	2.87594e-05
0.00095	-0.0279999	2.83123e-05
0.0009	-0.0279999	2.95938e-05
0.00085	-0.0279999	3.01601e-05
0.0008	-0.0279999	3.40047e-05
0.00075	-0.0279999	3.38259e-05
0.0007	-0.0279999	3.66869e-05
0.00065	-0.0279999	3.66273e-05
0.0006	-0.0279999	3.71041e-05
0.00055	-0.0279999	3.79982e-05
0.0005	-0.0279999	3.88923e-05
0.00045	-0.0279999	3.82068e-05
0.0004	-0.0279999	3.95777e-05
0.00035	-0.0279999	4.3303e-05
0.0003	-0.0279999	4.19321e-05
0.00025	-0.0279999	4.46739e-05
0.0002	-0.0279999	4.52998e-05
0.00015	-0.0279999	4.42865e-05
0.0001	-0.0279999	4.72071e-05
5e-05	-0.0279999	4.80416e-05
0.0	-0.0279999	5.11708e-05
-5e-05	-0.0279999	5.04854e-05
-0.0001	-0.0279999	5.43895e-05
-0.00015	-0.0279999	5.57604e-05
-0.0002	-0.0279999	5.6416e-05
-0.00025	-0.0279999	5.82638e-05
-0.0003	-0.0279999	6.19893e-05
-0.00035	-0.0279999	6.09758e-05
-0.0004	-0.0279999	6.34198e-05
-0.00045	-0.0279999	6.73835e-05
-0.0005	-0.0279999	6.82776e-05
-0.00055	-0.0279999	7.00359e-05
-0.0006	-0.0279999	7.14962e-05
-0.00065	-0.0279999	7.60858e-05
-0.0007	-0.0279999	7.85594e-05
-0.00075	-0.0279999	8.10032e-05
-0.0008	-0.0279999	8.64272e-05
-0.00085	-0.0279999	8.83644e-05
-0.0009	-0.0279999	9.10764e-05
-0.00095	-0.0279999	9.26559e-05
-0.001	-0.0279999	9.56361e-05
-0.00105	-0.0279999	9.59043e-05
-0.0011	-0.0279999	9.75435e-05
-0.00115	-0.0279999	9.73647e-05
-0.0012	-0.0279999	0.000100971
-0.00125	-0.0279999	9.80799e-05
-0.0013	-0.0279999	0.000101597
-0.00135	-0.0279999	0.000100941
-0.0014	-0.0279999	9.88548e-05
-0.00145	-0.0279999	9.70964e-05
-0.0015	-0.0279999	9.64706e-05
-0.00155	-0.0279999	9.52189e-05
-0.0016	-0.0279999	9.37586e-05
-0.00165	-0.0279999	9.52487e-05
-0.0017	-0.0279999	9.11062e-05
-0.00175	-0.0279999	9.13744e-05
-0.0018	-0.0279999	9.08379e-05
-0.00185	-0.0279999	8.77981e-05
-0.0019	-0.0279999	8.80067e-05
-0.00195	-0.0279999	8.58014e-05
-0.002	-0.0279999	8.41026e-05
-0.00205	-0.0279999	8.16588e-05
-0.0021	-0.0279999	8.18376e-05
-0.00215	-0.0279999	7.75163e-05
-0.0022	-0.0279999	7.65328e-05
-0.00225	-0.0279999	7.52513e-05
-0.0023	-0.0279999	7.33142e-05
-0.00235	-0.0279999	6.99167e-05
-0.0024	-0.0279999	7.04532e-05
-0.00245	-0.0279999	6.81286e-05
-0.0025	-0.0279999	6.6102e-05
-0.00255	-0.0279999	6.34794e-05
-0.0026	-0.0279999	6.24959e-05
-0.00265	-0.0279999	6.08268e-05
-0.0027	-0.0279999	6.09758e-05
-0.00275	-0.0279999	5.87406e-05
-0.0028	-0.0279999	5.72207e-05
-0.00285	-0.0279999	5.6118e-05
-0.0029	-0.0279999	5.52537e-05
-0.00295	-0.0279999	5.4002e-05
-0.003	-0.0279999	5.37338e-05
-0.00305	-0.0279999	5.23629e-05
-0.0031	-0.0279999	4.92039e-05
-0.00315	-0.0279999	5.1141e-05
-0.0032	-0.0279999	4.69687e-05
-0.00325	-0.0279999	4.96509e-05
-0.0033	-0.0279999	4.63428e-05
-0.00335	-0.0279999	4.38693e-05
-0.0034	-0.0279999	4.24089e-05
-0.00345	-0.0279999	4.15447e-05
-0.0035	-0.0279999	4.19321e-05
-0.00355	-0.0279999	4.0442e-05
-0.0036	-0.0279999	3.58822e-05
-0.00365	-0.0279999	3.73425e-05
-0.0037	-0.0279999	3.67763e-05
-0.00375	-0.0279999	3.46305e-05
-0.0038	-0.0279999	3.51968e-05
-0.00385	-0.0279999	3.49882e-05
-0.0039	-0.0279999	3.05178e-05
-0.00395	-0.0279999	3.25742e-05
-0.004	-0.0279999	3.13523e-05
-0.00405	-0.0279999	2.93852e-05
-0.0041	-0.0279999	2.89382e-05
-0.00415	-0.0279999	2.867e-05
-0.0042	-0.0279999	2.76567e-05
-0.00425	-0.0279999	2.86401e-05
-0.0043	-0.0279999	2.97428e-05
-0.00435	-0.0279999	2.81037e-05
-0.0044	-0.0279999	2.6703e-05
-0.00445	-0.0279999	2.60473e-05
-0.0045	-0.0279999	2.72692e-05
-0.00455	-0.0279999	2.47062e-05
-0.0046	-0.0279999	2.36036e-05
-0.00465	-0.0279999	2.38718e-05
-0.0047	-0.0279999	2.34545e-05
-0.00475	-0.0279999	2.25605e-05
-0.0048	-0.0279999	2.02359e-05
-0.00485	-0.0279999	2.02955e-05
-0.0049	-0.0279999	2.18154e-05
-0.00495	-0.0279999	2.19048e-05
-0.005	-0.0279999	2.03849e-05
-0.005	-0.0284999	2.19644e-05
-0.00495	-0.0284999	2.36632e-05
-0.0049	-0.0284999	2.20538e-05
-0.00485	-0.0284999	2.35141e-05
-0.0048	-0.0284999	2.46466e-05
-0.00475	-0.0284999	2.40804e-05
-0.0047	-0.0284999	2.51235e-05
-0.00465	-0.0284999	2.6703e-05
-0.0046	-0.0284999	2.47956e-05
-0.00455	-0.0284999	2.59579e-05
-0.0045	-0.0284999	2.93554e-05
-0.00445	-0.0284999	2.81931e-05
-0.0044	-0.0284999	2.81931e-05
-0.00435	-0.0284999	2.78057e-05
-0.0043	-0.0284999	2.97428e-05
-0.00425	-0.0284999	3.10543e-05
-0.0042	-0.0284999	3.2902e-05
-0.00415	-0.0284999	3.26338e-05
-0.0041	-0.0284999	3.22761e-05
-0.00405	-0.0284999	3.41239e-05
-0.004	-0.0284999	3.4869e-05
-0.00395	-0.0284999	3.72233e-05
-0.0039	-0.0284999	3.62697e-05
-0.00385	-0.0284999	3.75512e-05
-0.0038	-0.0284999	3.99353e-05
-0.00375	-0.0284999	3.92797e-05
-0.0037	-0.0284999	4.26772e-05
-0.00365	-0.0284999	4.25579e-05
-0.0036	-0.0284999	4.27368e-05
-0.00355	-0.0284999	4.52998e-05
-0.0035	-0.0284999	4.69687e-05
-0.00345	-0.0284999	4.70581e-05
-0.0034	-0.0284999	4.96509e-05
-0.00335	-0.0284999	4.8131e-05
-0.0033	-0.0284999	4.86376e-05
-0.00325	-0.0284999	5.10218e-05
-0.0032	-0.0284999	5.22735e-05
-0.00315	-0.0284999	5.28696e-05
-0.0031	-0.0284999	5.45683e-05
-0.00305	-0.0284999	5.582e-05
-0.003	-0.0284999	5.79359e-05
-0.00295	-0.0284999	5.40616e-05
-0.0029	-0.0284999	5.92472e-05
-0.00285	-0.0284999	6.07076e-05
-0.0028	-0.0284999	6.26449e-05
-0.00275	-0.0284999	6.48503e-05
-0.0027	-0.0284999	6.51781e-05
-0.00265	-0.0284999	6.69961e-05
-0.0026	-0.0284999	6.86054e-05
-0.00255	-0.0284999	7.23903e-05
-0.0025	-0.0284999	7.29864e-05
-0.00245	-0.0284999	7.49831e-05
-0.0024	-0.0284999	7.70693e-05
-0.00235	-0.0284999	8.21655e-05
-0.0023	-0.0284999	8.15098e-05
-0.00225	-0.0284999	8.35364e-05
-0.0022	-0.0284999	8.38642e-05
-0.00215	-0.0284999	8.53543e-05
-0.0021	-0.0284999	8.84538e-05
-0.00205	-0.0284999	9.04803e-05
-0.002	-0.0284999	9.15234e-05
-0.00195	-0.0284999	9.22685e-05
-0.0019	-0.0284999	9.30731e-05
-0.00185	-0.0284999	9.37884e-05
-0.0018	-0.0284999	9.25069e-05
-0.00175	-0.0284999	9.6709e-05
-0.0017	-0.0284999	9.60832e-05
-0.00165	-0.0284999	9.56063e-05
-0.0016	-0.0284999	9.53679e-05
-0.00155	-0.0284999	9.81097e-05
-0.0015	-0.0284999	9.68282e-05
-0.00145	-0.0284999	9.36692e-05
-0.0014	-0.0284999	9.16724e-05
-0.00135	-0.0284999	9.36096e-05
-0.0013	-0.0284999	8.92882e-05
-0.00125	-0.0284999	8.80961e-05
-0.0012	-0.0284999	8.27019e-05
-0.00115	-0.0284999	8.24337e-05
-0.0011	-0.0284999	7.85296e-05
-0.00105	-0.0284999	7.49235e-05
-0.001	-0.0284999	7.4089e-05
-0.00095	-0.0284999	7.09002e-05
-0.0009	-0.0284999	6.94399e-05
-0.00085	-0.0284999	6.70557e-05
-0.0008	-0.0284999	6.51781e-05
-0.00075	-0.0284999	6.38966e-05
-0.0007	-0.0284999	6.12442e-05
-0.00065	-0.0284999	5.87704e-05
-0.0006	-0.0284999	5.69227e-05
-0.00055	-0.0284999	5.2959e-05
-0.0005	-0.0284999	5.21245e-05
-0.00045	-0.0284999	5.23629e-05
-0.0004	-0.0284999	5.09622e-05
-0.00035	-0.0284999	4.70879e-05
-0.0003	-0.0284999	4.79522e-05
-0.00025	-0.0284999	4.70879e-05
-0.0002	-0.0284999	4.51209e-05
-0.00015	-0.0284999	4.45547e-05
-0.0001	-0.0284999	4.25878e-05
-5e-05	-0.0284999	4.26176e-05
0.0	-0.0284999	4.04718e-05
5e-05	-0.0284999	3.95181e-05
0.0001	-0.0284999	4.03526e-05
0.00015	-0.0284999	3.94883e-05
0.0002	-0.0284999	3.60908e-05
0.00025	-0.0284999	3.60908e-05
0.0003	-0.0284999	3.45709e-05
0.00035	-0.0284999	3.40345e-05
0.0004	-0.0284999	3.30808e-05
0.00045	-0.0284999	3.29616e-05
0.0005	-0.0284999	2.92958e-05
0.00055	-0.0284999	2.63752e-05
0.0006	-0.0284999	2.89084e-05
0.00065	-0.0284999	2.77461e-05
0.0007	-0.0284999	2.58685e-05
0.00075	-0.0284999	2.70606e-05
0.0008	-0.0284999	2.3693e-05
0.00085	-0.0284999	2.11896e-05
0.0009	-0.0284999	2.414e-05
0.00095	-0.0284999	2.35738e-05
0.001	-0.0284999	2.3693e-05
0.00105	-0.0284999	2.19942e-05
0.0011	-0.0284999	2.13982e-05
0.00115	-0.0284999	2.24413e-05
0.0012	-0.0284999	2.00273e-05
0.00125	-0.0284999	1.91034e-05
0.0013	-0.0284999	1.83881e-05
0.00135	-0.0284999	1.84478e-05
0.0014	-0.0284999	1.86266e-05
0.00145	-0.0284999	1.72557e-05
0.0015	-0.0284999	1.71365e-05
0.00155	-0.0284999	1.7047e-05
0.0016	-0.0284999	1.68086e-05
0.00165	-0.0284999	1.60338e-05
0.0017	-0.0284999	1.77921e-05
0.00175	-0.0284999	1.66e-05
0.0018	-0.0284999	1.68682e-05
0.00185	-0.0284999	1.64808e-05
0.0019	-0.0284999	1.68086e-05
0.00195	-0.0284999	1.71066e-05
0.002	-0.0284999	1.85968e-05
0.002	-0.0289999	1.22488e-05
0.00195	-0.0289999	1.42754e-05
0.0019	-0.0289999	1.45138e-05
0.00185	-0.0289999	1.28747e-05
0.0018	-0.0289999	1.55569e-05
0.00175	-0.0289999	1.32621e-05
0.0017	-0.0289999	1.47522e-05
0.00165	-0.0289999	1.48714e-05
0.0016	-0.0289999	1.50204e-05
0.00155	-0.0289999	1.4335e-05
0.0015	-0.0289999	1.67788e-05
0.00145	-0.0289999	1.70172e-05
0.0014	-0.0289999	1.65702e-05
0.00135	-0.0289999	1.80901e-05
0.0013	-0.0289999	1.76431e-05
0.00125	-0.0289999	1.76133e-05
0.0012	-0.0289999	1.9014e-05
0.00115	-0.0289999	1.92524e-05
0.0011	-0.0289999	1.80305e-05
0.00105	-0.0289999	1.90438e-05
0.001	-0.0289999	1.97889e-05
0.00095	-0.0289999	1.93418e-05
0.0009	-0.0289999	1.95504e-05
0.00085	-0.0289999	2.05041e-05
0.0008	-0.0289999	2.13982e-05
0.00075	-0.0289999	2.18154e-05
0.0007	-0.0289999	2.1428e-05
0.00065	-0.0289999	2.43188e-05
0.0006	-0.0289999	2.2173e-05
0.00055	-0.0289999	2.33353e-05
0.0005	-0.0289999	2.3842e-05
0.00045	-0.0289999	2.41102e-05
0.0004	-0.0289999	2.67626e-05
0.00035	-0.0289999	2.867e-05
0.0003	-0.0289999	2.75375e-05
0.00025	-0.0289999	2.80441e-05
0.0002	-0.0289999	2.96236e-05
0.00015	-0.0289999	2.94746e-05
0.0001	-0.0289999	3.03389e-05
5e-05	-0.0289999	3.26338e-05
0.0	-0.0289999	3.22165e-05
-5e-05	-0.0289999	3.51372e-05
-0.0001	-0.0289999	3.35875e-05
-0.00015	-0.0289999	3.48391e-05
-0.0002	-0.0289999	3.59418e-05
-0.00025	-0.0289999	3.83558e-05
-0.0003	-0.0289999	3.97863e-05
-0.00035	-0.0289999	3.83856e-05
-0.0004	-0.0289999	4.3303e-05
-0.00045	-0.0289999	4.36904e-05
-0.0005	-0.0289999	4.527e-05
-0.00055	-0.0289999	4.62534e-05
-0.0006	-0.0289999	4.72369e-05
-0.00065	-0.0289999	4.62236e-05
-0.0007	-0.0289999	4.828e-05
-0.00075	-0.0289999	5.19457e-05
-0.0008	-0.0289999	5.31974e-05
-0.00085	-0.0289999	5.23033e-05
-0.0009	-0.0289999	5.22437e-05
-0.00095	-0.0289999	5.47769e-05
-0.001	-0.0289999	5.65948e-05
-0.00105	-0.0289999	5.87704e-05
-0.0011	-0.0289999	6.00221e-05
-0.00115	-0.0289999	6.29132e-05
-0.0012	-0.0289999	6.64894e-05
-0.00125	-0.0289999	6.61914e-05
-0.0013	-0.0289999	6.86948e-05
-0.00135	-0.0289999	7.0483e-05
-0.0014	-0.0289999	7.30758e-05
-0.00145	-0.0289999	7.47447e-05
-0.0015	-0.0289999	7.73077e-05
-0.00155	-0.0289999	8.28509e-05
-0.0016	-0.0289999	8.45497e-05
-0.00165	-0.0289999	8.83345e-05
-0.0017	-0.0289999	8.83942e-05
-0.00175	-0.0289999	8.89306e-05
-0.0018	-0.0289999	9.10168e-05
-0.00185	-0.0289999	9.22387e-05
-0.0019	-0.0289999	9.30433e-05
-0.00195	-0.0289999	9.40268e-05
-0.002	-0.0289999	9.29241e-05
-0.00205	-0.0289999	9.61428e-05
-0.0021	-0.0289999	9.48315e-05
-0.00215	-0.0289999	9.27453e-05
-0.0022	-0.0289999	9.03015e-05
-0.00225	-0.0289999	8.89604e-05
-0.0023	-0.0289999	8.52947e-05
-0.00235	-0.0289999	8.13608e-05
-0.0024	-0.0289999	7.98111e-05
-0.00245	-0.0289999	7.77249e-05
-0.0025	-0.0289999	7.56388e-05
-0.00255	-0.0289999	7.38208e-05
-0.0026	-0.0289999	7.35824e-05
-0.00265	-0.0289999	7.21519e-05
-0.0027	-0.0289999	7.0781e-05
-0.00275	-0.0289999	6.92015e-05
-0.0028	-0.0289999	6.65491e-05
-0.00285	-0.0289999	6.30026e-05
-0.0029	-0.0289999	6.24959e-05
-0.00295	-0.0289999	6.2943e-05
-0.003	-0.0289999	5.94559e-05
-0.00305	-0.0289999	5.80254e-05
-0.0031	-0.0289999	5.92771e-05
-0.00315	-0.0289999	5.58796e-05
-0.0032	-0.0289999	5.53133e-05
-0.00325	-0.0289999	5.34358e-05
-0.0033	-0.0289999	5.43299e-05
-0.00335	-0.0289999	5.36742e-05
-0.0034	-0.0289999	4.99787e-05
-0.00345	-0.0289999	5.04258e-05
-0.0035	-0.0289999	4.828e-05
-0.00355	-0.0289999	4.75945e-05
-0.0036	-0.0289999	4.53594e-05
-0.00365	-0.0289999	4.87866e-05
-0.0037	-0.0289999	4.65515e-05
-0.00375	-0.0289999	4.56872e-05
-0.0038	-0.0289999	4.3005e-05
-0.00385	-0.0289999	4.07698e-05
-0.0039	-0.0289999	4.18427e-05
-0.00395	-0.0289999	3.8624e-05
-0.004	-0.0289999	3.94585e-05
-0.00405	-0.0289999	3.87433e-05
-0.0041	-0.0289999	3.68955e-05
-0.00415	-0.0289999	3.53756e-05
-0.0042	-0.0289999	3.67763e-05
-0.00425	-0.0289999	3.68359e-05
-0.0043	-0.0289999	3.48391e-05
-0.00435	-0.0289999	3.41537e-05
-0.0044	-0.0289999	3.27232e-05
-0.00445	-0.0289999	3.11437e-05
-0.0045	-0.0289999	3.01005e-05
-0.00455	-0.0289999	2.74183e-05
-0.0046	-0.0289999	2.48851e-05
-0.00465	-0.0289999	2.85209e-05
-0.0047	-0.0289999	2.65838e-05
-0.00475	-0.0289999	2.76567e-05
-0.0048	-0.0289999	2.47062e-05
-0.00485	-0.0289999	2.48255e-05
-0.0049	-0.0289999	2.58983e-05
-0.00495	-0.0289999	2.30969e-05
-0.005	-0.0289999	2.38718e-05
-0.005	-0.0294999	2.59877e-05
-0.00495	-0.0294999	2.67924e-05
-0.0049	-0.0294999	2.66136e-05
-0.00485	-0.0294999	2.80739e-05
-0.0048	-0.0294999	2.91766e-05
-0.00475	-0.0294999	3.0786e-05
-0.0047	-0.0294999	3.14417e-05
-0.00465	-0.0294999	3.30212e-05
-0.0046	-0.0294999	3.51074e-05
-0.00455	-0.0294999	3.56736e-05
-0.0045	-0.0294999	3.25146e-05
-0.00445	-0.0294999	3.43027e-05
-0.0044	-0.0294999	3.74618e-05
-0.00435	-0.0294999	4.02334e-05
-0.0043	-0.0294999	3.95181e-05
-0.00425	-0.0294999	3.98161e-05
-0.0042	-0.0294999	4.05016e-05
-0.00415	-0.0294999	4.29752e-05
-0.0041	-0.0294999	4.21705e-05
-0.00405	-0.0294999	4.40779e-05
-0.004	-0.0294999	4.69687e-05
-0.00395	-0.0294999	4.62236e-05
-0.0039	-0.0294999	4.78628e-05
-0.00385	-0.0294999	4.74753e-05
-0.0038	-0.0294999	5.06046e-05
-0.00375	-0.0294999	5.12006e-05
-0.0037	-0.0294999	5.21841e-05
-0.00365	-0.0294999	5.48067e-05
-0.0036	-0.0294999	5.53133e-05
-0.00355	-0.0294999	5.76677e-05
-0.0035	-0.0294999	5.89492e-05
-0.00345	-0.0294999	6.23767e-05
-0.0034	-0.0294999	6.28834e-05
-0.00335	-0.0294999	6.58934e-05
-0.0033	-0.0294999	6.72345e-05
-0.00325	-0.0294999	6.8218e-05
-0.0032	-0.0294999	7.10194e-05
-0.00315	-0.0294999	7.20327e-05
-0.0031	-0.0294999	7.45063e-05
-0.00305	-0.0294999	7.39102e-05
-0.003	-0.0294999	7.68905e-05
-0.00295	-0.0294999	7.81422e-05
-0.0029	-0.0294999	7.86488e-05
-0.00285	-0.0294999	8.33874e-05
-0.0028	-0.0294999	8.46987e-05
-0.00275	-0.0294999	8.72021e-05
-0.0027	-0.0294999	9.09572e-05
-0.00265	-0.0294999	9.30433e-05
-0.0026	-0.0294999	9.49209e-05
-0.00255	-0.0294999	9.67984e-05
-0.0025	-0.0294999	9.96594e-05
-0.00245	-0.0294999	0.000100554
-0.0024	-0.0294999	0.000105054
-0.00235	-0.0294999	0.000106216
-0.0023	-0.0294999	0.000106127
-0.00225	-0.0294999	0.000105739
-0.0022	-0.0294999	0.000106007
-0.00215	-0.0294999	0.000104368
-0.0021	-0.0294999	0.000102431
-0.00205	-0.0294999	9.97488e-05
-0.002	-0.0294999	9.46526e-05
-0.00195	-0.0294999	9.31029e-05
-0.0019	-0.0294999	9.13446e-05
-0.00185	-0.0294999	8.3298e-05
-0.0018	-0.0294999	8.0735e-05
-0.00175	-0.0294999	7.78143e-05
-0.0017	-0.0294999	7.38208e-05
-0.00165	-0.0294999	7.26287e-05
-0.0016	-0.0294999	6.87842e-05
-0.00155	-0.0294999	6.3688e-05
-0.0015	-0.0294999	6.24363e-05
-0.00145	-0.0294999	6.01711e-05
-0.0014	-0.0294999	5.92771e-05
-0.00135	-0.0294999	5.77869e-05
-0.0013	-0.0294999	5.582e-05
-0.00125	-0.0294999	5.36742e-05
-0.0012	-0.0294999	5.24821e-05
-0.00115	-0.0294999	5.15284e-05
-0.0011	-0.0294999	5.11112e-05
-0.00105	-0.0294999	4.98893e-05
-0.001	-0.0294999	4.72369e-05
-0.00095	-0.0294999	4.56276e-05
-0.0009	-0.0294999	4.56872e-05
-0.00085	-0.0294999	4.38096e-05
-0.0008	-0.0294999	4.39885e-05
-0.00075	-0.0294999	4.14255e-05
-0.0007	-0.0294999	4.14255e-05
-0.00065	-0.0294999	4.17533e-05
-0.0006	-0.0294999	3.73127e-05
-0.00055	-0.0294999	4.05314e-05
-0.0005	-0.0294999	3.53756e-05
-0.00045	-0.0294999	3.48391e-05
-0.0004	-0.0294999	3.40643e-05
-0.00035	-0.0294999	3.18589e-05
-0.0003	-0.0294999	3.20973e-05
-0.00025	-0.0294999	3.0786e-05
-0.0002	-0.0294999	3.08158e-05
-0.00015	-0.0294999	2.91468e-05
-0.0001	-0.0294999	2.88488e-05
-5e-05	-0.0294999	2.70606e-05
0.0	-0.0294999	2.83421e-05
5e-05	-0.0294999	2.47956e-05
0.0001	-0.0294999	2.48553e-05
0.00015	-0.0294999	2.56897e-05
0.0002	-0.0294999	2.48851e-05
0.00025	-0.0294999	2.49745e-05
0.0003	-0.0294999	2.3991e-05
0.00035	-0.0294999	2.36036e-05
0.0004	-0.0294999	2.31267e-05
0.00045	-0.0294999	2.12194e-05
0.0005	-0.0294999	1.9461e-05
0.00055	-0.0294999	1.76729e-05
0.0006	-0.0294999	1.95802e-05
0.00065	-0.0294999	2.06233e-05
0.0007	-0.0294999	2.07425e-05
0.00075	-0.0294999	1.8865e-05
0.0008	-0.0294999	1.77921e-05
0.00085	-0.0294999	1.66298e-05
0.0009	-0.0294999	1.82987e-05
0.00095	-0.0294999	1.51694e-05
0.001	-0.0294999	1.63616e-05
0.00105	-0.0294999	1.66298e-05
0.0011	-0.0294999	1.65404e-05
0.00115	-0.0294999	1.46926e-05
0.0012	-0.0294999	1.49608e-05
0.00125	-0.0294999	1.56463e-05
0.0013	-0.0294999	1.54079e-05
0.00135	-0.0294999	1.39475e-05
0.0014	-0.0294999	1.34707e-05
0.00145	-0.0294999	1.52589e-05
0.0015	-0.0294999	1.45138e-05
0.00155	-0.0294999	1.20998e-05
0.0016	-0.0294999	1.32323e-05
0.00165	-0.0294999	1.26064e-05
0.0017	-0.0294999	1.23382e-05
0.00175	-0.0294999	1.46032e-05
0.0018	-0.0294999	1.23382e-05
0.00185	-0.0294999	1.42456e-05
0.0019	-0.0294999	1.24872e-05
0.00195	-0.0294999	1.16826e-05
0.002	-0.0294999	1.28449e-05
0.002	-0.0299999	9.03016e-06
0.00195	-0.0299999	9.98384e-06
0.0019	-0.0299999	1.03415e-05
0.00185	-0.0299999	8.52352e-06
0.0018	-0.0299999	1.00136e-05
0.00175	-0.0299999	1.01627e-05
0.0017	-0.0299999	1.06991e-05
0.00165	-0.0299999	9.44739e-06
0.0016	-0.0299999	1.31727e-05
0.00155	-0.0299999	1.39475e-05
0.0015	-0.0299999	1.03713e-05
0.00145	-0.0299999	1.32919e-05
0.0014	-0.0299999	1.29343e-05
0.00135	-0.0299999	1.27853e-05
0.0013	-0.0299999	1.31727e-05
0.00125	-0.0299999	1.42456e-05
0.0012	-0.0299999	1.1623e-05
0.00115	-0.0299999	1.33217e-05
0.0011	-0.0299999	1.24872e-05
0.00105	-0.0299999	1.66298e-05
0.001	-0.0299999	1.57655e-05
0.00095	-0.0299999	1.4037e-05
0.0009	-0.0299999	1.39475e-05
0.00085	-0.0299999	1.4037e-05
0.0008	-0.0299999	1.5855e-05
0.00075	-0.0299999	1.6153e-05
0.0007	-0.0299999	1.57953e-05
0.00065	-0.0299999	1.62722e-05
0.0006	-0.0299999	1.7047e-05
0.00055	-0.0299999	1.73153e-05
0.0005	-0.0299999	1.79113e-05
0.00045	-0.0299999	1.68384e-05
0.0004	-0.0299999	1.9312e-05
0.00035	-0.0299999	2.03253e-05
0.0003	-0.0299999	1.89544e-05
0.00025	-0.0299999	2.22923e-05
0.0002	-0.0299999	2.11896e-05
0.00015	-0.0299999	1.97889e-05
0.0001	-0.0299999	2.08319e-05
5e-05	-0.0299999	2.24115e-05
0.0	-0.0299999	2.42294e-05
-5e-05	-0.0299999	2.33353e-05
-0.0001	-0.0299999	2.2173e-05
-0.00015	-0.0299999	2.43784e-05
-0.0002	-0.0299999	2.52129e-05
-0.00025	-0.0299999	2.42294e-05
-0.0003	-0.0299999	2.55705e-05
-0.00035	-0.0299999	2.77759e-05
-0.0004	-0.0299999	2.81633e-05
-0.00045	-0.0299999	2.64646e-05
-0.0005	-0.0299999	2.82527e-05
-0.00055	-0.0299999	2.90276e-05
-0.0006	-0.0299999	3.08456e-05
-0.00065	-0.0299999	3.03389e-05
-0.0007	-0.0299999	3.36769e-05
-0.00075	-0.0299999	3.27828e-05
-0.0008	-0.0299999	3.27232e-05
-0.00085	-0.0299999	3.32596e-05
-0.0009	-0.0299999	3.5018e-05
-0.00095	-0.0299999	3.48391e-05
-0.001	-0.0299999	3.38259e-05
-0.00105	-0.0299999	3.78492e-05
-0.0011	-0.0299999	3.69849e-05
-0.00115	-0.0299999	3.85644e-05
-0.0012	-0.0299999	4.29454e-05
-0.00125	-0.0299999	4.26772e-05
-0.0013	-0.0299999	4.24387e-05
-0.00135	-0.0299999	4.40481e-05
-0.0014	-0.0299999	4.68793e-05
-0.00145	-0.0299999	4.64621e-05
-0.0015	-0.0299999	4.88164e-05
-0.00155	-0.0299999	5.31676e-05
-0.0016	-0.0299999	5.36444e-05
-0.00165	-0.0299999	5.43597e-05
-0.0017	-0.0299999	5.66544e-05
-0.00175	-0.0299999	6.02307e-05
-0.0018	-0.0299999	6.17509e-05
-0.00185	-0.0299999	6.63106e-05
-0.0019	-0.0299999	6.95293e-05
-0.00195	-0.0299999	7.16154e-05
-0.002	-0.0299999	7.57282e-05
-0.00205	-0.0299999	8.39536e-05
-0.0021	-0.0299999	8.81557e-05
-0.00215	-0.0299999	9.57255e-05
-0.0022	-0.0299999	0.000101626
-0.00225	-0.0299999	0.000105888
-0.0023	-0.0299999	0.000112236
-0.00235	-0.0299999	0.000116408
-0.0024	-0.0299999	0.000119001
-0.00245	-0.0299999	0.000124157
-0.0025	-0.0299999	0.000122548
-0.00255	-0.0299999	0.000126482
-0.0026	-0.0299999	0.000121505
-0.00265	-0.0299999	0.000119359
-0.0027	-0.0299999	0.000119627
-0.00275	-0.0299999	0.000115633
-0.0028	-0.0299999	0.000111908
-0.00285	-0.0299999	0.000109375
-0.0029	-0.0299999	0.000103474
-0.00295	-0.0299999	9.93912e-05
-0.003	-0.0299999	9.63514e-05
-0.00305	-0.0299999	9.3699e-05
-0.0031	-0.0299999	9.14042e-05
-0.00315	-0.0299999	8.78577e-05
-0.0032	-0.0299999	8.27615e-05
-0.00325	-0.0299999	8.1778e-05
-0.0033	-0.0299999	7.82018e-05
-0.00335	-0.0299999	7.64434e-05
-0.0034	-0.0299999	7.52513e-05
-0.00345	-0.0299999	7.23009e-05
-0.0035	-0.0299999	7.05724e-05
-0.00355	-0.0299999	6.72941e-05
-0.0036	-0.0299999	6.54762e-05
-0.00365	-0.0299999	6.3837e-05
-0.0037	-0.0299999	6.3241e-05
-0.00375	-0.0299999	6.01711e-05
-0.0038	-0.0299999	5.82042e-05
-0.00385	-0.0299999	5.90088e-05
-0.0039	-0.0299999	5.47471e-05
-0.00395	-0.0299999	5.34656e-05
-0.004	-0.0299999	5.0694e-05
-0.00405	-0.0299999	5.02469e-05
-0.0041	-0.0299999	4.90847e-05
-0.00415	-0.0299999	4.64919e-05
-0.0042	-0.0299999	4.49719e-05
-0.00425	-0.0299999	4.24387e-05
-0.0043	-0.0299999	4.35116e-05
-0.00435	-0.0299999	4.2707e-05
-0.0044	-0.0299999	4.21705e-05
-0.00445	-0.0299999	4.0293e-05
-0.0045	-0.0299999	3.99949e-05
-0.00455	-0.0299999	3.58226e-05
-0.0046	-0.0299999	3.70147e-05
-0.00465	-0.0299999	3.71935e-05
-0.0047	-0.0299999	3.79088e-05
-0.00475	-0.0299999	3.61504e-05
-0.0048	-0.0299999	3.49584e-05
-0.00485	-0.0299999	3.40643e-05
-0.0049	-0.0299999	3.31404e-05
-0.00495	-0.0299999	3.43921e-05
-0.005	-0.0299999	2.99216e-05
-0.005	-0.0304999	3.63889e-05
-0.00495	-0.0304999	3.55842e-05
-0.0049	-0.0304999	3.69253e-05
-0.00485	-0.0304999	3.96373e-05
-0.0048	-0.0304999	4.0144e-05
-0.00475	-0.0304999	4.20215e-05
-0.0047	-0.0304999	4.3154e-05
-0.00465	-0.0304999	4.2707e-05
-0.0046	-0.0304999	4.38693e-05
-0.00455	-0.0304999	4.15447e-05
-0.0045	-0.0304999	4.51508e-05
-0.00445	-0.0304999	4.56574e-05
-0.0044	-0.0304999	4.60746e-05
-0.00435	-0.0304999	5.05152e-05
-0.0043	-0.0304999	4.86674e-05
-0.00425	-0.0304999	5.03066e-05
-0.0042	-0.0304999	5.43299e-05
-0.00415	-0.0304999	5.42703e-05
-0.0041	-0.0304999	5.78167e-05
-0.00405	-0.0304999	5.93069e-05
-0.004	-0.0304999	6.13038e-05
-0.00395	-0.0304999	6.36582e-05
-0.0039	-0.0304999	6.41947e-05
-0.00385	-0.0304999	6.64894e-05
-0.0038	-0.0304999	6.88736e-05
-0.00375	-0.0304999	7.00061e-05
-0.0037	-0.0304999	7.40592e-05
-0.00365	-0.0304999	7.53109e-05
-0.0036	-0.0304999	7.80229e-05
-0.00355	-0.0304999	8.15098e-05
-0.0035	-0.0304999	8.24337e-05
-0.00345	-0.0304999	8.47583e-05
-0.0034	-0.0304999	9.00333e-05
-0.00335	-0.0304999	9.20598e-05
-0.0033	-0.0304999	9.95104e-05
-0.00325	-0.0304999	0.000101775
-0.0032	-0.0304999	0.000106156
-0.00315	-0.0304999	0.000109792
-0.0031	-0.0304999	0.000113398
-0.00305	-0.0304999	0.000114024
-0.003	-0.0304999	0.000117481
-0.00295	-0.0304999	0.000120283
-0.0029	-0.0304999	0.000121862
-0.00285	-0.0304999	0.000121445
-0.0028	-0.0304999	0.000121832
-0.00275	-0.0304999	0.000119836
-0.0027	-0.0304999	0.000118614
-0.00265	-0.0304999	0.000112445
-0.0026	-0.0304999	0.000108898
-0.00255	-0.0304999	0.000102014
-0.0025	-0.0304999	9.95402e-05
-0.00245	-0.0304999	9.48017e-05
-0.0024	-0.0304999	9.24771e-05
-0.00235	-0.0304999	8.63378e-05
-0.0023	-0.0304999	8.19569e-05
-0.00225	-0.0304999	7.82018e-05
-0.0022	-0.0304999	7.21221e-05
-0.00215	-0.0304999	6.63106e-05
-0.0021	-0.0304999	6.3539e-05
-0.00205	-0.0304999	6.05586e-05
-0.002	-0.0304999	5.75783e-05
-0.00195	-0.0304999	5.56412e-05
-0.0019	-0.0304999	5.39722e-05
-0.00185	-0.0304999	5.08132e-05
-0.0018	-0.0304999	4.97999e-05
-0.00175	-0.0304999	4.66111e-05
-0.0017	-0.0304999	4.46739e-05
-0.00165	-0.0304999	4.35712e-05
-0.0016	-0.0304999	4.33924e-05
-0.00155	-0.0304999	4.14851e-05
-0.0015	-0.0304999	3.78194e-05
-0.00145	-0.0304999	3.83558e-05
-0.0014	-0.0304999	3.75512e-05
-0.00135	-0.0304999	3.94585e-05
-0.0013	-0.0304999	3.54054e-05
-0.00125	-0.0304999	3.55544e-05
-0.0012	-0.0304999	3.39749e-05
-0.00115	-0.0304999	3.31106e-05
-0.0011	-0.0304999	3.26338e-05
-0.00105	-0.0304999	3.2455e-05
-0.001	-0.0304999	3.03687e-05
-0.00095	-0.0304999	3.05774e-05
-0.0009	-0.0304999	3.09946e-05
-0.00085	-0.0304999	3.12629e-05
-0.0008	-0.0304999	3.11437e-05
-0.00075	-0.0304999	2.77163e-05
-0.0007	-0.0304999	2.67328e-05
-0.00065	-0.0304999	2.64646e-05
-0.0006	-0.0304999	2.54215e-05
-0.00055	-0.0304999	2.6107e-05
-0.0005	-0.0304999	2.44976e-05
-0.00045	-0.0304999	2.11896e-05
-0.0004	-0.0304999	2.26797e-05
-0.00035	-0.0304999	2.06233e-05
-0.0003	-0.0304999	2.24115e-05
-0.00025	-0.0304999	2.12194e-05
-0.0002	-0.0304999	2.08915e-05
-0.00015	-0.0304999	1.96398e-05
-0.0001	-0.0304999	1.79411e-05
-5e-05	-0.0304999	1.6451e-05
0.0	-0.0304999	1.86862e-05
5e-05	-0.0304999	1.65702e-05
0.0001	-0.0304999	1.83881e-05
0.00015	-0.0304999	1.4335e-05
0.0002	-0.0304999	1.52589e-05
0.00025	-0.0304999	1.53781e-05
0.0003	-0.0304999	1.63318e-05
0.00035	-0.0304999	1.4484e-05
0.0004	-0.0304999	1.52589e-05
0.00045	-0.0304999	1.58251e-05
0.0005	-0.0304999	1.39773e-05
0.00055	-0.0304999	1.30535e-05
0.0006	-0.0304999	1.33813e-05
0.00065	-0.0304999	1.24872e-05
0.0007	-0.0304999	1.35601e-05
0.00075	-0.0304999	1.07885e-05
0.0008	-0.0304999	1.33217e-05
0.00085	-0.0304999	1.31429e-05
0.0009	-0.0304999	1.31131e-05
0.00095	-0.0304999	1.10567e-05
0.001	-0.0304999	1.34111e-05
0.00105	-0.0304999	1.02521e-05
0.0011	-0.0304999	1.08481e-05
0.00115	-0.0304999	1.15634e-05
0.0012	-0.0304999	1.04011e-05
0.00125	-0.0304999	1.41264e-05
0.0013	-0.0304999	1.21594e-05
0.00135	-0.0304999	1.12951e-05
0.0014	-0.0304999	1.16528e-05
0.00145	-0.0304999	1.06395e-05
0.0015	-0.0304999	1.05203e-05
0.00155	-0.0304999	1.04905e-05
0.0016	-0.0304999	1.15932e-05
0.00165	-0.0304999	1.05799e-05
0.0017	-0.0304999	1.20104e-05
0.00175	-0.0304999	1.16528e-05
0.0018	-0.0304999	1.12057e-05
0.00185	-0.0304999	9.59641e-06
0.0019	-0.0304999	1.00732e-05
0.00195	-0.0304999	1.14143e-05
0.002	-0.0304999	1.1623e-05
0.002	-0.0309999	7.42081e-06
0.00195	-0.0309999	8.88115e-06
0.0019	-0.0309999	8.94075e-06
0.00185	-0.0309999	7.77846e-06
0.0018	-0.0309999	8.34471e-06
0.00175	-0.0309999	9.4772e-06
0.0017	-0.0309999	9.35799e-06
0.00165	-0.0309999	8.97056e-06
0.0016	-0.0309999	1.08779e-05
0.00155	-0.0309999	9.80502e-06
0.0015	-0.0309999	1.18316e-05
0.00145	-0.0309999	1.06395e-05
0.0014	-0.0309999	9.26858e-06
0.00135	-0.0309999	9.92423e-06
0.0013	-0.0309999	1.12951e-05
0.00125	-0.0309999	9.77522e-06
0.0012	-0.0309999	9.77522e-06
0.00115	-0.0309999	1.10567e-05
0.0011	-0.0309999	1.14143e-05
0.00105	-0.0309999	1.01627e-05
0.001	-0.0309999	1.20402e-05
0.00095	-0.0309999	1.28151e-05
0.0009	-0.0309999	9.20898e-06
0.00085	-0.0309999	1.33217e-05
0.0008	-0.0309999	1.18912e-05
0.00075	-0.0309999	9.44739e-06
0.0007	-0.0309999	1.1772e-05
0.00065	-0.0309999	1.00732e-05
0.0006	-0.0309999	1.06395e-05
0.00055	-0.0309999	1.32323e-05
0.0005	-0.0309999	1.4335e-05
0.00045	-0.0309999	1.18912e-05
0.0004	-0.0309999	1.46628e-05
0.00035	-0.0309999	1.35601e-05
0.0003	-0.0309999	1.48118e-05
0.00025	-0.0309999	1.27853e-05
0.0002	-0.0309999	1.56761e-05
0.00015	-0.0309999	1.24276e-05
0.0001	-0.0309999	1.58251e-05
5e-05	-0.0309999	1.31727e-05
0.0	-0.0309999	1.75537e-05
-5e-05	-0.0309999	1.58251e-05
-0.0001	-0.0309999	1.37687e-05
-0.00015	-0.0309999	1.7047e-05
-0.0002	-0.0309999	1.59742e-05
-0.00025	-0.0309999	1.71663e-05
-0.0003	-0.0309999	1.92524e-05
-0.00035	-0.0309999	1.99379e-05
-0.0004	-0.0309999	1.96696e-05
-0.00045	-0.0309999	1.78815e-05
-0.0005	-0.0309999	2.13982e-05
-0.00055	-0.0309999	2.05339e-05
-0.0006	-0.0309999	1.97591e-05
-0.00065	-0.0309999	2.05935e-05
-0.0007	-0.0309999	2.1279e-05
-0.00075	-0.0309999	2.24413e-05
-0.0008	-0.0309999	2.4289e-05
-0.00085	-0.0309999	2.43784e-05
-0.0009	-0.0309999	2.39016e-05
-0.00095	-0.0309999	2.61368e-05
-0.001	-0.0309999	2.67924e-05
-0.00105	-0.0309999	2.68222e-05
-0.0011	-0.0309999	2.84613e-05
-0.00115	-0.0309999	2.66732e-05
-0.0012	-0.0309999	2.93554e-05
-0.00125	-0.0309999	3.0637e-05
-0.0013	-0.0309999	3.04879e-05
-0.00135	-0.0309999	3.13523e-05
-0.0014	-0.0309999	3.16801e-05
-0.00145	-0.0309999	3.25444e-05
-0.0015	-0.0309999	3.28424e-05
-0.00155	-0.0309999	3.63591e-05
-0.0016	-0.0309999	3.54352e-05
-0.00165	-0.0309999	3.62697e-05
-0.0017	-0.0309999	3.6061e-05
-0.00175	-0.0309999	3.95777e-05
-0.0018	-0.0309999	3.99055e-05
-0.00185	-0.0309999	4.16043e-05
-0.0019	-0.0309999	4.19023e-05
-0.00195	-0.0309999	4.527e-05
-0.002	-0.0309999	4.66111e-05
-0.00205	-0.0309999	4.73561e-05
-0.0021	-0.0309999	4.74455e-05
-0.00215	-0.0309999	4.96509e-05
-0.0022	-0.0309999	5.35252e-05
-0.00225	-0.0309999	5.59392e-05
-0.0023	-0.0309999	5.66246e-05
-0.00235	-0.0309999	5.85916e-05
-0.0024	-0.0309999	6.3241e-05
-0.00245	-0.0309999	6.37178e-05
-0.0025	-0.0309999	6.79796e-05
-0.00255	-0.0309999	6.88438e-05
-0.0026	-0.0309999	7.17645e-05
-0.00265	-0.0309999	7.61752e-05
-0.0027	-0.0309999	7.76355e-05
-0.00275	-0.0309999	8.13608e-05
-0.0028	-0.0309999	8.57417e-05
-0.00285	-0.0309999	8.8573e-05
-0.0029	-0.0309999	9.34605e-05
-0.00295	-0.0309999	9.64408e-05
-0.003	-0.0309999	9.95402e-05
-0.00305	-0.0309999	0.000101626
-0.0031	-0.0309999	0.000103176
-0.00315	-0.0309999	0.000106335
-0.0032	-0.0309999	0.00010404
-0.00325	-0.0309999	0.000104487
-0.0033	-0.0309999	0.000102878
-0.00335	-0.0309999	9.99575e-05
-0.0034	-0.0309999	9.95402e-05
-0.00345	-0.0309999	9.60534e-05
-0.0035	-0.0309999	9.33413e-05
-0.00355	-0.0309999	8.94074e-05
-0.0036	-0.0309999	8.57715e-05
-0.00365	-0.0309999	8.29701e-05
-0.0037	-0.0309999	8.11224e-05
-0.00375	-0.0309999	7.82912e-05
-0.0038	-0.0309999	7.49533e-05
-0.00385	-0.0309999	7.32844e-05
-0.0039	-0.0309999	7.08704e-05
-0.00395	-0.0309999	6.96485e-05
-0.004	-0.0309999	6.88438e-05
-0.00405	-0.0309999	6.43437e-05
-0.0041	-0.0309999	6.68471e-05
-0.00415	-0.0309999	6.28536e-05
-0.0042	-0.0309999	5.97837e-05
-0.00425	-0.0309999	6.09758e-05
-0.0043	-0.0309999	5.96347e-05
-0.00435	-0.0309999	5.66544e-05
-0.0044	-0.0309999	5.3704e-05
-0.00445	-0.0309999	5.46279e-05
-0.0045	-0.0309999	5.31676e-05
-0.00455	-0.0309999	5.16179e-05
-0.0046	-0.0309999	4.91443e-05
-0.00465	-0.0309999	4.69091e-05
-0.0047	-0.0309999	4.94125e-05
-0.00475	-0.0309999	4.6015e-05
-0.0048	-0.0309999	4.63428e-05
-0.00485	-0.0309999	4.56872e-05
-0.0049	-0.0309999	4.35116e-05
-0.00495	-0.0309999	4.08294e-05
-0.005	-0.0309999	3.89519e-05
