Your comment line - do NOT delete this line
X-pos [m], Y-pos [m], Voltage [V]
0.009	-0.0149999	0.000128151
0.00895	-0.0149999	0.00012976
0.0089	-0.0149999	0.000132025
0.00885	-0.0149999	0.000139178
0.0088	-0.0149999	0.0001418
0.00875	-0.0149999	0.000146271
0.0087	-0.0149999	0.000147999
0.00865	-0.0149999	0.000152291
0.0086	-0.0149999	0.000156046
0.00855	-0.0149999	0.000162722
0.0085	-0.0149999	0.000168861
0.00845	-0.0149999	0.000176013
0.0084	-0.0149999	0.000178576
0.00835	-0.0149999	0.000183226
0.0083	-0.0149999	0.000189663
0.00825	-0.0149999	0.000197471
0.0082	-0.0149999	0.000205875
0.00815	-0.0149999	0.000212551
0.0081	-0.0149999	0.000219882
0.00805	-0.0149999	0.000229836
0.008	-0.0149999	0.00024289
0.00795	-0.0149999	0.000249567
0.0079	-0.0149999	0.000259342
0.00785	-0.0149999	0.000271084
0.0078	-0.0149999	0.000281097
0.00775	-0.0149999	0.000290038
0.0077	-0.0149999	0.000299813
0.00765	-0.0149999	0.000308217
0.0076	-0.0149999	0.000320615
0.00755	-0.0149999	0.000330092
0.0075	-0.0149999	0.000339331
0.00745	-0.0149999	0.000348093
0.0074	-0.0149999	0.000359239
0.00735	-0.0149999	0.000370147
0.0073	-0.0149999	0.000380518
0.00725	-0.0149999	0.000390591
0.0072	-0.0149999	0.000402333
0.00715	-0.0149999	0.000422182
0.0071	-0.0149999	0.000440599
0.00705	-0.0149999	0.000457289
0.007	-0.0149999	0.000474872
0.00695	-0.0149999	0.000487508
0.0069	-0.0149999	0.000496808
0.00685	-0.0149999	0.000500683
0.0068	-0.0149999	0.000501815
0.00675	-0.0149999	0.000494722
0.0067	-0.0149999	0.000485124
0.00665	-0.0149999	0.000477018
0.0066	-0.0149999	0.000463488
0.00655	-0.0149999	0.00044799
0.0065	-0.0149999	0.000430765
0.00645	-0.0149999	0.00041485
0.0064	-0.0149999	0.00039834
0.00635	-0.0149999	0.000388505
0.0063	-0.0149999	0.000379266
0.00625	-0.0149999	0.000364544
0.0062	-0.0149999	0.00035155
0.00615	-0.0149999	0.000344278
0.0061	-0.0149999	0.000337424
0.00605	-0.0149999	0.000326993
0.006	-0.0149999	0.000320556
0.00595	-0.0149999	0.000314953
0.0059	-0.0149999	0.000305237
0.00585	-0.0149999	0.000297369
0.0058	-0.0149999	0.0002898
0.00575	-0.0149999	0.000284972
0.0057	-0.0149999	0.000275614
0.00565	-0.0149999	0.00027013
0.0056	-0.0149999	0.000260891
0.00555	-0.0149999	0.000253441
0.0055	-0.0149999	0.0002476
0.00545	-0.0149999	0.00023991
0.0054	-0.0149999	0.000230015
0.00535	-0.0149999	0.000223578
0.0053	-0.0149999	0.000214101
0.00525	-0.0149999	0.000208736
0.0052	-0.0149999	0.000201643
0.00515	-0.0149999	0.000195981
0.0051	-0.0149999	0.000188888
0.00505	-0.0149999	0.000183345
0.005	-0.0149999	0.000178517
0.00495	-0.0149999	0.000171364
0.0049	-0.0149999	0.000163675
0.00485	-0.0149999	0.000159563
0.0048	-0.0149999	0.000155033
0.00475	-0.0149999	0.000151993
0.0047	-0.0149999	0.000148595
0.00465	-0.0149999	0.000143767
0.0046	-0.0149999	0.000137032
0.00455	-0.0149999	0.00013584
0.0045	-0.0149999	0.000133038
0.00445	-0.0149999	0.000131072
0.0044	-0.0149999	0.000127793
0.00435	-0.0149999	0.000127018
0.0043	-0.0149999	0.000121236
0.00425	-0.0149999	0.000121177
0.0042	-0.0149999	0.000118256
0.00415	-0.0149999	0.000113905
0.0041	-0.0149999	0.000111044
0.00405	-0.0149999	0.00010562
0.004	-0.0149999	0.000106276
0.00395	-0.0149999	0.000103176
0.0039	-0.0149999	0.00010258
0.00385	-0.0149999	9.81693e-05
0.0038	-0.0149999	9.52487e-05
0.00375	-0.0149999	9.23281e-05
0.0037	-0.0149999	9.10168e-05
0.00365	-0.0149999	9.04803e-05
0.0036	-0.0149999	8.9467e-05
0.00355	-0.0149999	8.45199e-05
0.0035	-0.0149999	8.21357e-05
0.00345	-0.0149999	8.24337e-05
0.0034	-0.0149999	7.8619e-05
0.00335	-0.0149999	7.64136e-05
0.0033	-0.0149999	7.41486e-05
0.00325	-0.0149999	7.23605e-05
0.0032	-0.0149999	7.11684e-05
0.00315	-0.0149999	7.21221e-05
0.0031	-0.0149999	6.77709e-05
0.00305	-0.0149999	6.81286e-05
0.003	-0.0149999	6.75921e-05
0.003	-0.0154999	7.47447e-05
0.00305	-0.0154999	7.21817e-05
0.0031	-0.0154999	7.52811e-05
0.00315	-0.0154999	7.48639e-05
0.0032	-0.0154999	7.67712e-05
0.00325	-0.0154999	7.87382e-05
0.0033	-0.0154999	7.98707e-05
0.00335	-0.0154999	8.27913e-05
0.0034	-0.0154999	8.59504e-05
0.00345	-0.0154999	8.87518e-05
0.0035	-0.0154999	8.94074e-05
0.00355	-0.0154999	9.07783e-05
0.0036	-0.0154999	9.35798e-05
0.00365	-0.0154999	9.75137e-05
0.0037	-0.0154999	9.9123e-05
0.00375	-0.0154999	0.000102699
0.0038	-0.0154999	0.00010258
0.00385	-0.0154999	0.000105918
0.0039	-0.0154999	0.000109017
0.00395	-0.0154999	0.000109256
0.004	-0.0154999	0.000109971
0.00405	-0.0154999	0.000115872
0.0041	-0.0154999	0.000115157
0.00415	-0.0154999	0.000118673
0.0042	-0.0154999	0.000121832
0.00425	-0.0154999	0.000126065
0.0043	-0.0154999	0.000129939
0.00435	-0.0154999	0.000133575
0.0044	-0.0154999	0.000138343
0.00445	-0.0154999	0.000140668
0.0045	-0.0154999	0.000150979
0.00455	-0.0154999	0.000153185
0.0046	-0.0154999	0.00015849
0.00465	-0.0154999	0.000163854
0.0047	-0.0154999	0.000170768
0.00475	-0.0154999	0.000174762
0.0048	-0.0154999	0.000180841
0.00485	-0.0154999	0.000186027
0.0049	-0.0154999	0.000194252
0.00495	-0.0154999	0.000196815
0.005	-0.0154999	0.000205697
0.00505	-0.0154999	0.000211061
0.0051	-0.0154999	0.000216604
0.00515	-0.0154999	0.000223936
0.0052	-0.0154999	0.000228883
0.00525	-0.0154999	0.00023836
0.0053	-0.0154999	0.000246944
0.00535	-0.0154999	0.00025362
0.0054	-0.0154999	0.000262143
0.00545	-0.0154999	0.000270249
0.0055	-0.0154999	0.000276925
0.00555	-0.0154999	0.000284674
0.0056	-0.0154999	0.000293138
0.00565	-0.0154999	0.000301959
0.0057	-0.0154999	0.000315549
0.00575	-0.0154999	0.000326158
0.0058	-0.0154999	0.000338258
0.00585	-0.0154999	0.000351252
0.0059	-0.0154999	0.000361325
0.00595	-0.0154999	0.000370326
0.006	-0.0154999	0.000385048
0.00605	-0.0154999	0.000397624
0.0061	-0.0154999	0.000412228
0.00615	-0.0154999	0.000428678
0.0062	-0.0154999	0.00044197
0.00625	-0.0154999	0.00045413
0.0063	-0.0154999	0.000465037
0.00635	-0.0154999	0.000476779
0.0064	-0.0154999	0.000488285
0.00645	-0.0154999	0.000494961
0.0065	-0.0154999	0.000499431
0.00655	-0.0154999	0.000500266
0.0066	-0.0154999	0.000493411
0.00665	-0.0154999	0.000482025
0.0067	-0.0154999	0.000466587
0.00675	-0.0154999	0.000451269
0.0068	-0.0154999	0.000436487
0.00685	-0.0154999	0.000419738
0.0069	-0.0154999	0.000403823
0.00695	-0.0154999	0.000390293
0.007	-0.0154999	0.000372173
0.00705	-0.0154999	0.000358464
0.0071	-0.0154999	0.000347139
0.00715	-0.0154999	0.000336768
0.0072	-0.0154999	0.000327768
0.00725	-0.0154999	0.000314953
0.0073	-0.0154999	0.000304224
0.00735	-0.0154999	0.000292839
0.0074	-0.0154999	0.000279965
0.00745	-0.0154999	0.000270369
0.0075	-0.0154999	0.000261785
0.00755	-0.0154999	0.000251116
0.0076	-0.0154999	0.000242771
0.00765	-0.0154999	0.000234366
0.0077	-0.0154999	0.00022471
0.00775	-0.0154999	0.000215889
0.0078	-0.0154999	0.000207783
0.00785	-0.0154999	0.000203551
0.0079	-0.0154999	0.000192166
0.00795	-0.0154999	0.000185908
0.008	-0.0154999	0.000180007
0.00805	-0.0154999	0.000175179
0.0081	-0.0154999	0.000168146
0.00815	-0.0154999	0.000160099
0.0082	-0.0154999	0.00015545
0.00825	-0.0154999	0.000149132
0.0083	-0.0154999	0.000147403
0.00835	-0.0154999	0.000142754
0.0084	-0.0154999	0.000137151
0.00845	-0.0154999	0.000132323
0.0085	-0.0154999	0.000127436
0.00855	-0.0154999	0.000125349
0.0086	-0.0154999	0.000122011
0.00865	-0.0154999	0.000121356
0.0087	-0.0154999	0.000117124
0.00875	-0.0154999	0.000113845
0.0088	-0.0154999	0.000113547
0.00885	-0.0154999	0.000108779
0.0089	-0.0154999	0.000107348
0.00895	-0.0154999	0.000104368
0.009	-0.0154999	0.000103176
0.009	-0.016	8.70829e-05
0.00895	-0.016	8.72021e-05
0.0089	-0.016	8.95266e-05
0.00885	-0.016	9.07783e-05
0.0088	-0.016	9.27453e-05
0.00875	-0.016	9.31625e-05
0.0087	-0.016	9.656e-05
0.00865	-0.016	9.8825e-05
0.0086	-0.016	0.000100255
0.00855	-0.016	0.000103653
0.0085	-0.016	0.000104368
0.00845	-0.016	0.000109017
0.0084	-0.016	0.000113369
0.00835	-0.016	0.000112772
0.0083	-0.016	0.000115335
0.00825	-0.016	0.000117183
0.0082	-0.016	0.000119627
0.00815	-0.016	0.00012225
0.0081	-0.016	0.000127674
0.00805	-0.016	0.000128151
0.008	-0.016	0.000132919
0.00795	-0.016	0.000137628
0.0079	-0.016	0.00014335
0.00785	-0.016	0.000149489
0.0078	-0.016	0.000156642
0.00775	-0.016	0.000160457
0.0077	-0.016	0.000167311
0.00765	-0.016	0.000171782
0.0076	-0.016	0.00018251
0.00755	-0.016	0.000189305
0.0075	-0.016	0.000195564
0.00745	-0.016	0.000202299
0.0074	-0.016	0.000212015
0.00735	-0.016	0.000219108
0.0073	-0.016	0.000227512
0.00725	-0.016	0.000236095
0.0072	-0.016	0.000246586
0.00715	-0.016	0.000256957
0.0071	-0.016	0.000267865
0.00705	-0.016	0.000279011
0.007	-0.016	0.000289859
0.00695	-0.016	0.000301542
0.0069	-0.016	0.000315906
0.00685	-0.016	0.000331523
0.0068	-0.016	0.000344994
0.00675	-0.016	0.000354053
0.0067	-0.016	0.000371398
0.00665	-0.016	0.000389101
0.0066	-0.016	0.000411334
0.00655	-0.016	0.000431122
0.0065	-0.016	0.000452222
0.00645	-0.016	0.000468316
0.0064	-0.016	0.000482144
0.00635	-0.016	0.00049198
0.0063	-0.016	0.000500504
0.00625	-0.016	0.000506166
0.0062	-0.016	0.000505332
0.00615	-0.016	0.000499491
0.0061	-0.016	0.000490133
0.00605	-0.016	0.000473203
0.006	-0.016	0.000461223
0.00595	-0.016	0.000443937
0.0059	-0.016	0.000427129
0.00585	-0.016	0.000409367
0.0058	-0.016	0.000393869
0.00575	-0.016	0.000379683
0.0057	-0.016	0.000364901
0.00565	-0.016	0.00034696
0.0056	-0.016	0.000327351
0.00555	-0.016	0.000316443
0.0055	-0.016	0.00030339
0.00545	-0.016	0.000293376
0.0054	-0.016	0.000281217
0.00535	-0.016	0.000273647
0.0053	-0.016	0.000266733
0.00525	-0.016	0.000259461
0.0052	-0.016	0.00025213
0.00515	-0.016	0.000244858
0.0051	-0.016	0.000239314
0.00505	-0.016	0.000234545
0.005	-0.016	0.000227333
0.00495	-0.016	0.000222386
0.0049	-0.016	0.00021273
0.00485	-0.016	0.000205577
0.0048	-0.016	0.000198484
0.00475	-0.016	0.000194074
0.0047	-0.016	0.000189723
0.00465	-0.016	0.000180901
0.0046	-0.016	0.000175239
0.00455	-0.016	0.000171782
0.0045	-0.016	0.000167371
0.00445	-0.016	0.000160576
0.0044	-0.016	0.000154615
0.00435	-0.016	0.000150324
0.0043	-0.016	0.000147344
0.00425	-0.016	0.000144065
0.0042	-0.016	0.000141383
0.00415	-0.016	0.000137449
0.0041	-0.016	0.000132681
0.00405	-0.016	0.000127912
0.004	-0.016	0.000123085
0.00395	-0.016	0.000120521
0.0039	-0.016	0.000117839
0.00385	-0.016	0.000115157
0.0038	-0.016	0.000109971
0.00375	-0.016	0.000108183
0.0037	-0.016	0.000106395
0.00365	-0.016	0.000101805
0.0036	-0.016	0.00010258
0.00355	-0.016	0.000100255
0.0035	-0.016	9.69772e-05
0.00345	-0.016	9.51891e-05
0.0034	-0.016	9.57255e-05
0.00335	-0.016	9.26857e-05
0.0033	-0.016	9.08975e-05
0.00325	-0.016	8.74405e-05
0.0032	-0.016	8.54139e-05
0.00315	-0.016	8.4043e-05
0.0031	-0.016	8.3447e-05
0.00305	-0.016	7.88574e-05
0.003	-0.016	7.6652e-05
0.003	-0.0164999	8.55927e-05
0.00305	-0.0164999	8.79769e-05
0.0031	-0.0164999	9.06591e-05
0.00315	-0.0164999	9.34009e-05
0.0032	-0.0164999	9.51891e-05
0.00325	-0.0164999	9.78713e-05
0.0033	-0.0164999	9.85269e-05
0.00335	-0.0164999	0.000100792
0.0034	-0.0164999	0.000106156
0.00345	-0.0164999	0.0001086
0.0035	-0.0164999	0.000111223
0.00355	-0.0164999	0.000111819
0.0036	-0.0164999	0.000116885
0.00365	-0.0164999	0.000120461
0.0037	-0.0164999	0.00012225
0.00375	-0.0164999	0.000129105
0.0038	-0.0164999	0.000131072
0.00385	-0.0164999	0.000136734
0.0039	-0.0164999	0.000142098
0.00395	-0.0164999	0.000145317
0.004	-0.0164999	0.000147403
0.00405	-0.0164999	0.000150979
0.0041	-0.0164999	0.000156761
0.00415	-0.0164999	0.000159682
0.0042	-0.0164999	0.000163377
0.00425	-0.0164999	0.000168086
0.0043	-0.0164999	0.000172735
0.00435	-0.0164999	0.000181974
0.0044	-0.0164999	0.000183941
0.00445	-0.0164999	0.000188948
0.0045	-0.0164999	0.0001961
0.00455	-0.0164999	0.000199021
0.0046	-0.0164999	0.000207306
0.00465	-0.0164999	0.000216306
0.0047	-0.0164999	0.000218273
0.00475	-0.0164999	0.000228466
0.0048	-0.0164999	0.000233949
0.00485	-0.0164999	0.000243367
0.0049	-0.0164999	0.000254394
0.00495	-0.0164999	0.000259878
0.005	-0.0164999	0.000269415
0.00505	-0.0164999	0.000276746
0.0051	-0.0164999	0.000283601
0.00515	-0.0164999	0.000296416
0.0052	-0.0164999	0.000305535
0.00525	-0.0164999	0.000316979
0.0053	-0.0164999	0.000321629
0.00535	-0.0164999	0.000329437
0.0054	-0.0164999	0.000343503
0.00545	-0.0164999	0.000354828
0.0055	-0.0164999	0.00037122
0.00555	-0.0164999	0.000384035
0.0056	-0.0164999	0.000398578
0.00565	-0.0164999	0.000409426
0.0057	-0.0164999	0.000420215
0.00575	-0.0164999	0.000430467
0.0058	-0.0164999	0.000440123
0.00585	-0.0164999	0.000447454
0.0059	-0.0164999	0.000452163
0.00595	-0.0164999	0.000448586
0.006	-0.0164999	0.000445606
0.00605	-0.0164999	0.000443699
0.0061	-0.0164999	0.000433208
0.00615	-0.0164999	0.000423493
0.0062	-0.0164999	0.000410499
0.00625	-0.0164999	0.000395598
0.0063	-0.0164999	0.000385704
0.00635	-0.0164999	0.000370266
0.0064	-0.0164999	0.000357987
0.00645	-0.0164999	0.000345292
0.0065	-0.0164999	0.000330808
0.00655	-0.0164999	0.000317873
0.0066	-0.0164999	0.000304403
0.00665	-0.0164999	0.000293197
0.0067	-0.0164999	0.000281515
0.00675	-0.0164999	0.000271561
0.0068	-0.0164999	0.000260653
0.00685	-0.0164999	0.000250282
0.0069	-0.0164999	0.000244381
0.00695	-0.0164999	0.000235558
0.007	-0.0164999	0.00022626
0.00705	-0.0164999	0.000219644
0.0071	-0.0164999	0.000208915
0.00715	-0.0164999	0.000205101
0.0072	-0.0164999	0.000195445
0.00725	-0.0164999	0.000183166
0.0073	-0.0164999	0.000179828
0.00735	-0.0164999	0.000170887
0.0074	-0.0164999	0.000164391
0.00745	-0.0164999	0.000155092
0.0075	-0.0164999	0.000147642
0.00755	-0.0164999	0.000141741
0.0076	-0.0164999	0.000134707
0.00765	-0.0164999	0.000131548
0.0077	-0.0164999	0.000127436
0.00775	-0.0164999	0.000123979
0.0078	-0.0164999	0.000124098
0.00785	-0.0164999	0.000118852
0.0079	-0.0164999	0.00011623
0.00795	-0.0164999	0.000113607
0.008	-0.0164999	0.000110746
0.00805	-0.0164999	0.000110209
0.0081	-0.0164999	0.000106991
0.00815	-0.0164999	0.000102222
0.0082	-0.0164999	9.94806e-05
0.00825	-0.0164999	9.59043e-05
0.0083	-0.0164999	9.33413e-05
0.00835	-0.0164999	9.16724e-05
0.0084	-0.0164999	9.04207e-05
0.00845	-0.0164999	8.85134e-05
0.0085	-0.0164999	8.56523e-05
0.00855	-0.0164999	8.36854e-05
0.0086	-0.0164999	8.21953e-05
0.00865	-0.0164999	7.98707e-05
0.0087	-0.0164999	8.07052e-05
0.00875	-0.0164999	7.93939e-05
0.0088	-0.0164999	8.08244e-05
0.00885	-0.0164999	7.67116e-05
0.0089	-0.0164999	7.67712e-05
0.00895	-0.0164999	7.20625e-05
0.009	-0.0164999	7.3493e-05
0.009	-0.0169999	5.8234e-05
0.00895	-0.0169999	5.97837e-05
0.0089	-0.0169999	5.96049e-05
0.00885	-0.0169999	6.33602e-05
0.0088	-0.0169999	6.2943e-05
0.00875	-0.0169999	6.52676e-05
0.0087	-0.0169999	6.5506e-05
0.00865	-0.0169999	6.79498e-05
0.0086	-0.0169999	6.90822e-05
0.00855	-0.0169999	6.91419e-05
0.0085	-0.0169999	6.79498e-05
0.00845	-0.0169999	6.77709e-05
0.0084	-0.0169999	7.3791e-05
0.00835	-0.0169999	7.44467e-05
0.0083	-0.0169999	7.56388e-05
0.00825	-0.0169999	7.58176e-05
0.0082	-0.0169999	7.95727e-05
0.00815	-0.0169999	8.14204e-05
0.0081	-0.0169999	8.33278e-05
0.00805	-0.0169999	8.14204e-05
0.008	-0.0169999	8.62484e-05
0.00795	-0.0169999	8.86922e-05
0.0079	-0.0169999	9.19704e-05
0.00785	-0.0169999	9.28049e-05
0.0078	-0.0169999	9.76329e-05
0.00775	-0.0169999	0.000100017
0.0077	-0.0169999	0.00010413
0.00765	-0.0169999	0.000106633
0.0076	-0.0169999	0.000111282
0.00755	-0.0169999	0.000113607
0.0075	-0.0169999	0.000115276
0.00745	-0.0169999	0.000118196
0.0074	-0.0169999	0.000122608
0.00735	-0.0169999	0.000128151
0.0073	-0.0169999	0.000132442
0.00725	-0.0169999	0.000132621
0.0072	-0.0169999	0.000139476
0.00715	-0.0169999	0.000143946
0.0071	-0.0169999	0.000151695
0.00705	-0.0169999	0.000155509
0.007	-0.0169999	0.000163139
0.00695	-0.0169999	0.000171185
0.0069	-0.0169999	0.000179172
0.00685	-0.0169999	0.000183464
0.0068	-0.0169999	0.000189007
0.00675	-0.0169999	0.000194908
0.0067	-0.0169999	0.00020373
0.00665	-0.0169999	0.000211895
0.0066	-0.0169999	0.000222684
0.00655	-0.0169999	0.000226737
0.0065	-0.0169999	0.000234247
0.00645	-0.0169999	0.000240863
0.0064	-0.0169999	0.000248076
0.00635	-0.0169999	0.00025815
0.0063	-0.0169999	0.000267746
0.00625	-0.0169999	0.000275375
0.0062	-0.0169999	0.000286819
0.00615	-0.0169999	0.00029874
0.0061	-0.0169999	0.000312509
0.00605	-0.0169999	0.00032741
0.006	-0.0169999	0.000347318
0.00595	-0.0169999	0.000363829
0.0059	-0.0169999	0.000384035
0.00585	-0.0169999	0.000400545
0.0058	-0.0169999	0.000417115
0.00575	-0.0169999	0.000432374
0.0057	-0.0169999	0.000447573
0.00565	-0.0169999	0.000461342
0.0056	-0.0169999	0.000467898
0.00555	-0.0169999	0.00047213
0.0055	-0.0169999	0.000468435
0.00545	-0.0169999	0.000458898
0.0054	-0.0169999	0.000446619
0.00535	-0.0169999	0.000436308
0.0053	-0.0169999	0.000419082
0.00525	-0.0169999	0.000403287
0.0052	-0.0169999	0.000387074
0.00515	-0.0169999	0.000372292
0.0051	-0.0169999	0.000356199
0.00505	-0.0169999	0.000343086
0.005	-0.0169999	0.000330629
0.00495	-0.0169999	0.000317397
0.0049	-0.0169999	0.00030339
0.00485	-0.0169999	0.000291945
0.0048	-0.0169999	0.000283839
0.00475	-0.0169999	0.000274481
0.0047	-0.0169999	0.000269772
0.00465	-0.0169999	0.00026262
0.0046	-0.0169999	0.000253322
0.00455	-0.0169999	0.000245335
0.0045	-0.0169999	0.000239612
0.00445	-0.0169999	0.000230969
0.0044	-0.0169999	0.000225306
0.00435	-0.0169999	0.000218512
0.0043	-0.0169999	0.00020963
0.00425	-0.0169999	0.000202895
0.0042	-0.0169999	0.0001992
0.00415	-0.0169999	0.000192345
0.0041	-0.0169999	0.000184716
0.00405	-0.0169999	0.000179113
0.004	-0.0169999	0.000173212
0.00395	-0.0169999	0.000167311
0.0039	-0.0169999	0.000160993
0.00385	-0.0169999	0.000156404
0.0038	-0.0169999	0.000148655
0.00375	-0.0169999	0.000142754
0.0037	-0.0169999	0.0001418
0.00365	-0.0169999	0.000139237
0.0036	-0.0169999	0.000132979
0.00355	-0.0169999	0.000128985
0.0035	-0.0169999	0.00012529
0.00345	-0.0169999	0.000121475
0.0034	-0.0169999	0.000119448
0.00335	-0.0169999	0.000115216
0.0033	-0.0169999	0.000111163
0.00325	-0.0169999	0.000109315
0.0032	-0.0169999	0.000107944
0.00315	-0.0169999	0.000103355
0.0031	-0.0169999	9.83481e-05
0.00305	-0.0169999	9.60832e-05
0.003	-0.0169999	9.37586e-05
0.003	-0.0175	0.000104309
0.00305	-0.0175	0.000108123
0.0031	-0.0175	0.00010866
0.00315	-0.0175	0.000112057
0.0032	-0.0175	0.000115157
0.00325	-0.0175	0.000118494
0.0033	-0.0175	0.000122011
0.00335	-0.0175	0.000124277
0.0034	-0.0175	0.000130952
0.00345	-0.0175	0.000135125
0.0035	-0.0175	0.000137509
0.00355	-0.0175	0.0001449
0.0036	-0.0175	0.000150503
0.00365	-0.0175	0.000154079
0.0037	-0.0175	0.000160874
0.00375	-0.0175	0.000163675
0.0038	-0.0175	0.00017208
0.00385	-0.0175	0.000177682
0.0039	-0.0175	0.000180901
0.00395	-0.0175	0.000190378
0.004	-0.0175	0.000194133
0.00405	-0.0175	0.000200451
0.0041	-0.0175	0.000207723
0.00415	-0.0175	0.000213862
0.0042	-0.0175	0.000221432
0.00425	-0.0175	0.000228406
0.0043	-0.0175	0.000235916
0.00435	-0.0175	0.000241579
0.0044	-0.0175	0.000251593
0.00445	-0.0175	0.000259282
0.0045	-0.0175	0.000269176
0.00455	-0.0175	0.000275912
0.0046	-0.0175	0.000286879
0.00465	-0.0175	0.000297906
0.0047	-0.0175	0.000308933
0.00475	-0.0175	0.000325801
0.0048	-0.0175	0.00034094
0.00485	-0.0175	0.000356974
0.0049	-0.0175	0.000377716
0.00495	-0.0175	0.000395538
0.005	-0.0175	0.000412287
0.00505	-0.0175	0.00042546
0.0051	-0.0175	0.000439348
0.00515	-0.0175	0.000451388
0.0052	-0.0175	0.000459017
0.00525	-0.0175	0.000458183
0.0053	-0.0175	0.00045556
0.00535	-0.0175	0.000448765
0.0054	-0.0175	0.000441315
0.00545	-0.0175	0.000431063
0.0055	-0.0175	0.00041634
0.00555	-0.0175	0.000397863
0.0056	-0.0175	0.000372769
0.00565	-0.0175	0.000349822
0.0057	-0.0175	0.000328543
0.00575	-0.0175	0.000311377
0.0058	-0.0175	0.000290515
0.00585	-0.0175	0.000278117
0.0059	-0.0175	0.000264646
0.00595	-0.0175	0.00025505
0.006	-0.0175	0.000242115
0.00605	-0.0175	0.000234247
0.0061	-0.0175	0.000224114
0.00615	-0.0175	0.000218333
0.0062	-0.0175	0.000209034
0.00625	-0.0175	0.000201941
0.0063	-0.0175	0.000191689
0.00635	-0.0175	0.000187517
0.0064	-0.0175	0.000182391
0.00645	-0.0175	0.000177086
0.0065	-0.0175	0.000170053
0.00655	-0.0175	0.000162543
0.0066	-0.0175	0.000156702
0.00665	-0.0175	0.000151397
0.0067	-0.0175	0.000147224
0.00675	-0.0175	0.000141145
0.0068	-0.0175	0.000136913
0.00685	-0.0175	0.000131489
0.0069	-0.0175	0.000128926
0.00695	-0.0175	0.000124992
0.007	-0.0175	0.000121832
0.00705	-0.0175	0.00011772
0.0071	-0.0175	0.000114739
0.00715	-0.0175	0.000109792
0.0072	-0.0175	0.000106216
0.00725	-0.0175	0.00010258
0.0073	-0.0175	9.95402e-05
0.00735	-0.0175	9.63216e-05
0.0074	-0.0175	9.75733e-05
0.00745	-0.0175	9.36394e-05
0.0075	-0.0175	9.03611e-05
0.00755	-0.0175	8.68444e-05
0.0076	-0.0175	8.42814e-05
0.00765	-0.0175	8.1182e-05
0.0077	-0.0175	8.01091e-05
0.00775	-0.0175	7.94535e-05
0.0078	-0.0175	7.74865e-05
0.00785	-0.0175	7.55792e-05
0.0079	-0.0175	7.35526e-05
0.00795	-0.0175	7.08108e-05
0.008	-0.0175	7.11088e-05
0.00805	-0.0175	7.11684e-05
0.0081	-0.0175	6.93207e-05
0.00815	-0.0175	6.66385e-05
0.0082	-0.0175	6.51483e-05
0.00825	-0.0175	6.26449e-05
0.0083	-0.0175	6.18701e-05
0.00835	-0.0175	6.18105e-05
0.0084	-0.0175	5.75187e-05
0.00845	-0.0175	5.84724e-05
0.0085	-0.0175	5.55518e-05
0.00855	-0.0175	5.78763e-05
0.0086	-0.0175	5.41809e-05
0.00865	-0.0175	5.48365e-05
0.0087	-0.0175	5.3406e-05
0.00875	-0.0175	5.26907e-05
0.0088	-0.0175	5.13794e-05
0.00885	-0.0175	5.18563e-05
0.0089	-0.0175	4.99489e-05
0.00895	-0.0175	4.90549e-05
0.009	-0.0175	4.95913e-05
0.009	-0.0179999	4.26772e-05
0.00895	-0.0179999	4.41077e-05
0.0089	-0.0179999	4.54786e-05
0.00885	-0.0179999	4.53594e-05
0.0088	-0.0179999	4.55978e-05
0.00875	-0.0179999	4.72071e-05
0.0087	-0.0179999	4.61938e-05
0.00865	-0.0179999	4.7982e-05
0.0086	-0.0179999	4.86376e-05
0.00855	-0.0179999	4.91741e-05
0.0085	-0.0179999	4.95913e-05
0.00845	-0.0179999	5.06046e-05
0.0084	-0.0179999	5.1439e-05
0.00835	-0.0179999	5.36444e-05
0.0083	-0.0179999	5.27503e-05
0.00825	-0.0179999	5.34656e-05
0.0082	-0.0179999	5.74591e-05
0.00815	-0.0179999	5.76379e-05
0.0081	-0.0179999	5.80552e-05
0.00805	-0.0179999	5.72803e-05
0.008	-0.0179999	5.84724e-05
0.00795	-0.0179999	6.22277e-05
0.0079	-0.0179999	6.19893e-05
0.00785	-0.0179999	6.56848e-05
0.0078	-0.0179999	6.76517e-05
0.00775	-0.0179999	6.63404e-05
0.0077	-0.0179999	6.89034e-05
0.00765	-0.0179999	7.11088e-05
0.0076	-0.0179999	7.3791e-05
0.00755	-0.0179999	7.46851e-05
0.0075	-0.0179999	7.49235e-05
0.00745	-0.0179999	7.71289e-05
0.0074	-0.0179999	8.05263e-05
0.00735	-0.0179999	8.00495e-05
0.0073	-0.0179999	8.26125e-05
0.00725	-0.0179999	8.36854e-05
0.0072	-0.0179999	8.48179e-05
0.00715	-0.0179999	8.65464e-05
0.0071	-0.0179999	8.84538e-05
0.00705	-0.0179999	8.9467e-05
0.007	-0.0179999	9.35798e-05
0.00695	-0.0179999	9.78117e-05
0.0069	-0.0179999	9.93614e-05
0.00685	-0.0179999	0.000102222
0.0068	-0.0179999	0.000107348
0.00675	-0.0179999	0.000110329
0.0067	-0.0179999	0.000115812
0.00665	-0.0179999	0.000118077
0.0066	-0.0179999	0.000123621
0.00655	-0.0179999	0.000128568
0.0065	-0.0179999	0.00013125
0.00645	-0.0179999	0.00013733
0.0064	-0.0179999	0.00014192
0.00635	-0.0179999	0.000144602
0.0063	-0.0179999	0.000150801
0.00625	-0.0179999	0.00015545
0.0062	-0.0179999	0.000160099
0.00615	-0.0179999	0.000165583
0.0061	-0.0179999	0.000172914
0.00605	-0.0179999	0.000181616
0.006	-0.0179999	0.000187458
0.00595	-0.0179999	0.000193835
0.0059	-0.0179999	0.000203968
0.00585	-0.0179999	0.000210346
0.0058	-0.0179999	0.000218988
0.00575	-0.0179999	0.000225664
0.0057	-0.0179999	0.000234247
0.00565	-0.0179999	0.000245513
0.0056	-0.0179999	0.0002535
0.00555	-0.0179999	0.000266673
0.0055	-0.0179999	0.000279309
0.00545	-0.0179999	0.000293436
0.0054	-0.0179999	0.000311973
0.00535	-0.0179999	0.000330331
0.0053	-0.0179999	0.000349583
0.00525	-0.0179999	0.000371279
0.0052	-0.0179999	0.000385942
0.00515	-0.0179999	0.000399353
0.0051	-0.0179999	0.000415089
0.00505	-0.0179999	0.000427308
0.005	-0.0179999	0.000432791
0.00495	-0.0179999	0.000432434
0.0049	-0.0179999	0.000432195
0.00485	-0.0179999	0.000425996
0.0048	-0.0179999	0.000416638
0.00475	-0.0179999	0.000405552
0.0047	-0.0179999	0.00039077
0.00465	-0.0179999	0.000375332
0.0046	-0.0179999	0.000361981
0.00455	-0.0179999	0.00034851
0.0045	-0.0179999	0.00033653
0.00445	-0.0179999	0.000322105
0.0044	-0.0179999	0.000311675
0.00435	-0.0179999	0.000297012
0.0043	-0.0179999	0.000287952
0.00425	-0.0179999	0.000276925
0.0042	-0.0179999	0.000268521
0.00415	-0.0179999	0.000259699
0.0041	-0.0179999	0.000249805
0.00405	-0.0179999	0.00023991
0.004	-0.0179999	0.000233115
0.00395	-0.0179999	0.000223697
0.0039	-0.0179999	0.000217737
0.00385	-0.0179999	0.000208438
0.0038	-0.0179999	0.000205697
0.00375	-0.0179999	0.000197113
0.0037	-0.0179999	0.000190378
0.00365	-0.0179999	0.000184179
0.0036	-0.0179999	0.000177146
0.00355	-0.0179999	0.000172974
0.0035	-0.0179999	0.000168503
0.00345	-0.0179999	0.000160218
0.0034	-0.0179999	0.000155033
0.00335	-0.0179999	0.000151158
0.0033	-0.0179999	0.000145317
0.00325	-0.0179999	0.000139416
0.0032	-0.0179999	0.000134767
0.00315	-0.0179999	0.000132085
0.0031	-0.0179999	0.000129224
0.00305	-0.0179999	0.000123383
0.003	-0.0179999	0.000121713
0.003	-0.0185	0.000142694
0.00305	-0.0185	0.000145555
0.0031	-0.0185	0.000149251
0.00315	-0.0185	0.000152946
0.0032	-0.0185	0.000156642
0.00325	-0.0185	0.000161053
0.0033	-0.0185	0.00016749
0.00335	-0.0185	0.000172318
0.0034	-0.0185	0.000175477
0.00345	-0.0185	0.000182808
0.0035	-0.0185	0.000189305
0.00355	-0.0185	0.000194849
0.0036	-0.0185	0.000201047
0.00365	-0.0185	0.000210942
0.0037	-0.0185	0.000217975
0.00375	-0.0185	0.000227214
0.0038	-0.0185	0.000233532
0.00385	-0.0185	0.000239075
0.0039	-0.0185	0.000249209
0.00395	-0.0185	0.000256242
0.004	-0.0185	0.000263574
0.00405	-0.0185	0.000272037
0.0041	-0.0185	0.000276746
0.00415	-0.0185	0.000284376
0.0042	-0.0185	0.000291647
0.00425	-0.0185	0.000299277
0.0043	-0.0185	0.000308933
0.00435	-0.0185	0.000316562
0.0044	-0.0185	0.000324907
0.00445	-0.0185	0.000331761
0.0045	-0.0185	0.000338556
0.00455	-0.0185	0.000345768
0.0046	-0.0185	0.000348987
0.00465	-0.0185	0.000351073
0.0047	-0.0185	0.000347974
0.00475	-0.0185	0.00034553
0.0048	-0.0185	0.000337364
0.00485	-0.0185	0.000328721
0.0049	-0.0185	0.000316145
0.00495	-0.0185	0.000309469
0.005	-0.0185	0.000296475
0.00505	-0.0185	0.000287773
0.0051	-0.0185	0.000281038
0.00515	-0.0185	0.000266077
0.0052	-0.0185	0.000259282
0.00525	-0.0185	0.000249447
0.0053	-0.0185	0.00023538
0.00535	-0.0185	0.000227333
0.0054	-0.0185	0.000222743
0.00545	-0.0185	0.00021273
0.0055	-0.0185	0.000203849
0.00555	-0.0185	0.000194968
0.0056	-0.0185	0.000184239
0.00565	-0.0185	0.000177504
0.0057	-0.0185	0.000171305
0.00575	-0.0185	0.000163854
0.0058	-0.0185	0.000157715
0.00585	-0.0185	0.000152768
0.0059	-0.0185	0.000149609
0.00595	-0.0185	0.00014341
0.006	-0.0185	0.000139476
0.00605	-0.0185	0.000135482
0.0061	-0.0185	0.000131846
0.00615	-0.0185	0.000127555
0.0062	-0.0185	0.000121117
0.00625	-0.0185	0.00011623
0.0063	-0.0185	0.000113607
0.00635	-0.0185	0.000110269
0.0064	-0.0185	0.000103891
0.00645	-0.0185	0.00010568
0.0065	-0.0185	0.000100554
0.00655	-0.0185	9.59043e-05
0.0066	-0.0185	9.16128e-05
0.00665	-0.0185	9.16128e-05
0.0067	-0.0185	8.8871e-05
0.00675	-0.0185	8.64272e-05
0.0068	-0.0185	8.48775e-05
0.00685	-0.0185	8.11224e-05
0.0069	-0.0185	8.05263e-05
0.00695	-0.0185	7.80826e-05
0.007	-0.0185	7.58176e-05
0.00705	-0.0185	7.68309e-05
0.0071	-0.0185	7.39102e-05
0.00715	-0.0185	7.18241e-05
0.0072	-0.0185	7.13472e-05
0.00725	-0.0185	6.84266e-05
0.0073	-0.0185	6.84266e-05
0.00735	-0.0185	6.52676e-05
0.0074	-0.0185	6.34794e-05
0.00745	-0.0185	6.26449e-05
0.0075	-0.0185	6.10356e-05
0.00755	-0.0185	5.91876e-05
0.0076	-0.0185	5.9128e-05
0.00765	-0.0185	5.72803e-05
0.0077	-0.0185	5.58498e-05
0.00775	-0.0185	5.72803e-05
0.0078	-0.0185	5.43001e-05
0.00785	-0.0185	5.12602e-05
0.0079	-0.0185	5.28099e-05
0.00795	-0.0185	4.98893e-05
0.008	-0.0185	4.94125e-05
0.00805	-0.0185	5.06642e-05
0.0081	-0.0185	4.91145e-05
0.00815	-0.0185	4.94125e-05
0.0082	-0.0185	4.73859e-05
0.00825	-0.0185	4.55382e-05
0.0083	-0.0185	4.44653e-05
0.00835	-0.0185	4.52402e-05
0.0084	-0.0185	4.21407e-05
0.00845	-0.0185	4.40481e-05
0.0085	-0.0185	4.20215e-05
0.00855	-0.0185	4.43461e-05
0.0086	-0.0185	4.22003e-05
0.00865	-0.0185	4.3154e-05
0.0087	-0.0185	4.18427e-05
0.00875	-0.0185	3.98757e-05
0.0088	-0.0185	3.88625e-05
0.00885	-0.0185	4.04718e-05
0.0089	-0.0185	3.79088e-05
0.00895	-0.0185	3.90413e-05
0.009	-0.0185	3.63591e-05
0.009	-0.0189999	3.28424e-05
0.00895	-0.0189999	3.27232e-05
0.0089	-0.0189999	3.33192e-05
0.00885	-0.0189999	3.38557e-05
0.0088	-0.0189999	3.6061e-05
0.00875	-0.0189999	3.27232e-05
0.0087	-0.0189999	3.46305e-05
0.00865	-0.0189999	3.55842e-05
0.0086	-0.0189999	3.68955e-05
0.00855	-0.0189999	3.67763e-05
0.0085	-0.0189999	3.64783e-05
0.00845	-0.0189999	3.73127e-05
0.0084	-0.0189999	3.93393e-05
0.00835	-0.0189999	3.95777e-05
0.0083	-0.0189999	3.99949e-05
0.00825	-0.0189999	3.98161e-05
0.0082	-0.0189999	4.09486e-05
0.00815	-0.0189999	4.36308e-05
0.0081	-0.0189999	4.18427e-05
0.00805	-0.0189999	4.23195e-05
0.008	-0.0189999	4.26176e-05
0.00795	-0.0189999	4.38693e-05
0.0079	-0.0189999	4.26176e-05
0.00785	-0.0189999	4.40481e-05
0.0078	-0.0189999	4.49421e-05
0.00775	-0.0189999	4.67303e-05
0.0077	-0.0189999	4.61938e-05
0.00765	-0.0189999	4.72071e-05
0.0076	-0.0189999	5.00085e-05
0.00755	-0.0189999	4.97105e-05
0.0075	-0.0189999	4.98297e-05
0.00745	-0.0189999	5.03662e-05
0.0074	-0.0189999	5.22735e-05
0.00735	-0.0189999	5.32868e-05
0.0073	-0.0189999	5.44193e-05
0.00725	-0.0189999	5.54922e-05
0.0072	-0.0189999	5.69823e-05
0.00715	-0.0189999	5.61478e-05
0.0071	-0.0189999	5.883e-05
0.00705	-0.0189999	5.94261e-05
0.007	-0.0189999	6.07374e-05
0.00695	-0.0189999	6.30026e-05
0.0069	-0.0189999	6.40755e-05
0.00685	-0.0189999	6.31218e-05
0.0068	-0.0189999	6.72345e-05
0.00675	-0.0189999	6.87246e-05
0.0067	-0.0189999	7.30162e-05
0.00665	-0.0189999	7.61156e-05
0.0066	-0.0189999	7.79037e-05
0.00655	-0.0189999	7.77249e-05
0.0065	-0.0189999	8.09436e-05
0.00645	-0.0189999	8.28509e-05
0.0064	-0.0189999	8.3447e-05
0.00635	-0.0189999	8.49371e-05
0.0063	-0.0189999	8.57119e-05
0.00625	-0.0189999	9.08379e-05
0.0062	-0.0189999	9.07187e-05
0.00615	-0.0189999	9.41758e-05
0.0061	-0.0189999	9.656e-05
0.00605	-0.0189999	0.000103593
0.006	-0.0189999	0.000103951
0.00595	-0.0189999	0.000108541
0.0059	-0.0189999	0.000113607
0.00585	-0.0189999	0.000115514
0.0058	-0.0189999	0.000120938
0.00575	-0.0189999	0.000126124
0.0057	-0.0189999	0.000129403
0.00565	-0.0189999	0.000132144
0.0056	-0.0189999	0.000136138
0.00555	-0.0189999	0.000140549
0.0055	-0.0189999	0.000144661
0.00545	-0.0189999	0.000148059
0.0054	-0.0189999	0.000152172
0.00535	-0.0189999	0.000156523
0.0053	-0.0189999	0.000162066
0.00525	-0.0189999	0.000168324
0.0052	-0.0189999	0.000175537
0.00515	-0.0189999	0.000178874
0.0051	-0.0189999	0.000185431
0.00505	-0.0189999	0.000192226
0.005	-0.0189999	0.000197412
0.00495	-0.0189999	0.000203372
0.0049	-0.0189999	0.000210644
0.00485	-0.0189999	0.0002203
0.0048	-0.0189999	0.000227929
0.00475	-0.0189999	0.000240506
0.0047	-0.0189999	0.000253977
0.00465	-0.0189999	0.000267269
0.0046	-0.0189999	0.000280561
0.00455	-0.0189999	0.000289382
0.0045	-0.0189999	0.000300111
0.00445	-0.0189999	0.000308694
0.0044	-0.0189999	0.000314834
0.00435	-0.0189999	0.000317933
0.0043	-0.0189999	0.000319423
0.00425	-0.0189999	0.000317397
0.0042	-0.0189999	0.000313165
0.00415	-0.0189999	0.000306906
0.0041	-0.0189999	0.000300469
0.00405	-0.0189999	0.000293495
0.004	-0.0189999	0.000283839
0.00395	-0.0189999	0.000278594
0.0039	-0.0189999	0.000267567
0.00385	-0.0189999	0.000257315
0.0038	-0.0189999	0.000254216
0.00375	-0.0189999	0.00024754
0.0037	-0.0189999	0.00024134
0.00365	-0.0189999	0.000236512
0.0036	-0.0189999	0.000231625
0.00355	-0.0189999	0.000223757
0.0035	-0.0189999	0.000219704
0.00345	-0.0189999	0.000211001
0.0034	-0.0189999	0.000203908
0.00335	-0.0189999	0.000197412
0.0033	-0.0189999	0.000190736
0.00325	-0.0189999	0.000184775
0.0032	-0.0189999	0.000178398
0.00315	-0.0189999	0.000172497
0.0031	-0.0189999	0.000166834
0.00305	-0.0189999	0.000160695
0.003	-0.0189999	0.000155569
0.003	-0.0195	0.000195921
0.00305	-0.0195	0.000197829
0.0031	-0.0195	0.000204862
0.00315	-0.0195	0.000209273
0.0032	-0.0195	0.000213624
0.00325	-0.0195	0.000218631
0.0033	-0.0195	0.000221253
0.00335	-0.0195	0.000228168
0.0034	-0.0195	0.000232936
0.00345	-0.0195	0.000236393
0.0035	-0.0195	0.000241042
0.00355	-0.0195	0.000245394
0.0036	-0.0195	0.000253679
0.00365	-0.0195	0.000261487
0.0037	-0.0195	0.00026858
0.00375	-0.0195	0.000279667
0.0038	-0.0195	0.00028831
0.00385	-0.0195	0.000300648
0.0039	-0.0195	0.000308277
0.00395	-0.0195	0.000315728
0.004	-0.0195	0.00031984
0.00405	-0.0195	0.000323476
0.0041	-0.0195	0.000322105
0.00415	-0.0195	0.000318827
0.0042	-0.0195	0.000310661
0.00425	-0.0195	0.000299158
0.0043	-0.0195	0.000284912
0.00435	-0.0195	0.000270488
0.0044	-0.0195	0.000255527
0.00445	-0.0195	0.000240744
0.0045	-0.0195	0.000225962
0.00455	-0.0195	0.000210703
0.0046	-0.0195	0.000198842
0.00465	-0.0195	0.000186981
0.0047	-0.0195	0.000177146
0.00475	-0.0195	0.000171722
0.0048	-0.0195	0.000163198
0.00485	-0.0195	0.00015992
0.0049	-0.0195	0.000158788
0.00495	-0.0195	0.000149549
0.005	-0.0195	0.000146152
0.00505	-0.0195	0.00014192
0.0051	-0.0195	0.000136972
0.00515	-0.0195	0.000131846
0.0052	-0.0195	0.000127495
0.00525	-0.0195	0.000125409
0.0053	-0.0195	0.000119806
0.00535	-0.0195	0.00011462
0.0054	-0.0195	0.000111402
0.00545	-0.0195	0.000110209
0.0055	-0.0195	0.000105918
0.00555	-0.0195	0.000101209
0.0056	-0.0195	9.99575e-05
0.00565	-0.0195	9.44142e-05
0.0057	-0.0195	9.52487e-05
0.00575	-0.0195	8.87518e-05
0.0058	-0.0195	8.76193e-05
0.00585	-0.0195	8.79173e-05
0.0059	-0.0195	8.55927e-05
0.00595	-0.0195	8.30893e-05
0.006	-0.0195	8.15396e-05
0.00605	-0.0195	7.88574e-05
0.0061	-0.0195	7.42082e-05
0.00615	-0.0195	7.43275e-05
0.0062	-0.0195	7.27777e-05
0.00625	-0.0195	7.41486e-05
0.0063	-0.0195	6.96187e-05
0.00635	-0.0195	6.54464e-05
0.0064	-0.0195	6.52676e-05
0.00645	-0.0195	6.37774e-05
0.0065	-0.0195	6.22277e-05
0.00655	-0.0195	5.96049e-05
0.0066	-0.0195	5.73995e-05
0.00665	-0.0195	5.79956e-05
0.0067	-0.0195	5.55518e-05
0.00675	-0.0195	5.48961e-05
0.0068	-0.0195	5.56114e-05
0.00685	-0.0195	5.39424e-05
0.0069	-0.0195	5.10218e-05
0.00695	-0.0195	4.95913e-05
0.007	-0.0195	4.99489e-05
0.00705	-0.0195	4.93529e-05
0.0071	-0.0195	4.62534e-05
0.00715	-0.0195	4.38096e-05
0.0072	-0.0195	4.60746e-05
0.00725	-0.0195	4.47037e-05
0.0073	-0.0195	4.3452e-05
0.00735	-0.0195	4.6015e-05
0.0074	-0.0195	4.23195e-05
0.00745	-0.0195	4.54786e-05
0.0075	-0.0195	4.19619e-05
0.00755	-0.0195	4.23195e-05
0.0076	-0.0195	4.20215e-05
0.00765	-0.0195	3.69551e-05
0.0077	-0.0195	3.87433e-05
0.00775	-0.0195	3.91605e-05
0.0078	-0.0195	3.64187e-05
0.00785	-0.0195	3.79088e-05
0.0079	-0.0195	3.65975e-05
0.00795	-0.0195	3.58822e-05
0.008	-0.0195	3.5763e-05
0.00805	-0.0195	3.49286e-05
0.0081	-0.0195	3.41537e-05
0.00815	-0.0195	3.2604e-05
0.0082	-0.0195	3.39153e-05
0.00825	-0.0195	3.36173e-05
0.0083	-0.0195	3.12927e-05
0.00835	-0.0195	3.27232e-05
0.0084	-0.0195	3.15311e-05
0.00845	-0.0195	3.26636e-05
0.0085	-0.0195	3.19483e-05
0.00855	-0.0195	3.40345e-05
0.0086	-0.0195	3.08158e-05
0.00865	-0.0195	2.96832e-05
0.0087	-0.0195	2.81931e-05
0.00875	-0.0195	2.64646e-05
0.0088	-0.0195	2.81931e-05
0.00885	-0.0195	2.58089e-05
0.0089	-0.0195	2.65242e-05
0.00895	-0.0195	2.74183e-05
0.009	-0.0195	2.71202e-05
0.009	-0.0199999	2.46168e-05
0.00895	-0.0199999	2.49149e-05
0.0089	-0.0199999	2.54513e-05
0.00885	-0.0199999	2.55705e-05
0.0088	-0.0199999	2.53321e-05
0.00875	-0.0199999	2.51533e-05
0.0087	-0.0199999	2.68818e-05
0.00865	-0.0199999	2.71202e-05
0.0086	-0.0199999	2.39612e-05
0.00855	-0.0199999	2.68818e-05
0.0085	-0.0199999	2.70606e-05
0.00845	-0.0199999	2.59877e-05
0.0084	-0.0199999	2.50937e-05
0.00835	-0.0199999	2.67626e-05
0.0083	-0.0199999	2.9564e-05
0.00825	-0.0199999	3.00409e-05
0.0082	-0.0199999	2.84911e-05
0.00815	-0.0199999	2.87296e-05
0.0081	-0.0199999	3.09946e-05
0.00805	-0.0199999	2.86103e-05
0.008	-0.0199999	2.87892e-05
0.00795	-0.0199999	3.28424e-05
0.0079	-0.0199999	3.19483e-05
0.00785	-0.0199999	3.2306e-05
0.0078	-0.0199999	3.32596e-05
0.00775	-0.0199999	3.26636e-05
0.0077	-0.0199999	3.18887e-05
0.00765	-0.0199999	3.40941e-05
0.0076	-0.0199999	3.42729e-05
0.00755	-0.0199999	3.6061e-05
0.0075	-0.0199999	3.65379e-05
0.00745	-0.0199999	3.59418e-05
0.0074	-0.0199999	3.65975e-05
0.00735	-0.0199999	3.70147e-05
0.0073	-0.0199999	4.01142e-05
0.00725	-0.0199999	3.89221e-05
0.0072	-0.0199999	4.13063e-05
0.00715	-0.0199999	4.14255e-05
0.0071	-0.0199999	4.29156e-05
0.00705	-0.0199999	4.26176e-05
0.007	-0.0199999	4.3452e-05
0.00695	-0.0199999	4.39289e-05
0.0069	-0.0199999	4.49421e-05
0.00685	-0.0199999	4.59554e-05
0.0068	-0.0199999	4.59554e-05
0.00675	-0.0199999	5.06046e-05
0.0067	-0.0199999	4.78628e-05
0.00665	-0.0199999	4.91741e-05
0.0066	-0.0199999	5.04258e-05
0.00655	-0.0199999	5.18563e-05
0.0065	-0.0199999	5.23927e-05
0.00645	-0.0199999	5.22139e-05
0.0064	-0.0199999	5.50749e-05
0.00635	-0.0199999	5.40616e-05
0.0063	-0.0199999	5.65054e-05
0.00625	-0.0199999	5.52537e-05
0.0062	-0.0199999	5.75187e-05
0.00615	-0.0199999	6.08566e-05
0.0061	-0.0199999	5.99625e-05
0.00605	-0.0199999	6.18105e-05
0.006	-0.0199999	6.35986e-05
0.00595	-0.0199999	6.59232e-05
0.0059	-0.0199999	6.94995e-05
0.00585	-0.0199999	6.97379e-05
0.0058	-0.0199999	7.19433e-05
0.00575	-0.0199999	7.61156e-05
0.0057	-0.0199999	7.58176e-05
0.00565	-0.0199999	7.95131e-05
0.0056	-0.0199999	8.06456e-05
0.00555	-0.0199999	8.26125e-05
0.0055	-0.0199999	8.46391e-05
0.00545	-0.0199999	8.86922e-05
0.0054	-0.0199999	9.38182e-05
0.00535	-0.0199999	9.67388e-05
0.0053	-0.0199999	9.99575e-05
0.00525	-0.0199999	0.000101984
0.0052	-0.0199999	0.000102044
0.00515	-0.0199999	0.000109673
0.0051	-0.0199999	0.000112772
0.00505	-0.0199999	0.000120581
0.005	-0.0199999	0.000122488
0.00495	-0.0199999	0.000125171
0.0049	-0.0199999	0.000126959
0.00485	-0.0199999	0.0001328
0.0048	-0.0199999	0.000137449
0.00475	-0.0199999	0.000141204
0.0047	-0.0199999	0.000146748
0.00465	-0.0199999	0.000150622
0.0046	-0.0199999	0.000156642
0.00455	-0.0199999	0.000160039
0.0045	-0.0199999	0.00016743
0.00445	-0.0199999	0.000172497
0.0044	-0.0199999	0.000177802
0.00435	-0.0199999	0.000184239
0.0043	-0.0199999	0.000194193
0.00425	-0.0199999	0.000199498
0.0042	-0.0199999	0.000213266
0.00415	-0.0199999	0.000225068
0.0041	-0.0199999	0.000241638
0.00405	-0.0199999	0.000256481
0.004	-0.0199999	0.000270786
0.00395	-0.0199999	0.000280978
0.0039	-0.0199999	0.000289382
0.00385	-0.0199999	0.000301303
0.0038	-0.0199999	0.000308277
0.00375	-0.0199999	0.000313343
0.0037	-0.0199999	0.000312747
0.00365	-0.0199999	0.000315012
0.0036	-0.0199999	0.000314655
0.00355	-0.0199999	0.000306012
0.0035	-0.0199999	0.000299873
0.00345	-0.0199999	0.00029123
0.0034	-0.0199999	0.000285329
0.00335	-0.0199999	0.000278296
0.0033	-0.0199999	0.000268163
0.00325	-0.0199999	0.000258805
0.0032	-0.0199999	0.000248792
0.00315	-0.0199999	0.00024605
0.0031	-0.0199999	0.000235857
0.00305	-0.0199999	0.000231744
0.003	-0.0199999	0.00022483
