Your comment line - do NOT delete this line
X-pos [m], Y-pos [m], Voltage [V]
-0.002	-0.0359999	5.59988e-05
-0.00205	-0.0359999	6.06182e-05
-0.0021	-0.0359999	6.17509e-05
-0.00215	-0.0359999	6.40159e-05
-0.0022	-0.0359999	6.38966e-05
-0.00225	-0.0359999	7.08704e-05
-0.0023	-0.0359999	7.04234e-05
-0.00235	-0.0359999	7.36122e-05
-0.0024	-0.0359999	7.60262e-05
-0.00245	-0.0359999	7.68905e-05
-0.0025	-0.0359999	7.96323e-05
-0.00255	-0.0359999	8.43112e-05
-0.0026	-0.0359999	8.46987e-05
-0.00265	-0.0359999	8.79769e-05
-0.0027	-0.0359999	8.93776e-05
-0.00275	-0.0359999	9.39374e-05
-0.0028	-0.0359999	9.85567e-05
-0.00285	-0.0359999	0.000103444
-0.0029	-0.0359999	0.00010869
-0.00295	-0.0359999	0.000111372
-0.003	-0.0359999	0.000115067
-0.00305	-0.0359999	0.00012228
-0.0031	-0.0359999	0.000124992
-0.00315	-0.0359999	0.000130893
-0.0032	-0.0359999	0.000135482
-0.00325	-0.0359999	0.000140966
-0.0033	-0.0359999	0.000146003
-0.00335	-0.0359999	0.000150413
-0.0034	-0.0359999	0.000154019
-0.00345	-0.0359999	0.000158847
-0.0035	-0.0359999	0.000164301
-0.00355	-0.0359999	0.000172199
-0.0036	-0.0359999	0.000177057
-0.00365	-0.0359999	0.000180841
-0.0037	-0.0359999	0.000185044
-0.00375	-0.0359999	0.000191719
-0.0038	-0.0359999	0.000197739
-0.00385	-0.0359999	0.000201554
-0.0039	-0.0359999	0.000207425
-0.00395	-0.0359999	0.000211568
-0.004	-0.0359999	0.000212134
-0.00405	-0.0359999	0.00021869
-0.0041	-0.0359999	0.000221224
-0.00415	-0.0359999	0.000222893
-0.0042	-0.0359999	0.000224651
-0.00425	-0.0359999	0.000224412
-0.0043	-0.0359999	0.000225843
-0.00435	-0.0359999	0.000226618
-0.0044	-0.0359999	0.000224204
-0.00445	-0.0359999	0.000223965
-0.0045	-0.0359999	0.000221522
-0.00455	-0.0359999	0.000220866
-0.0046	-0.0359999	0.000214578
-0.00465	-0.0359999	0.000212968
-0.0047	-0.0359999	0.000207008
-0.00475	-0.0359999	0.000204653
-0.0048	-0.0359999	0.000198812
-0.00485	-0.0359999	0.000196517
-0.0049	-0.0359999	0.000190557
-0.00495	-0.0359999	0.000186683
-0.005	-0.0359999	0.000179649
-0.00505	-0.0359999	0.000175894
-0.0051	-0.0359999	0.000170053
-0.00515	-0.0359999	0.000164063
-0.0052	-0.0359999	0.00015992
-0.00525	-0.0359999	0.00015545
-0.0053	-0.0359999	0.000151337
-0.00535	-0.0359999	0.000149281
-0.0054	-0.0359999	0.000146271
-0.00545	-0.0359999	0.000141234
-0.0055	-0.0359999	0.000137092
-0.00555	-0.0359999	0.000130982
-0.0056	-0.0359999	0.000126124
-0.00565	-0.0359999	0.000122399
-0.0057	-0.0359999	0.000119567
-0.00575	-0.0359999	0.000114859
-0.0058	-0.0359999	0.000112772
-0.00585	-0.0359999	0.000108868
-0.0059	-0.0359999	0.000105829
-0.00595	-0.0359999	0.000103653
-0.006	-0.0359999	9.99575e-05
-0.00605	-0.0359999	9.96594e-05
-0.0061	-0.0359999	9.96296e-05
-0.00615	-0.0359999	9.62322e-05
-0.0062	-0.0359999	9.66196e-05
-0.00625	-0.0359999	9.26559e-05
-0.0063	-0.0359999	9.16724e-05
-0.00635	-0.0359999	8.70232e-05
-0.0064	-0.0359999	8.48775e-05
-0.00645	-0.0359999	8.24039e-05
-0.0065	-0.0359999	8.00495e-05
-0.00655	-0.0359999	7.59666e-05
-0.0066	-0.0359999	7.45957e-05
-0.00665	-0.0359999	7.49235e-05
-0.0067	-0.0359999	7.04532e-05
-0.00675	-0.0359999	6.91419e-05
-0.0068	-0.0359999	6.74729e-05
-0.00685	-0.0359999	6.46119e-05
-0.0069	-0.0359999	6.64596e-05
-0.00695	-0.0359999	6.36582e-05
-0.007	-0.0359999	6.06778e-05
-0.00705	-0.0359999	6.08268e-05
-0.0071	-0.0359999	5.98433e-05
-0.00715	-0.0359999	5.70717e-05
-0.0072	-0.0359999	5.582e-05
-0.00725	-0.0359999	5.48365e-05
-0.0073	-0.0359999	5.37934e-05
-0.00735	-0.0359999	5.20053e-05
-0.0074	-0.0359999	5.25417e-05
-0.00745	-0.0359999	4.64024e-05
-0.0075	-0.0359999	4.95019e-05
-0.00755	-0.0359999	4.84588e-05
-0.0076	-0.0359999	4.6313e-05
-0.00765	-0.0359999	4.57468e-05
-0.0077	-0.0359999	4.47931e-05
-0.00775	-0.0359999	4.23195e-05
-0.0078	-0.0359999	4.27666e-05
-0.00785	-0.0359999	3.96075e-05
-0.0079	-0.0359999	4.14553e-05
-0.00795	-0.0359999	3.83856e-05
-0.008	-0.0359999	3.71935e-05
-0.00805	-0.0359999	3.58524e-05
-0.0081	-0.0359999	3.46901e-05
-0.00815	-0.0359999	3.52266e-05
-0.0082	-0.0359999	3.35875e-05
-0.00825	-0.0359999	3.2455e-05
-0.0083	-0.0359999	3.13225e-05
-0.00835	-0.0359999	3.00111e-05
-0.0084	-0.0359999	3.13523e-05
-0.00845	-0.0359999	2.73288e-05
-0.0085	-0.0359999	2.85507e-05
-0.00855	-0.0359999	2.94448e-05
-0.0086	-0.0359999	2.86401e-05
-0.00865	-0.0359999	2.73288e-05
-0.0087	-0.0359999	2.67328e-05
-0.00875	-0.0359999	2.59877e-05
-0.0088	-0.0359999	2.74481e-05
-0.00885	-0.0359999	2.62858e-05
-0.0089	-0.0359999	2.58089e-05
-0.00895	-0.0359999	2.28585e-05
-0.009	-0.0359999	2.40208e-05
-0.00905	-0.0359999	2.24115e-05
-0.0091	-0.0359999	2.31565e-05
-0.00915	-0.0359999	2.33949e-05
-0.0092	-0.0359999	2.37526e-05
-0.00925	-0.0359999	2.27691e-05
-0.0093	-0.0359999	2.19942e-05
-0.00935	-0.0359999	2.06233e-05
-0.0094	-0.0359999	2.46764e-05
-0.00945	-0.0359999	2.42592e-05
-0.0095	-0.0359999	2.07425e-05
-0.00955	-0.0359999	1.89544e-05
-0.0096	-0.0359999	2.01763e-05
-0.00965	-0.0359999	2.04743e-05
-0.0097	-0.0359999	1.94014e-05
-0.00975	-0.0359999	1.87458e-05
-0.0098	-0.0359999	1.79411e-05
-0.00985	-0.0359999	1.75239e-05
-0.0099	-0.0359999	1.96398e-05
-0.00995	-0.0359999	1.83881e-05
-0.01	-0.0359999	1.99081e-05
-0.01005	-0.0359999	1.78517e-05
-0.0101	-0.0359999	1.6898e-05
-0.01015	-0.0359999	1.73749e-05
-0.0102	-0.0359999	1.83285e-05
-0.01025	-0.0359999	1.59146e-05
-0.0103	-0.0359999	1.50502e-05
-0.01035	-0.0359999	1.45138e-05
-0.0104	-0.0359999	1.55569e-05
-0.01045	-0.0359999	1.77921e-05
-0.0105	-0.0359999	1.83583e-05
-0.01055	-0.0359999	1.66298e-05
-0.0106	-0.0359999	1.66894e-05
-0.01065	-0.0359999	1.48714e-05
-0.0107	-0.0359999	1.45734e-05
-0.01075	-0.0359999	1.71961e-05
-0.0108	-0.0359999	1.6153e-05
-0.01085	-0.0359999	1.6898e-05
-0.0109	-0.0359999	1.57059e-05
-0.01095	-0.0359999	1.74345e-05
-0.011	-0.0359999	1.6898e-05
-0.01105	-0.0359999	1.36197e-05
-0.0111	-0.0359999	1.72855e-05
-0.01115	-0.0359999	1.6153e-05
-0.0112	-0.0359999	1.56761e-05
-0.01125	-0.0359999	1.77623e-05
-0.0113	-0.0359999	1.58251e-05
-0.01135	-0.0359999	1.508e-05
-0.0114	-0.0359999	1.52589e-05
-0.01145	-0.0359999	1.60934e-05
-0.0115	-0.0359999	1.4931e-05
-0.01155	-0.0359999	1.38283e-05
-0.0116	-0.0359999	1.63318e-05
-0.01165	-0.0359999	1.67788e-05
-0.0117	-0.0359999	1.62424e-05
-0.01175	-0.0359999	1.35601e-05
-0.0118	-0.0359999	1.53483e-05
-0.01185	-0.0359999	1.63616e-05
-0.0119	-0.0359999	1.59146e-05
-0.01195	-0.0359999	1.46926e-05
-0.012	-0.0359999	1.46032e-05
-0.012	-0.0365	1.49906e-05
-0.01195	-0.0365	1.32323e-05
-0.0119	-0.0365	1.56761e-05
-0.01185	-0.0365	1.55271e-05
-0.0118	-0.0365	1.54377e-05
-0.01175	-0.0365	1.66298e-05
-0.0117	-0.0365	1.69278e-05
-0.01165	-0.0365	1.53781e-05
-0.0116	-0.0365	1.67788e-05
-0.01155	-0.0365	1.51098e-05
-0.0115	-0.0365	1.60934e-05
-0.01145	-0.0365	1.76133e-05
-0.0114	-0.0365	1.88948e-05
-0.01135	-0.0365	1.6898e-05
-0.0113	-0.0365	1.59742e-05
-0.01125	-0.0365	1.6898e-05
-0.0112	-0.0365	1.63914e-05
-0.01115	-0.0365	1.73749e-05
-0.0111	-0.0365	1.6749e-05
-0.01105	-0.0365	1.64212e-05
-0.011	-0.0365	1.69874e-05
-0.01095	-0.0365	1.74345e-05
-0.0109	-0.0365	1.9312e-05
-0.01085	-0.0365	1.6749e-05
-0.0108	-0.0365	1.88054e-05
-0.01075	-0.0365	1.85968e-05
-0.0107	-0.0365	1.81497e-05
-0.01065	-0.0365	1.961e-05
-0.0106	-0.0365	1.96398e-05
-0.01055	-0.0365	2.00273e-05
-0.0105	-0.0365	1.84776e-05
-0.01045	-0.0365	1.91034e-05
-0.0104	-0.0365	1.8865e-05
-0.01035	-0.0365	1.88948e-05
-0.0103	-0.0365	1.79411e-05
-0.01025	-0.0365	2.08915e-05
-0.0102	-0.0365	2.03253e-05
-0.01015	-0.0365	1.89544e-05
-0.0101	-0.0365	1.88352e-05
-0.01005	-0.0365	2.07425e-05
-0.01	-0.0365	2.33949e-05
-0.00995	-0.0365	2.17558e-05
-0.0099	-0.0365	2.2173e-05
-0.00985	-0.0365	2.25009e-05
-0.0098	-0.0365	2.10704e-05
-0.00975	-0.0365	2.16366e-05
-0.0097	-0.0365	2.45274e-05
-0.00965	-0.0365	2.3693e-05
-0.0096	-0.0365	2.13982e-05
-0.00955	-0.0365	2.36036e-05
-0.0095	-0.0365	2.30373e-05
-0.00945	-0.0365	2.36334e-05
-0.0094	-0.0365	2.33353e-05
-0.00935	-0.0365	2.6256e-05
-0.0093	-0.0365	2.49149e-05
-0.00925	-0.0365	2.52129e-05
-0.0092	-0.0365	2.66434e-05
-0.00915	-0.0365	2.50639e-05
-0.0091	-0.0365	2.6554e-05
-0.00905	-0.0365	2.80739e-05
-0.009	-0.0365	2.70904e-05
-0.00895	-0.0365	2.82527e-05
-0.0089	-0.0365	2.75077e-05
-0.00885	-0.0365	2.97428e-05
-0.0088	-0.0365	2.93852e-05
-0.00875	-0.0365	2.96236e-05
-0.0087	-0.0365	3.06966e-05
-0.00865	-0.0365	2.9713e-05
-0.0086	-0.0365	3.25444e-05
-0.00855	-0.0365	3.24252e-05
-0.0085	-0.0365	3.50478e-05
-0.00845	-0.0365	3.42729e-05
-0.0084	-0.0365	3.56438e-05
-0.00835	-0.0365	3.67763e-05
-0.0083	-0.0365	4.03824e-05
-0.00825	-0.0365	3.68657e-05
-0.0082	-0.0365	3.85346e-05
-0.00815	-0.0365	4.0442e-05
-0.0081	-0.0365	3.97863e-05
-0.00805	-0.0365	4.22897e-05
-0.008	-0.0365	4.1038e-05
-0.00795	-0.0365	4.40481e-05
-0.0079	-0.0365	4.527e-05
-0.00785	-0.0365	4.69389e-05
-0.0078	-0.0365	4.67303e-05
-0.00775	-0.0365	4.81012e-05
-0.0077	-0.0365	4.8429e-05
-0.00765	-0.0365	5.05748e-05
-0.0076	-0.0365	5.03364e-05
-0.00755	-0.0365	5.33762e-05
-0.0075	-0.0365	5.59094e-05
-0.00745	-0.0365	5.90088e-05
-0.0074	-0.0365	6.07076e-05
-0.00735	-0.0365	5.92771e-05
-0.0073	-0.0365	6.02903e-05
-0.00725	-0.0365	6.16019e-05
-0.0072	-0.0365	6.31218e-05
-0.00715	-0.0365	6.20489e-05
-0.0071	-0.0365	6.51483e-05
-0.00705	-0.0365	6.72345e-05
-0.007	-0.0365	6.76517e-05
-0.00695	-0.0365	6.84862e-05
-0.0069	-0.0365	6.92015e-05
-0.00685	-0.0365	7.19731e-05
-0.0068	-0.0365	7.36718e-05
-0.00675	-0.0365	7.72779e-05
-0.0067	-0.0365	8.03475e-05
-0.00665	-0.0365	7.86786e-05
-0.0066	-0.0365	8.21059e-05
-0.00655	-0.0365	8.46093e-05
-0.0065	-0.0365	8.59206e-05
-0.00645	-0.0365	8.68444e-05
-0.0064	-0.0365	8.99737e-05
-0.00635	-0.0365	9.09572e-05
-0.0063	-0.0365	9.43844e-05
-0.00625	-0.0365	9.72752e-05
-0.0062	-0.0365	9.82885e-05
-0.00615	-0.0365	0.000100017
-0.0061	-0.0365	0.000103295
-0.00605	-0.0365	0.000106037
-0.006	-0.0365	0.00010866
-0.00595	-0.0365	0.000113041
-0.0059	-0.0365	0.000117928
-0.00585	-0.0365	0.00012225
-0.0058	-0.0365	0.000126214
-0.00575	-0.0365	0.000129224
-0.0057	-0.0365	0.000135005
-0.00565	-0.0365	0.000137747
-0.0056	-0.0365	0.000140668
-0.00555	-0.0365	0.000144065
-0.0055	-0.0365	0.000148208
-0.00545	-0.0365	0.000151069
-0.0054	-0.0365	0.000153751
-0.00535	-0.0365	0.000157804
-0.0053	-0.0365	0.000161649
-0.00525	-0.0365	0.000165136
-0.0052	-0.0365	0.000170321
-0.00515	-0.0365	0.000175358
-0.0051	-0.0365	0.000179828
-0.00505	-0.0365	0.000181288
-0.005	-0.0365	0.00019005
-0.00495	-0.0365	0.00018862
-0.0049	-0.0365	0.000192584
-0.00485	-0.0365	0.000194938
-0.0048	-0.0365	0.000196696
-0.00475	-0.0365	0.000198365
-0.0047	-0.0365	0.000198782
-0.00465	-0.0365	0.000199498
-0.0046	-0.0365	0.000198782
-0.00455	-0.0365	0.000201733
-0.0045	-0.0365	0.000201435
-0.00445	-0.0365	0.000202329
-0.0044	-0.0365	0.000202478
-0.00435	-0.0365	0.000201465
-0.0043	-0.0365	0.000200034
-0.00425	-0.0365	0.000197203
-0.0042	-0.0365	0.000190348
-0.00415	-0.0365	0.000191064
-0.0041	-0.0365	0.000184656
-0.00405	-0.0365	0.00018099
-0.004	-0.0365	0.000175149
-0.00395	-0.0365	0.000171573
-0.0039	-0.0365	0.000166566
-0.00385	-0.0365	0.000162602
-0.0038	-0.0365	0.000156255
-0.00375	-0.0365	0.000150175
-0.0037	-0.0365	0.000148267
-0.00365	-0.0365	0.000146122
-0.0036	-0.0365	0.000141324
-0.00355	-0.0365	0.00013727
-0.0035	-0.0365	0.00013277
-0.00345	-0.0365	0.000130028
-0.0034	-0.0365	0.000123025
-0.00335	-0.0365	0.000116319
-0.0033	-0.0365	0.000111282
-0.00325	-0.0365	0.000107289
-0.0032	-0.0365	0.000105203
-0.00315	-0.0365	9.81097e-05
-0.0031	-0.0365	9.37884e-05
-0.00305	-0.0365	9.31923e-05
-0.003	-0.0365	8.8871e-05
-0.00295	-0.0365	8.32085e-05
-0.0029	-0.0365	8.13608e-05
-0.00285	-0.0365	7.85296e-05
-0.0028	-0.0365	7.5907e-05
-0.00275	-0.0365	7.55494e-05
-0.0027	-0.0365	7.60858e-05
-0.00265	-0.0365	7.20029e-05
-0.0026	-0.0365	7.12578e-05
-0.00255	-0.0365	6.89332e-05
-0.0025	-0.0365	6.54762e-05
-0.00245	-0.0365	6.23767e-05
-0.0024	-0.0365	6.2794e-05
-0.00235	-0.0365	6.08268e-05
-0.0023	-0.0365	5.87406e-05
-0.00225	-0.0365	5.56412e-05
-0.0022	-0.0365	5.67439e-05
-0.00215	-0.0365	5.4002e-05
-0.0021	-0.0365	5.26311e-05
-0.00205	-0.0365	5.0694e-05
-0.002	-0.0365	4.87568e-05
-0.002	-0.0369999	4.29454e-05
-0.00205	-0.0369999	4.47037e-05
-0.0021	-0.0369999	4.55382e-05
-0.00215	-0.0369999	4.40183e-05
-0.0022	-0.0369999	4.66409e-05
-0.00225	-0.0369999	4.91741e-05
-0.0023	-0.0369999	5.05748e-05
-0.00235	-0.0369999	5.13198e-05
-0.0024	-0.0369999	5.3257e-05
-0.00245	-0.0369999	5.31378e-05
-0.0025	-0.0369999	5.47173e-05
-0.00255	-0.0369999	5.56412e-05
-0.0026	-0.0369999	5.85022e-05
-0.00265	-0.0369999	6.05287e-05
-0.0027	-0.0369999	5.90982e-05
-0.00275	-0.0369999	6.26449e-05
-0.0028	-0.0369999	6.76219e-05
-0.00285	-0.0369999	6.60126e-05
-0.0029	-0.0369999	6.66385e-05
-0.00295	-0.0369999	6.97081e-05
-0.003	-0.0369999	7.08704e-05
-0.00305	-0.0369999	7.26883e-05
-0.0031	-0.0369999	7.63838e-05
-0.00315	-0.0369999	7.64434e-05
-0.0032	-0.0369999	8.10628e-05
-0.00325	-0.0369999	8.18674e-05
-0.0033	-0.0369999	8.59802e-05
-0.00335	-0.0369999	8.72319e-05
-0.0034	-0.0369999	8.96757e-05
-0.00345	-0.0369999	9.30433e-05
-0.0035	-0.0369999	9.72752e-05
-0.00355	-0.0369999	0.000100106
-0.0036	-0.0369999	0.000104458
-0.00365	-0.0369999	0.000108421
-0.0037	-0.0369999	0.000114054
-0.00375	-0.0369999	0.000120789
-0.0038	-0.0369999	0.000126393
-0.00385	-0.0369999	0.000132323
-0.0039	-0.0369999	0.000139714
-0.00395	-0.0369999	0.00014192
-0.004	-0.0369999	0.000145853
-0.00405	-0.0369999	0.000150354
-0.0041	-0.0369999	0.000153602
-0.00415	-0.0369999	0.000154615
-0.0042	-0.0369999	0.000157506
-0.00425	-0.0369999	0.000163169
-0.0043	-0.0369999	0.000163735
-0.00435	-0.0369999	0.000166775
-0.0044	-0.0369999	0.000170351
-0.00445	-0.0369999	0.000171782
-0.0045	-0.0369999	0.000173927
-0.00455	-0.0369999	0.000177265
-0.0046	-0.0369999	0.000178278
-0.00465	-0.0369999	0.000180037
-0.0047	-0.0369999	0.000182898
-0.00475	-0.0369999	0.000184716
-0.0048	-0.0369999	0.000186951
-0.00485	-0.0369999	0.00018856
-0.0049	-0.0369999	0.000187815
-0.00495	-0.0369999	0.000187756
-0.005	-0.0369999	0.0001871
-0.00505	-0.0369999	0.000189752
-0.0051	-0.0369999	0.000187666
-0.00515	-0.0369999	0.000185342
-0.0052	-0.0369999	0.000183971
-0.00525	-0.0369999	0.000182987
-0.0053	-0.0369999	0.000177414
-0.00535	-0.0369999	0.000176401
-0.0054	-0.0369999	0.000171126
-0.00545	-0.0369999	0.000168086
-0.0055	-0.0369999	0.00016299
-0.00555	-0.0369999	0.000159503
-0.0056	-0.0369999	0.000156553
-0.00565	-0.0369999	0.000150562
-0.0057	-0.0369999	0.000145019
-0.00575	-0.0369999	0.000145853
-0.0058	-0.0369999	0.000143678
-0.00585	-0.0369999	0.000136406
-0.0059	-0.0369999	0.000135721
-0.00595	-0.0369999	0.000132979
-0.006	-0.0369999	0.000128121
-0.00605	-0.0369999	0.00012374
-0.0061	-0.0369999	0.000120938
-0.00615	-0.0369999	0.000120551
-0.0062	-0.0369999	0.000113845
-0.00625	-0.0369999	0.000111759
-0.0063	-0.0369999	0.00010866
-0.00635	-0.0369999	0.000106276
-0.0064	-0.0369999	0.000100077
-0.00645	-0.0369999	9.98382e-05
-0.0065	-0.0369999	9.51593e-05
-0.00655	-0.0369999	9.18512e-05
-0.0066	-0.0369999	8.91094e-05
-0.00665	-0.0369999	8.76193e-05
-0.0067	-0.0369999	8.73809e-05
-0.00675	-0.0369999	8.6606e-05
-0.0068	-0.0369999	8.3894e-05
-0.00685	-0.0369999	8.22251e-05
-0.0069	-0.0369999	7.92746e-05
-0.00695	-0.0369999	7.77547e-05
-0.007	-0.0369999	7.67414e-05
-0.00705	-0.0369999	7.64434e-05
-0.0071	-0.0369999	7.52215e-05
-0.00715	-0.0369999	7.29864e-05
-0.0072	-0.0369999	6.97081e-05
-0.00725	-0.0369999	6.86352e-05
-0.0073	-0.0369999	6.74431e-05
-0.00735	-0.0369999	6.50887e-05
-0.0074	-0.0369999	6.48801e-05
-0.00745	-0.0369999	6.31218e-05
-0.0075	-0.0369999	6.15423e-05
-0.00755	-0.0369999	6.01115e-05
-0.0076	-0.0369999	5.86214e-05
-0.00765	-0.0369999	5.56114e-05
-0.0077	-0.0369999	5.5522e-05
-0.00775	-0.0369999	5.49259e-05
-0.0078	-0.0369999	5.21841e-05
-0.00785	-0.0369999	5.19457e-05
-0.0079	-0.0369999	4.97403e-05
-0.00795	-0.0369999	4.87866e-05
-0.008	-0.0369999	4.84886e-05
-0.00805	-0.0369999	4.80416e-05
-0.0081	-0.0369999	4.87866e-05
-0.00815	-0.0369999	4.63726e-05
-0.0082	-0.0369999	4.36606e-05
-0.00825	-0.0369999	4.45249e-05
-0.0083	-0.0369999	4.19023e-05
-0.00835	-0.0369999	4.25579e-05
-0.0084	-0.0369999	4.1038e-05
-0.00845	-0.0369999	4.15447e-05
-0.0085	-0.0369999	4.00248e-05
-0.00855	-0.0369999	3.79684e-05
-0.0086	-0.0369999	3.63889e-05
-0.00865	-0.0369999	3.64783e-05
-0.0087	-0.0369999	3.99353e-05
-0.00875	-0.0369999	3.79386e-05
-0.0088	-0.0369999	3.65081e-05
-0.00885	-0.0369999	3.65975e-05
-0.0089	-0.0369999	3.58822e-05
-0.00895	-0.0369999	3.37961e-05
-0.009	-0.0369999	3.26338e-05
-0.00905	-0.0369999	3.20079e-05
-0.0091	-0.0369999	3.06966e-05
-0.00915	-0.0369999	3.15609e-05
-0.0092	-0.0369999	2.90276e-05
-0.00925	-0.0369999	2.7299e-05
-0.0093	-0.0369999	2.6405e-05
-0.00935	-0.0369999	2.85805e-05
-0.0094	-0.0369999	2.74481e-05
-0.00945	-0.0369999	2.70904e-05
-0.0095	-0.0369999	2.67328e-05
-0.00955	-0.0369999	2.52427e-05
-0.0096	-0.0369999	2.6852e-05
-0.00965	-0.0369999	2.50043e-05
-0.0097	-0.0369999	2.48255e-05
-0.00975	-0.0369999	2.53917e-05
-0.0098	-0.0369999	2.29777e-05
-0.00985	-0.0369999	2.49745e-05
-0.0099	-0.0369999	2.2173e-05
-0.00995	-0.0369999	2.40208e-05
-0.01	-0.0369999	2.40804e-05
-0.01005	-0.0369999	2.40208e-05
-0.0101	-0.0369999	2.22326e-05
-0.01015	-0.0369999	2.23817e-05
-0.0102	-0.0369999	2.28585e-05
-0.01025	-0.0369999	2.35141e-05
-0.0103	-0.0369999	2.3693e-05
-0.01035	-0.0369999	2.33651e-05
-0.0104	-0.0369999	2.19048e-05
-0.01045	-0.0369999	1.98485e-05
-0.0105	-0.0369999	2.16962e-05
-0.01055	-0.0369999	1.99975e-05
-0.0106	-0.0369999	1.88948e-05
-0.01065	-0.0369999	1.97889e-05
-0.0107	-0.0369999	2.02359e-05
-0.01075	-0.0369999	1.86862e-05
-0.0108	-0.0369999	2.02061e-05
-0.01085	-0.0369999	1.94014e-05
-0.0109	-0.0369999	1.82391e-05
-0.01095	-0.0369999	1.82093e-05
-0.011	-0.0369999	1.86266e-05
-0.01105	-0.0369999	2.06233e-05
-0.0111	-0.0369999	1.8865e-05
-0.01115	-0.0369999	1.9014e-05
-0.0112	-0.0369999	1.70768e-05
-0.01125	-0.0369999	1.82689e-05
-0.0113	-0.0369999	1.66596e-05
-0.01135	-0.0369999	1.72259e-05
-0.0114	-0.0369999	1.8567e-05
-0.01145	-0.0369999	1.77623e-05
-0.0115	-0.0369999	1.62424e-05
-0.01155	-0.0369999	1.79411e-05
-0.0116	-0.0369999	1.77921e-05
-0.01165	-0.0369999	1.71365e-05
-0.0117	-0.0369999	1.56463e-05
-0.01175	-0.0369999	1.51098e-05
-0.0118	-0.0369999	1.99081e-05
-0.01185	-0.0369999	1.88054e-05
-0.0119	-0.0369999	1.6451e-05
-0.01195	-0.0369999	1.71663e-05
-0.012	-0.0369999	1.71961e-05
-0.012	-0.0374999	1.81199e-05
-0.01195	-0.0374999	1.71961e-05
-0.0119	-0.0374999	1.96995e-05
-0.01185	-0.0374999	1.86862e-05
-0.0118	-0.0374999	1.9461e-05
-0.01175	-0.0374999	1.85968e-05
-0.0117	-0.0374999	1.80007e-05
-0.01165	-0.0374999	1.8716e-05
-0.0116	-0.0374999	1.94908e-05
-0.01155	-0.0374999	1.97889e-05
-0.0115	-0.0374999	1.95802e-05
-0.01145	-0.0374999	1.89544e-05
-0.0114	-0.0374999	1.87756e-05
-0.01135	-0.0374999	1.82987e-05
-0.0113	-0.0374999	1.78815e-05
-0.01125	-0.0374999	1.87756e-05
-0.0112	-0.0374999	1.99379e-05
-0.01115	-0.0374999	1.9014e-05
-0.0111	-0.0374999	1.8865e-05
-0.01105	-0.0374999	2.05637e-05
-0.011	-0.0374999	2.13982e-05
-0.01095	-0.0374999	2.1577e-05
-0.0109	-0.0374999	2.2173e-05
-0.01085	-0.0374999	2.33055e-05
-0.0108	-0.0374999	2.14876e-05
-0.01075	-0.0374999	2.06233e-05
-0.0107	-0.0374999	1.89544e-05
-0.01065	-0.0374999	2.12492e-05
-0.0106	-0.0374999	2.33055e-05
-0.01055	-0.0374999	2.41698e-05
-0.0105	-0.0374999	2.63454e-05
-0.01045	-0.0374999	2.414e-05
-0.0104	-0.0374999	2.47062e-05
-0.01035	-0.0374999	2.40208e-05
-0.0103	-0.0374999	2.37228e-05
-0.01025	-0.0374999	2.36036e-05
-0.0102	-0.0374999	2.3991e-05
-0.01015	-0.0374999	2.07127e-05
-0.0101	-0.0374999	2.414e-05
-0.01005	-0.0374999	2.50937e-05
-0.01	-0.0374999	2.46764e-05
-0.00995	-0.0374999	2.57791e-05
-0.0099	-0.0374999	2.47062e-05
-0.00985	-0.0374999	2.61368e-05
-0.0098	-0.0374999	2.6852e-05
-0.00975	-0.0374999	2.72096e-05
-0.0097	-0.0374999	2.55407e-05
-0.00965	-0.0374999	2.86103e-05
-0.0096	-0.0374999	3.01899e-05
-0.00955	-0.0374999	2.83123e-05
-0.0095	-0.0374999	2.77461e-05
-0.00945	-0.0374999	3.13821e-05
-0.0094	-0.0374999	3.0637e-05
-0.00935	-0.0374999	3.29318e-05
-0.0093	-0.0374999	3.22463e-05
-0.00925	-0.0374999	3.49286e-05
-0.0092	-0.0374999	3.44517e-05
-0.00915	-0.0374999	3.65379e-05
-0.0091	-0.0374999	3.76406e-05
-0.00905	-0.0374999	3.94287e-05
-0.009	-0.0374999	3.88625e-05
-0.00895	-0.0374999	4.10082e-05
-0.0089	-0.0374999	4.11572e-05
-0.00885	-0.0374999	4.25281e-05
-0.0088	-0.0374999	4.3452e-05
-0.00875	-0.0374999	4.30348e-05
-0.0087	-0.0374999	4.2856e-05
-0.00865	-0.0374999	4.30348e-05
-0.0086	-0.0374999	4.37798e-05
-0.00855	-0.0374999	4.56574e-05
-0.0085	-0.0374999	4.51209e-05
-0.00845	-0.0374999	4.69091e-05
-0.0084	-0.0374999	4.88462e-05
-0.00835	-0.0374999	5.00681e-05
-0.0083	-0.0374999	5.0396e-05
-0.00825	-0.0374999	5.14688e-05
-0.0082	-0.0374999	5.56114e-05
-0.00815	-0.0374999	5.45683e-05
-0.0081	-0.0374999	5.39424e-05
-0.00805	-0.0374999	5.48961e-05
-0.008	-0.0374999	5.60882e-05
-0.00795	-0.0374999	5.582e-05
-0.0079	-0.0374999	5.89194e-05
-0.00785	-0.0374999	5.95453e-05
-0.0078	-0.0374999	6.01413e-05
-0.00775	-0.0374999	6.05287e-05
-0.0077	-0.0374999	6.29728e-05
-0.00765	-0.0374999	6.22575e-05
-0.0076	-0.0374999	6.33602e-05
-0.00755	-0.0374999	6.44927e-05
-0.0075	-0.0374999	6.68173e-05
-0.00745	-0.0374999	6.86948e-05
-0.0074	-0.0374999	7.10194e-05
-0.00735	-0.0374999	7.24797e-05
-0.0073	-0.0374999	7.394e-05
-0.00725	-0.0374999	7.34036e-05
-0.0072	-0.0374999	7.54599e-05
-0.00715	-0.0374999	7.83508e-05
-0.0071	-0.0374999	8.05561e-05
-0.00705	-0.0374999	8.31787e-05
-0.007	-0.0374999	8.55927e-05
-0.00695	-0.0374999	8.95564e-05
-0.0069	-0.0374999	9.10168e-05
-0.00685	-0.0374999	9.4295e-05
-0.0068	-0.0374999	9.54871e-05
-0.00675	-0.0374999	9.92124e-05
-0.0067	-0.0374999	0.000100881
-0.00665	-0.0374999	0.000104458
-0.0066	-0.0374999	0.000107438
-0.00655	-0.0374999	0.000111402
-0.0065	-0.0374999	0.000112772
-0.00645	-0.0374999	0.000114024
-0.0064	-0.0374999	0.000116051
-0.00635	-0.0374999	0.000120163
-0.0063	-0.0374999	0.000122816
-0.00625	-0.0374999	0.000124902
-0.0062	-0.0374999	0.000126631
-0.00615	-0.0374999	0.000134022
-0.0061	-0.0374999	0.000137092
-0.00605	-0.0374999	0.000140847
-0.006	-0.0374999	0.00014493
-0.00595	-0.0374999	0.000147433
-0.0059	-0.0374999	0.000151874
-0.00585	-0.0374999	0.000155301
-0.0058	-0.0374999	0.000156016
-0.00575	-0.0374999	0.000158937
-0.0057	-0.0374999	0.000159801
-0.00565	-0.0374999	0.00016001
-0.0056	-0.0374999	0.000164063
-0.00555	-0.0374999	0.000165106
-0.0055	-0.0374999	0.000167252
-0.00545	-0.0374999	0.000171603
-0.0054	-0.0374999	0.000170351
-0.00535	-0.0374999	0.000169278
-0.0053	-0.0374999	0.000171185
-0.00525	-0.0374999	0.000171305
-0.0052	-0.0374999	0.000174494
-0.00515	-0.0374999	0.000172318
-0.0051	-0.0374999	0.000169874
-0.00505	-0.0374999	0.000168295
-0.005	-0.0374999	0.000166566
-0.00495	-0.0374999	0.000161082
-0.0049	-0.0374999	0.000160814
-0.00485	-0.0374999	0.000158907
-0.0048	-0.0374999	0.000157298
-0.00475	-0.0374999	0.000154645
-0.0047	-0.0374999	0.000152172
-0.00465	-0.0374999	0.000150622
-0.0046	-0.0374999	0.000145704
-0.00455	-0.0374999	0.000145377
-0.0045	-0.0374999	0.000142992
-0.00445	-0.0374999	0.000141622
-0.0044	-0.0374999	0.000140698
-0.00435	-0.0374999	0.000138403
-0.0043	-0.0374999	0.000133337
-0.00425	-0.0374999	0.00012824
-0.0042	-0.0374999	0.000123889
-0.00415	-0.0374999	0.000118703
-0.0041	-0.0374999	0.000116617
-0.00405	-0.0374999	0.000110776
-0.004	-0.0374999	0.000108272
-0.00395	-0.0374999	0.000102044
-0.0039	-0.0374999	0.000100404
-0.00385	-0.0374999	9.60235e-05
-0.0038	-0.0374999	9.30135e-05
-0.00375	-0.0374999	8.9467e-05
-0.0037	-0.0374999	8.94968e-05
-0.00365	-0.0374999	8.40728e-05
-0.0036	-0.0374999	8.31489e-05
-0.00355	-0.0374999	7.96025e-05
-0.0035	-0.0374999	7.95429e-05
-0.00345	-0.0374999	7.61156e-05
-0.0034	-0.0374999	7.39102e-05
-0.00335	-0.0374999	6.94101e-05
-0.0033	-0.0374999	6.73239e-05
-0.00325	-0.0374999	6.91121e-05
-0.0032	-0.0374999	6.51781e-05
-0.00315	-0.0374999	6.41053e-05
-0.0031	-0.0374999	6.24959e-05
-0.00305	-0.0374999	5.90088e-05
-0.003	-0.0374999	5.88896e-05
-0.00295	-0.0374999	5.61776e-05
-0.0029	-0.0374999	5.65352e-05
-0.00285	-0.0374999	5.43895e-05
-0.0028	-0.0374999	5.45683e-05
-0.00275	-0.0374999	5.31378e-05
-0.0027	-0.0374999	5.17669e-05
-0.00265	-0.0374999	5.09026e-05
-0.0026	-0.0374999	4.8578e-05
-0.00255	-0.0374999	4.78032e-05
-0.0025	-0.0374999	4.69687e-05
-0.00245	-0.0374999	4.44653e-05
-0.0024	-0.0374999	4.52104e-05
-0.00235	-0.0374999	4.3601e-05
-0.0023	-0.0374999	4.44057e-05
-0.00225	-0.0374999	4.24685e-05
-0.0022	-0.0374999	3.85942e-05
-0.00215	-0.0374999	3.99353e-05
-0.0021	-0.0374999	3.8028e-05
-0.00205	-0.0374999	3.74021e-05
-0.002	-0.0374999	3.74319e-05
-0.002	-0.0379999	3.0786e-05
-0.00205	-0.0379999	3.25146e-05
-0.0021	-0.0379999	3.53756e-05
-0.00215	-0.0379999	3.28424e-05
-0.0022	-0.0379999	3.51968e-05
-0.00225	-0.0379999	3.46305e-05
-0.0023	-0.0379999	3.36471e-05
-0.00235	-0.0379999	3.62101e-05
-0.0024	-0.0379999	3.80578e-05
-0.00245	-0.0379999	4.10678e-05
-0.0025	-0.0379999	4.23493e-05
-0.00255	-0.0379999	4.21407e-05
-0.0026	-0.0379999	4.1187e-05
-0.00265	-0.0379999	4.29454e-05
-0.0027	-0.0379999	4.24387e-05
-0.00275	-0.0379999	4.47037e-05
-0.0028	-0.0379999	4.53892e-05
-0.00285	-0.0379999	4.79224e-05
-0.0029	-0.0379999	4.71773e-05
-0.00295	-0.0379999	4.88462e-05
-0.003	-0.0379999	5.16179e-05
-0.00305	-0.0379999	5.17073e-05
-0.0031	-0.0379999	5.45683e-05
-0.00315	-0.0379999	5.59988e-05
-0.0032	-0.0379999	5.47173e-05
-0.00325	-0.0379999	5.74293e-05
-0.0033	-0.0379999	5.81446e-05
-0.00335	-0.0379999	5.97241e-05
-0.0034	-0.0379999	6.28536e-05
-0.00345	-0.0379999	6.3688e-05
-0.0035	-0.0379999	6.56252e-05
-0.00355	-0.0379999	6.74729e-05
-0.0036	-0.0379999	6.70557e-05
-0.00365	-0.0379999	6.89928e-05
-0.0037	-0.0379999	7.25095e-05
-0.00375	-0.0379999	7.08406e-05
-0.0038	-0.0379999	7.39102e-05
-0.00385	-0.0379999	7.71587e-05
-0.0039	-0.0379999	7.75461e-05
-0.00395	-0.0379999	7.99899e-05
-0.004	-0.0379999	8.18078e-05
-0.00405	-0.0379999	8.36556e-05
-0.0041	-0.0379999	8.55033e-05
-0.00415	-0.0379999	8.75895e-05
-0.0042	-0.0379999	8.91094e-05
-0.00425	-0.0379999	9.12254e-05
-0.0043	-0.0379999	9.39374e-05
-0.00435	-0.0379999	9.73945e-05
-0.0044	-0.0379999	9.97488e-05
-0.00445	-0.0379999	0.0001041
-0.0045	-0.0379999	0.00010857
-0.00455	-0.0379999	0.00011319
-0.0046	-0.0379999	0.000118167
-0.00465	-0.0379999	0.00012222
-0.0047	-0.0379999	0.000129283
-0.00475	-0.0379999	0.000133724
-0.0048	-0.0379999	0.000137419
-0.00485	-0.0379999	0.000141294
-0.0049	-0.0379999	0.000146152
-0.00495	-0.0379999	0.000147433
-0.005	-0.0379999	0.000147969
-0.00505	-0.0379999	0.000149907
-0.0051	-0.0379999	0.000149281
-0.00515	-0.0379999	0.000151665
-0.0052	-0.0379999	0.000153781
-0.00525	-0.0379999	0.000150711
-0.0053	-0.0379999	0.000153364
-0.00535	-0.0379999	0.0001539
-0.0054	-0.0379999	0.000154198
-0.00545	-0.0379999	0.000154139
-0.0055	-0.0379999	0.000154168
-0.00555	-0.0379999	0.000155837
-0.0056	-0.0379999	0.00015691
-0.00565	-0.0379999	0.000159563
-0.0057	-0.0379999	0.000160933
-0.00575	-0.0379999	0.000165165
-0.0058	-0.0379999	0.000163616
-0.00585	-0.0379999	0.000164897
-0.0059	-0.0379999	0.000162871
-0.00595	-0.0379999	0.000162632
-0.006	-0.0379999	0.000165165
-0.00605	-0.0379999	0.000163765
-0.0061	-0.0379999	0.000158549
-0.00615	-0.0379999	0.000155897
-0.0062	-0.0379999	0.000153304
-0.00625	-0.0379999	0.000150532
-0.0063	-0.0379999	0.000146718
-0.00635	-0.0379999	0.000144274
-0.0064	-0.0379999	0.000139625
-0.00645	-0.0379999	0.000132472
-0.0065	-0.0379999	0.000131757
-0.00655	-0.0379999	0.000128091
-0.0066	-0.0379999	0.000123085
-0.00665	-0.0379999	0.000120879
-0.0067	-0.0379999	0.000117958
-0.00675	-0.0379999	0.000115216
-0.0068	-0.0379999	0.000110597
-0.00685	-0.0379999	0.000109137
-0.0069	-0.0379999	0.000107378
-0.00695	-0.0379999	0.000106872
-0.007	-0.0379999	0.000102133
-0.00705	-0.0379999	9.88846e-05
-0.0071	-0.0379999	9.52189e-05
-0.00715	-0.0379999	9.31923e-05
-0.0072	-0.0379999	9.29539e-05
-0.00725	-0.0379999	8.95862e-05
-0.0073	-0.0379999	8.54735e-05
-0.00735	-0.0379999	8.40728e-05
-0.0074	-0.0379999	7.95131e-05
-0.00745	-0.0379999	7.54301e-05
-0.0075	-0.0379999	7.6205e-05
-0.00755	-0.0379999	7.33142e-05
-0.0076	-0.0379999	7.24201e-05
-0.00765	-0.0379999	7.18539e-05
-0.0077	-0.0379999	7.08406e-05
-0.00775	-0.0379999	7.0483e-05
-0.0078	-0.0379999	6.87544e-05
-0.00785	-0.0379999	6.77709e-05
-0.0079	-0.0379999	6.84564e-05
-0.00795	-0.0379999	6.52676e-05
-0.008	-0.0379999	6.60126e-05
-0.00805	-0.0379999	6.61616e-05
-0.0081	-0.0379999	6.13634e-05
-0.00815	-0.0379999	6.42245e-05
-0.0082	-0.0379999	6.02009e-05
-0.00825	-0.0379999	5.80254e-05
-0.0083	-0.0379999	5.76975e-05
-0.00835	-0.0379999	5.5671e-05
-0.0084	-0.0379999	5.54922e-05
-0.00845	-0.0379999	5.71015e-05
-0.0085	-0.0379999	5.65948e-05
-0.00855	-0.0379999	5.3704e-05
-0.0086	-0.0379999	5.48365e-05
-0.00865	-0.0379999	5.09026e-05
-0.0087	-0.0379999	5.31974e-05
-0.00875	-0.0379999	4.8578e-05
-0.0088	-0.0379999	4.75349e-05
-0.00885	-0.0379999	4.78628e-05
-0.0089	-0.0379999	4.81608e-05
-0.00895	-0.0379999	4.64621e-05
-0.009	-0.0379999	4.35116e-05
-0.00905	-0.0379999	4.27964e-05
-0.0091	-0.0379999	4.33626e-05
-0.00915	-0.0379999	4.03824e-05
-0.0092	-0.0379999	3.98459e-05
-0.00925	-0.0379999	3.66273e-05
-0.0093	-0.0379999	3.95777e-05
-0.00935	-0.0379999	3.67465e-05
-0.0094	-0.0379999	3.76406e-05
-0.00945	-0.0379999	3.89221e-05
-0.0095	-0.0379999	3.53458e-05
-0.00955	-0.0379999	3.71041e-05
-0.0096	-0.0379999	3.5763e-05
-0.00965	-0.0379999	3.33788e-05
-0.0097	-0.0379999	3.32298e-05
-0.00975	-0.0379999	3.09052e-05
-0.0098	-0.0379999	2.9713e-05
-0.00985	-0.0379999	2.93554e-05
-0.0099	-0.0379999	3.15609e-05
-0.00995	-0.0379999	3.29318e-05
-0.01	-0.0379999	3.13523e-05
-0.01005	-0.0379999	2.88786e-05
-0.0101	-0.0379999	2.63752e-05
-0.01015	-0.0379999	2.81633e-05
-0.0102	-0.0379999	2.67924e-05
-0.01025	-0.0379999	2.70308e-05
-0.0103	-0.0379999	2.6256e-05
-0.01035	-0.0379999	2.59877e-05
-0.0104	-0.0379999	2.50341e-05
-0.01045	-0.0379999	2.6405e-05
-0.0105	-0.0379999	2.31565e-05
-0.01055	-0.0379999	2.51831e-05
-0.0106	-0.0379999	2.38718e-05
-0.01065	-0.0379999	2.56599e-05
-0.0107	-0.0379999	2.414e-05
-0.01075	-0.0379999	2.37526e-05
-0.0108	-0.0379999	2.35738e-05
-0.01085	-0.0379999	2.19942e-05
-0.0109	-0.0379999	2.50043e-05
-0.01095	-0.0379999	2.46764e-05
-0.011	-0.0379999	2.30373e-05
-0.01105	-0.0379999	2.3544e-05
-0.0111	-0.0379999	2.33949e-05
-0.01115	-0.0379999	2.27095e-05
-0.0112	-0.0379999	2.27989e-05
-0.01125	-0.0379999	2.3544e-05
-0.0113	-0.0379999	2.4438e-05
-0.01135	-0.0379999	2.25605e-05
-0.0114	-0.0379999	2.36632e-05
-0.01145	-0.0379999	2.1875e-05
-0.0115	-0.0379999	2.16366e-05
-0.01155	-0.0379999	2.17856e-05
-0.0116	-0.0379999	2.23221e-05
-0.01165	-0.0379999	2.05935e-05
-0.0117	-0.0379999	2.1428e-05
-0.01175	-0.0379999	2.13088e-05
-0.0118	-0.0379999	2.34843e-05
-0.01185	-0.0379999	2.13088e-05
-0.0119	-0.0379999	2.1428e-05
-0.01195	-0.0379999	2.15174e-05
-0.012	-0.0379999	2.07425e-05
-0.012	-0.0384999	2.44976e-05
-0.01195	-0.0384999	2.4587e-05
-0.0119	-0.0384999	2.42294e-05
-0.01185	-0.0384999	2.50043e-05
-0.0118	-0.0384999	2.58387e-05
-0.01175	-0.0384999	2.61368e-05
-0.0117	-0.0384999	2.49745e-05
-0.01165	-0.0384999	2.52427e-05
-0.0116	-0.0384999	2.47956e-05
-0.01155	-0.0384999	2.47956e-05
-0.0115	-0.0384999	2.57791e-05
-0.01145	-0.0384999	2.56599e-05
-0.0114	-0.0384999	2.81335e-05
-0.01135	-0.0384999	2.6852e-05
-0.0113	-0.0384999	2.48255e-05
-0.01125	-0.0384999	2.31565e-05
-0.0112	-0.0384999	2.51235e-05
-0.01115	-0.0384999	2.32757e-05
-0.0111	-0.0384999	2.49745e-05
-0.01105	-0.0384999	2.63454e-05
-0.011	-0.0384999	2.70606e-05
-0.01095	-0.0384999	2.73586e-05
-0.0109	-0.0384999	2.61964e-05
-0.01085	-0.0384999	2.6852e-05
-0.0108	-0.0384999	2.68222e-05
-0.01075	-0.0384999	2.69116e-05
-0.0107	-0.0384999	2.67924e-05
-0.01065	-0.0384999	2.63752e-05
-0.0106	-0.0384999	2.84315e-05
-0.01055	-0.0384999	2.78355e-05
-0.0105	-0.0384999	2.98918e-05
-0.01045	-0.0384999	3.03687e-05
-0.0104	-0.0384999	2.85209e-05
-0.01035	-0.0384999	2.97726e-05
-0.0103	-0.0384999	3.03091e-05
-0.01025	-0.0384999	3.28722e-05
-0.0102	-0.0384999	3.13225e-05
-0.01015	-0.0384999	3.37961e-05
-0.0101	-0.0384999	3.38855e-05
-0.01005	-0.0384999	3.48391e-05
-0.01	-0.0384999	3.38855e-05
-0.00995	-0.0384999	3.37365e-05
-0.0099	-0.0384999	3.60908e-05
-0.00985	-0.0384999	3.75214e-05
-0.0098	-0.0384999	3.87433e-05
-0.00975	-0.0384999	3.77598e-05
-0.0097	-0.0384999	3.98757e-05
-0.00965	-0.0384999	4.0144e-05
-0.0096	-0.0384999	4.00546e-05
-0.00955	-0.0384999	4.18725e-05
-0.0095	-0.0384999	4.22599e-05
-0.00945	-0.0384999	4.07996e-05
-0.0094	-0.0384999	4.38693e-05
-0.00935	-0.0384999	4.64621e-05
-0.0093	-0.0384999	4.45249e-05
-0.00925	-0.0384999	4.85184e-05
-0.0092	-0.0384999	4.68793e-05
-0.00915	-0.0384999	5.06046e-05
-0.0091	-0.0384999	4.89953e-05
-0.00905	-0.0384999	5.03066e-05
-0.009	-0.0384999	5.17371e-05
-0.00895	-0.0384999	4.93231e-05
-0.0089	-0.0384999	5.23629e-05
-0.00885	-0.0384999	5.44491e-05
-0.0088	-0.0384999	5.19755e-05
-0.00875	-0.0384999	5.51643e-05
-0.0087	-0.0384999	5.77571e-05
-0.00865	-0.0384999	5.90088e-05
-0.0086	-0.0384999	5.61776e-05
-0.00855	-0.0384999	5.80254e-05
-0.0085	-0.0384999	6.00221e-05
-0.00845	-0.0384999	6.22575e-05
-0.0084	-0.0384999	6.31218e-05
-0.00835	-0.0384999	6.23469e-05
-0.0083	-0.0384999	6.44033e-05
-0.00825	-0.0384999	6.65491e-05
-0.0082	-0.0384999	6.73239e-05
-0.00815	-0.0384999	6.65491e-05
-0.0081	-0.0384999	7.19731e-05
-0.00805	-0.0384999	7.1377e-05
-0.008	-0.0384999	7.30162e-05
-0.00795	-0.0384999	7.48043e-05
-0.0079	-0.0384999	7.57878e-05
-0.00785	-0.0384999	7.84104e-05
-0.0078	-0.0384999	8.14204e-05
-0.00775	-0.0384999	8.6457e-05
-0.0077	-0.0384999	8.75001e-05
-0.00765	-0.0384999	8.77683e-05
-0.0076	-0.0384999	9.03015e-05
-0.00755	-0.0384999	9.30433e-05
-0.0075	-0.0384999	9.58149e-05
-0.00745	-0.0384999	9.81097e-05
-0.0074	-0.0384999	9.94806e-05
-0.00735	-0.0384999	9.98084e-05
-0.0073	-0.0384999	0.000101209
-0.00725	-0.0384999	0.000103504
-0.0072	-0.0384999	0.0001086
-0.00715	-0.0384999	0.000111551
-0.0071	-0.0384999	0.000113458
-0.00705	-0.0384999	0.000117541
-0.007	-0.0384999	0.000121475
-0.00695	-0.0384999	0.000126363
-0.0069	-0.0384999	0.000130505
-0.00685	-0.0384999	0.000136525
-0.0068	-0.0384999	0.000140906
-0.00675	-0.0384999	0.000146986
-0.0067	-0.0384999	0.000150473
-0.00665	-0.0384999	0.000154735
-0.0066	-0.0384999	0.000160427
-0.00655	-0.0384999	0.000162364
-0.0065	-0.0384999	0.000163049
-0.00645	-0.0384999	0.00016892
-0.0064	-0.0384999	0.000170262
-0.00635	-0.0384999	0.000175388
-0.0063	-0.0384999	0.000175984
-0.00625	-0.0384999	0.000177206
-0.0062	-0.0384999	0.000178338
-0.00615	-0.0384999	0.000177682
-0.0061	-0.0384999	0.000176609
-0.00605	-0.0384999	0.000172169
-0.006	-0.0384999	0.000171811
-0.00595	-0.0384999	0.000167877
-0.0059	-0.0384999	0.00016454
-0.00585	-0.0384999	0.00016445
-0.0058	-0.0384999	0.000162006
-0.00575	-0.0384999	0.000159324
-0.0057	-0.0384999	0.000158162
-0.00565	-0.0384999	0.000159026
-0.0056	-0.0384999	0.000158162
-0.00555	-0.0384999	0.000154526
-0.0055	-0.0384999	0.000152678
-0.00545	-0.0384999	0.000152112
-0.0054	-0.0384999	0.000153423
-0.00535	-0.0384999	0.000149638
-0.0053	-0.0384999	0.000146032
-0.00525	-0.0384999	0.000142516
-0.0052	-0.0384999	0.000140221
-0.00515	-0.0384999	0.00013578
-0.0051	-0.0384999	0.000129909
-0.00505	-0.0384999	0.000126214
-0.005	-0.0384999	0.000121981
-0.00495	-0.0384999	0.000118196
-0.0049	-0.0384999	0.000113607
-0.00485	-0.0384999	0.000110716
-0.0048	-0.0384999	0.000106633
-0.00475	-0.0384999	0.000100673
-0.0047	-0.0384999	9.88846e-05
-0.00465	-0.0384999	9.45036e-05
-0.0046	-0.0384999	9.23579e-05
-0.00455	-0.0384999	9.14042e-05
-0.0045	-0.0384999	8.71127e-05
-0.00445	-0.0384999	8.29701e-05
-0.0044	-0.0384999	8.36556e-05
-0.00435	-0.0384999	7.98409e-05
-0.0043	-0.0384999	7.78739e-05
-0.00425	-0.0384999	7.58772e-05
-0.0042	-0.0384999	7.26287e-05
-0.00415	-0.0384999	7.35228e-05
-0.0041	-0.0384999	7.03936e-05
-0.00405	-0.0384999	6.92015e-05
-0.004	-0.0384999	6.77709e-05
-0.00395	-0.0384999	6.76219e-05
-0.0039	-0.0384999	6.35092e-05
-0.00385	-0.0384999	6.55358e-05
-0.0038	-0.0384999	6.22575e-05
-0.00375	-0.0384999	6.16615e-05
-0.0037	-0.0384999	5.93069e-05
-0.00365	-0.0384999	5.80552e-05
-0.0036	-0.0384999	5.75783e-05
-0.00355	-0.0384999	5.39722e-05
-0.0035	-0.0384999	5.48067e-05
-0.00345	-0.0384999	4.94125e-05
-0.0034	-0.0384999	4.91741e-05
-0.00335	-0.0384999	4.74455e-05
-0.0033	-0.0384999	4.51209e-05
-0.00325	-0.0384999	4.3303e-05
-0.0032	-0.0384999	4.71773e-05
-0.00315	-0.0384999	4.58064e-05
-0.0031	-0.0384999	4.52998e-05
-0.00305	-0.0384999	4.24089e-05
-0.003	-0.0384999	4.45845e-05
-0.00295	-0.0384999	4.09784e-05
-0.0029	-0.0384999	4.1187e-05
-0.00285	-0.0384999	4.09784e-05
-0.0028	-0.0384999	3.84452e-05
-0.00275	-0.0384999	3.98459e-05
-0.0027	-0.0384999	3.75512e-05
-0.00265	-0.0384999	3.62101e-05
-0.0026	-0.0384999	3.49882e-05
-0.00255	-0.0384999	3.41239e-05
-0.0025	-0.0384999	3.53756e-05
-0.00245	-0.0384999	3.40047e-05
-0.0024	-0.0384999	3.22463e-05
-0.00235	-0.0384999	3.08754e-05
-0.0023	-0.0384999	3.21569e-05
-0.00225	-0.0384999	3.33788e-05
-0.0022	-0.0384999	3.0786e-05
-0.00215	-0.0384999	3.15907e-05
-0.0021	-0.0384999	2.93256e-05
-0.00205	-0.0384999	2.9117e-05
-0.002	-0.0384999	2.94448e-05
-0.002	-0.0389999	2.34843e-05
-0.00205	-0.0389999	2.60175e-05
-0.0021	-0.0389999	2.46168e-05
-0.00215	-0.0389999	2.51831e-05
-0.0022	-0.0389999	2.73885e-05
-0.00225	-0.0389999	2.62262e-05
-0.0023	-0.0389999	2.85209e-05
-0.00235	-0.0389999	2.6703e-05
-0.0024	-0.0389999	2.89084e-05
-0.00245	-0.0389999	2.88488e-05
-0.0025	-0.0389999	3.20377e-05
-0.00255	-0.0389999	3.0637e-05
-0.0026	-0.0389999	3.39749e-05
-0.00265	-0.0389999	3.39153e-05
-0.0027	-0.0389999	3.27828e-05
-0.00275	-0.0389999	3.41239e-05
-0.0028	-0.0389999	3.37365e-05
-0.00285	-0.0389999	3.56438e-05
-0.0029	-0.0389999	3.62101e-05
-0.00295	-0.0389999	3.51968e-05
-0.003	-0.0389999	3.70445e-05
-0.00305	-0.0389999	3.87134e-05
-0.0031	-0.0389999	3.47199e-05
-0.00315	-0.0389999	3.71339e-05
-0.0032	-0.0389999	3.87731e-05
-0.00325	-0.0389999	4.0442e-05
-0.0033	-0.0389999	4.32732e-05
-0.00335	-0.0389999	4.3005e-05
-0.0034	-0.0389999	4.3154e-05
-0.00345	-0.0389999	4.44653e-05
-0.0035	-0.0389999	4.54786e-05
-0.00355	-0.0389999	4.51806e-05
-0.0036	-0.0389999	4.828e-05
-0.00365	-0.0389999	5.00383e-05
-0.0037	-0.0389999	5.20351e-05
-0.00375	-0.0389999	4.89058e-05
-0.0038	-0.0389999	5.22437e-05
-0.00385	-0.0389999	5.25715e-05
-0.0039	-0.0389999	5.67439e-05
-0.00395	-0.0389999	5.65352e-05
-0.004	-0.0389999	5.79359e-05
-0.00405	-0.0389999	5.79061e-05
-0.0041	-0.0389999	6.02605e-05
-0.00415	-0.0389999	6.30324e-05
-0.0042	-0.0389999	6.31218e-05
-0.00425	-0.0389999	6.66981e-05
-0.0043	-0.0389999	6.64894e-05
-0.00435	-0.0389999	6.68173e-05
-0.0044	-0.0389999	7.13174e-05
-0.00445	-0.0389999	7.0632e-05
-0.0045	-0.0389999	7.3493e-05
-0.00455	-0.0389999	7.62944e-05
-0.0046	-0.0389999	7.70693e-05
-0.00465	-0.0389999	8.01985e-05
-0.0047	-0.0389999	8.21059e-05
-0.00475	-0.0389999	8.42218e-05
-0.0048	-0.0389999	8.46391e-05
-0.00485	-0.0389999	9.12254e-05
-0.0049	-0.0389999	9.31327e-05
-0.00495	-0.0389999	9.54275e-05
-0.005	-0.0389999	9.96892e-05
-0.00505	-0.0389999	9.99277e-05
-0.0051	-0.0389999	0.000100017
-0.00515	-0.0389999	0.000107587
-0.0052	-0.0389999	0.000109435
-0.00525	-0.0389999	0.000115753
-0.0053	-0.0389999	0.000119955
-0.00535	-0.0389999	0.000124902
-0.0054	-0.0389999	0.000126184
-0.00545	-0.0389999	0.000136466
-0.0055	-0.0389999	0.000139506
-0.00555	-0.0389999	0.000145973
-0.0056	-0.0389999	0.000149966
-0.00565	-0.0389999	0.000155271
-0.0057	-0.0389999	0.000160457
-0.00575	-0.0389999	0.000164748
-0.0058	-0.0389999	0.000167758
-0.00585	-0.0389999	0.000170172
-0.0059	-0.0389999	0.000170619
-0.00595	-0.0389999	0.000173182
-0.006	-0.0389999	0.000175835
-0.00605	-0.0389999	0.000176222
-0.0061	-0.0389999	0.000175954
-0.00615	-0.0389999	0.000179262
-0.0062	-0.0389999	0.0001795
-0.00625	-0.0389999	0.000181914
-0.0063	-0.0389999	0.000181586
-0.00635	-0.0389999	0.000181795
-0.0064	-0.0389999	0.000182749
-0.00645	-0.0389999	0.000183971
-0.0065	-0.0389999	0.000183077
-0.00655	-0.0389999	0.000180931
-0.0066	-0.0389999	0.000182391
-0.00665	-0.0389999	0.000177921
-0.0067	-0.0389999	0.000175715
-0.00675	-0.0389999	0.00017351
-0.0068	-0.0389999	0.000170887
-0.00685	-0.0389999	0.000166656
-0.0069	-0.0389999	0.000161142
-0.00695	-0.0389999	0.000158698
-0.007	-0.0389999	0.000158013
-0.00705	-0.0389999	0.000153095
-0.0071	-0.0389999	0.000149847
-0.00715	-0.0389999	0.000144959
-0.0072	-0.0389999	0.000139088
-0.00725	-0.0389999	0.000134827
-0.0073	-0.0389999	0.000133456
-0.00735	-0.0389999	0.000129194
-0.0074	-0.0389999	0.000124247
-0.00745	-0.0389999	0.000121296
-0.0075	-0.0389999	0.000118912
-0.00755	-0.0389999	0.000116349
-0.0076	-0.0389999	0.000110686
-0.00765	-0.0389999	0.000106842
-0.0077	-0.0389999	0.000105143
-0.00775	-0.0389999	0.00010562
-0.0078	-0.0389999	0.000101626
-0.00785	-0.0389999	9.94508e-05
-0.0079	-0.0389999	9.55169e-05
-0.00795	-0.0389999	9.48911e-05
-0.008	-0.0389999	9.25963e-05
-0.00805	-0.0389999	8.89902e-05
-0.0081	-0.0389999	8.52053e-05
-0.00815	-0.0389999	8.22847e-05
-0.0082	-0.0389999	7.92448e-05
-0.00825	-0.0389999	7.847e-05
-0.0083	-0.0389999	7.62348e-05
-0.00835	-0.0389999	7.45659e-05
-0.0084	-0.0389999	7.12578e-05
-0.00845	-0.0389999	6.96485e-05
-0.0085	-0.0389999	6.64e-05
-0.00855	-0.0389999	6.64e-05
-0.0086	-0.0389999	6.66683e-05
-0.00865	-0.0389999	6.53272e-05
-0.0087	-0.0389999	6.45523e-05
-0.00875	-0.0389999	6.21383e-05
-0.0088	-0.0389999	6.31218e-05
-0.00885	-0.0389999	6.1274e-05
-0.0089	-0.0389999	5.81446e-05
-0.00895	-0.0389999	5.77571e-05
-0.009	-0.0389999	5.71611e-05
-0.00905	-0.0389999	5.53431e-05
-0.0091	-0.0389999	5.59094e-05
-0.00915	-0.0389999	5.5522e-05
-0.0092	-0.0389999	5.49557e-05
-0.00925	-0.0389999	5.21841e-05
-0.0093	-0.0389999	5.3555e-05
-0.00935	-0.0389999	5.24523e-05
-0.0094	-0.0389999	4.97701e-05
-0.00945	-0.0389999	5.01873e-05
-0.0095	-0.0389999	4.97105e-05
-0.00955	-0.0389999	4.93827e-05
-0.0096	-0.0389999	4.8727e-05
-0.00965	-0.0389999	4.56276e-05
-0.0097	-0.0389999	4.43163e-05
-0.00975	-0.0389999	4.41375e-05
-0.0098	-0.0389999	4.43759e-05
-0.00985	-0.0389999	4.28858e-05
-0.0099	-0.0389999	4.3452e-05
-0.00995	-0.0389999	4.2707e-05
-0.01	-0.0389999	4.12168e-05
-0.01005	-0.0389999	3.94883e-05
-0.0101	-0.0389999	3.71339e-05
-0.01015	-0.0389999	3.88029e-05
-0.0102	-0.0389999	3.77002e-05
-0.01025	-0.0389999	3.74021e-05
-0.0103	-0.0389999	3.85942e-05
-0.01035	-0.0389999	3.79386e-05
-0.0104	-0.0389999	3.62101e-05
-0.01045	-0.0389999	3.52266e-05
-0.0105	-0.0389999	3.49286e-05
-0.01055	-0.0389999	3.46007e-05
-0.0106	-0.0389999	3.46603e-05
-0.01065	-0.0389999	3.15907e-05
-0.0107	-0.0389999	3.41239e-05
-0.01075	-0.0389999	3.37067e-05
-0.0108	-0.0389999	3.40345e-05
-0.01085	-0.0389999	2.85507e-05
-0.0109	-0.0389999	3.22463e-05
-0.01095	-0.0389999	3.07562e-05
-0.011	-0.0389999	3.03985e-05
-0.01105	-0.0389999	3.00707e-05
-0.0111	-0.0389999	2.87296e-05
-0.01115	-0.0389999	2.81931e-05
-0.0112	-0.0389999	3.03687e-05
-0.01125	-0.0389999	3.09648e-05
-0.0113	-0.0389999	2.85209e-05
-0.01135	-0.0389999	2.75375e-05
-0.0114	-0.0389999	2.70904e-05
-0.01145	-0.0389999	2.86103e-05
-0.0115	-0.0389999	2.71202e-05
-0.01155	-0.0389999	3.06668e-05
-0.0116	-0.0389999	2.95044e-05
-0.01165	-0.0389999	2.7001e-05
-0.0117	-0.0389999	2.87892e-05
-0.01175	-0.0389999	2.867e-05
-0.0118	-0.0389999	2.80441e-05
-0.01185	-0.0389999	2.84613e-05
-0.0119	-0.0389999	2.92958e-05
-0.01195	-0.0389999	2.75375e-05
-0.012	-0.0389999	2.73885e-05
-0.012	-0.0394999	3.03985e-05
-0.01195	-0.0394999	3.20079e-05
-0.0119	-0.0394999	3.12331e-05
-0.01185	-0.0394999	3.04283e-05
-0.0118	-0.0394999	2.92362e-05
-0.01175	-0.0394999	3.17397e-05
-0.0117	-0.0394999	3.27232e-05
-0.01165	-0.0394999	3.2306e-05
-0.0116	-0.0394999	3.09052e-05
-0.01155	-0.0394999	3.17099e-05
-0.0115	-0.0394999	3.34384e-05
-0.01145	-0.0394999	3.0786e-05
-0.0114	-0.0394999	3.33192e-05
-0.01135	-0.0394999	3.19185e-05
-0.0113	-0.0394999	3.37961e-05
-0.01125	-0.0394999	3.55246e-05
-0.0112	-0.0394999	3.22761e-05
-0.01115	-0.0394999	3.5316e-05
-0.0111	-0.0394999	3.52862e-05
-0.01105	-0.0394999	3.63591e-05
-0.011	-0.0394999	3.63889e-05
-0.01095	-0.0394999	3.82366e-05
-0.0109	-0.0394999	3.85346e-05
-0.01085	-0.0394999	3.77896e-05
-0.0108	-0.0394999	3.69253e-05
-0.01075	-0.0394999	3.62995e-05
-0.0107	-0.0394999	3.80578e-05
-0.01065	-0.0394999	4.18129e-05
-0.0106	-0.0394999	4.01142e-05
-0.01055	-0.0394999	4.0889e-05
-0.0105	-0.0394999	4.03228e-05
-0.01045	-0.0394999	4.15149e-05
-0.0104	-0.0394999	4.06208e-05
-0.01035	-0.0394999	4.31242e-05
-0.0103	-0.0394999	4.51508e-05
-0.01025	-0.0394999	4.44653e-05
-0.0102	-0.0394999	4.69389e-05
-0.01015	-0.0394999	4.77734e-05
-0.0101	-0.0394999	4.74157e-05
-0.01005	-0.0394999	5.13496e-05
-0.01	-0.0394999	5.0396e-05
-0.00995	-0.0394999	4.96509e-05
-0.0099	-0.0394999	4.92635e-05
-0.00985	-0.0394999	5.07536e-05
-0.0098	-0.0394999	5.11708e-05
-0.00975	-0.0394999	5.24225e-05
-0.0097	-0.0394999	5.44491e-05
-0.00965	-0.0394999	5.33762e-05
-0.0096	-0.0394999	5.37338e-05
-0.00955	-0.0394999	5.44789e-05
-0.0095	-0.0394999	5.40914e-05
-0.00945	-0.0394999	5.67439e-05
-0.0094	-0.0394999	5.6565e-05
-0.00935	-0.0394999	5.62372e-05
-0.0093	-0.0394999	5.67439e-05
-0.00925	-0.0394999	5.84128e-05
-0.0092	-0.0394999	6.15423e-05
-0.00915	-0.0394999	6.30026e-05
-0.0091	-0.0394999	6.21681e-05
-0.00905	-0.0394999	6.51781e-05
-0.009	-0.0394999	6.63106e-05
-0.00895	-0.0394999	6.54166e-05
-0.0089	-0.0394999	6.67279e-05
-0.00885	-0.0394999	6.73835e-05
-0.0088	-0.0394999	7.1079e-05
-0.00875	-0.0394999	7.41486e-05
-0.0087	-0.0394999	7.59964e-05
-0.00865	-0.0394999	7.99899e-05
-0.0086	-0.0394999	8.04965e-05
-0.00855	-0.0394999	8.29403e-05
-0.0085	-0.0394999	8.49669e-05
-0.00845	-0.0394999	8.81557e-05
-0.0084	-0.0394999	8.99439e-05
-0.00835	-0.0394999	9.26559e-05
-0.0083	-0.0394999	9.50103e-05
-0.00825	-0.0394999	9.73349e-05
-0.0082	-0.0394999	9.84077e-05
-0.00815	-0.0394999	0.000102461
-0.0081	-0.0394999	0.000103981
-0.00805	-0.0394999	0.000107319
-0.008	-0.0394999	0.000109613
-0.00795	-0.0394999	0.00011161
-0.0079	-0.0394999	0.000115455
-0.00785	-0.0394999	0.000120461
-0.0078	-0.0394999	0.000125051
-0.00775	-0.0394999	0.000127704
-0.0077	-0.0394999	0.000131072
-0.00765	-0.0394999	0.000135154
-0.0076	-0.0394999	0.000137241
-0.00755	-0.0394999	0.000142098
-0.0075	-0.0394999	0.000146956
-0.00745	-0.0394999	0.00014943
-0.0074	-0.0394999	0.000153423
-0.00735	-0.0394999	0.00015849
-0.0073	-0.0394999	0.000164182
-0.00725	-0.0394999	0.000168503
-0.0072	-0.0394999	0.000175209
-0.00715	-0.0394999	0.000176669
-0.0071	-0.0394999	0.000183017
-0.00705	-0.0394999	0.000186444
-0.007	-0.0394999	0.000191362
-0.00695	-0.0394999	0.000191391
-0.0069	-0.0394999	0.000193209
-0.00685	-0.0394999	0.000193627
-0.0068	-0.0394999	0.000194163
-0.00675	-0.0394999	0.000193627
-0.0067	-0.0394999	0.000199557
-0.00665	-0.0394999	0.000201614
-0.0066	-0.0394999	0.000204445
-0.00655	-0.0394999	0.000207425
-0.0065	-0.0394999	0.000210465
-0.00645	-0.0394999	0.000214458
-0.0064	-0.0394999	0.000213296
-0.00635	-0.0394999	0.000212819
-0.0063	-0.0394999	0.000211478
-0.00625	-0.0394999	0.00020963
-0.0062	-0.0394999	0.000203968
-0.00615	-0.0394999	0.000200481
-0.0061	-0.0394999	0.00019461
-0.00605	-0.0394999	0.000184954
-0.006	-0.0394999	0.00017658
-0.00595	-0.0394999	0.000169129
-0.0059	-0.0394999	0.0001615
-0.00585	-0.0394999	0.000154407
-0.0058	-0.0394999	0.00014788
-0.00575	-0.0394999	0.000140161
-0.0057	-0.0394999	0.000132264
-0.00565	-0.0394999	0.000128717
-0.0056	-0.0394999	0.000123442
-0.00555	-0.0394999	0.000118465
-0.0055	-0.0394999	0.000114501
-0.00545	-0.0394999	0.000110925
-0.0054	-0.0394999	0.000106276
-0.00535	-0.0394999	0.000103951
-0.0053	-0.0394999	9.96892e-05
-0.00525	-0.0394999	9.66494e-05
-0.0052	-0.0394999	9.43844e-05
-0.00515	-0.0394999	8.82153e-05
-0.0051	-0.0394999	8.82153e-05
-0.00505	-0.0394999	8.59206e-05
-0.005	-0.0394999	8.33576e-05
-0.00495	-0.0394999	7.97217e-05
-0.0049	-0.0394999	7.78441e-05
-0.00485	-0.0394999	7.70991e-05
-0.0048	-0.0394999	7.53407e-05
-0.00475	-0.0394999	7.42082e-05
-0.0047	-0.0394999	7.27777e-05
-0.00465	-0.0394999	6.92015e-05
-0.0046	-0.0394999	6.76219e-05
-0.00455	-0.0394999	6.82776e-05
-0.0045	-0.0394999	6.45523e-05
-0.00445	-0.0394999	6.24959e-05
-0.0044	-0.0394999	6.18403e-05
-0.00435	-0.0394999	6.08864e-05
-0.0043	-0.0394999	5.53431e-05
-0.00425	-0.0394999	5.72207e-05
-0.0042	-0.0394999	5.54624e-05
-0.00415	-0.0394999	5.33762e-05
-0.0041	-0.0394999	5.46279e-05
-0.00405	-0.0394999	5.11112e-05
-0.004	-0.0394999	5.12602e-05
-0.00395	-0.0394999	5.18563e-05
-0.0039	-0.0394999	4.95019e-05
-0.00385	-0.0394999	4.88462e-05
-0.0038	-0.0394999	4.63726e-05
-0.00375	-0.0394999	4.48527e-05
-0.0037	-0.0394999	4.24685e-05
-0.00365	-0.0394999	4.15149e-05
-0.0036	-0.0394999	3.98161e-05
-0.00355	-0.0394999	3.99353e-05
-0.0035	-0.0394999	3.70743e-05
-0.00345	-0.0394999	3.72531e-05
-0.0034	-0.0394999	3.66869e-05
-0.00335	-0.0394999	3.53756e-05
-0.0033	-0.0394999	3.55246e-05
-0.00325	-0.0394999	3.54054e-05
-0.0032	-0.0394999	3.32596e-05
-0.00315	-0.0394999	3.38557e-05
-0.0031	-0.0394999	3.45411e-05
-0.00305	-0.0394999	3.3498e-05
-0.003	-0.0394999	3.34384e-05
-0.00295	-0.0394999	3.31702e-05
-0.0029	-0.0394999	3.04283e-05
-0.00285	-0.0394999	3.21569e-05
-0.0028	-0.0394999	2.98918e-05
-0.00275	-0.0394999	2.86401e-05
-0.0027	-0.0394999	2.6405e-05
-0.00265	-0.0394999	2.88488e-05
-0.0026	-0.0394999	2.57195e-05
-0.00255	-0.0394999	2.55705e-05
-0.0025	-0.0394999	2.58089e-05
-0.00245	-0.0394999	2.53619e-05
-0.0024	-0.0394999	2.48255e-05
-0.00235	-0.0394999	2.33353e-05
-0.0023	-0.0394999	2.35141e-05
-0.00225	-0.0394999	2.44678e-05
-0.0022	-0.0394999	2.29777e-05
-0.00215	-0.0394999	2.45572e-05
-0.0021	-0.0394999	2.30969e-05
-0.00205	-0.0394999	2.31863e-05
-0.002	-0.0394999	2.06829e-05
-0.002	-0.0399999	2.06233e-05
-0.00205	-0.0399999	1.99975e-05
-0.0021	-0.0399999	2.11896e-05
-0.00215	-0.0399999	2.3544e-05
-0.0022	-0.0399999	2.27095e-05
-0.00225	-0.0399999	2.0981e-05
-0.0023	-0.0399999	2.3693e-05
-0.00235	-0.0399999	2.28585e-05
-0.0024	-0.0399999	2.24711e-05
-0.00245	-0.0399999	2.13982e-05
-0.0025	-0.0399999	2.23221e-05
-0.00255	-0.0399999	2.42294e-05
-0.0026	-0.0399999	2.43188e-05
-0.00265	-0.0399999	2.63454e-05
-0.0027	-0.0399999	2.4289e-05
-0.00275	-0.0399999	2.44678e-05
-0.0028	-0.0399999	2.48851e-05
-0.00285	-0.0399999	2.68222e-05
-0.0029	-0.0399999	2.78653e-05
-0.00295	-0.0399999	2.78355e-05
-0.003	-0.0399999	2.78355e-05
-0.00305	-0.0399999	2.88786e-05
-0.0031	-0.0399999	3.01601e-05
-0.00315	-0.0399999	3.12033e-05
-0.0032	-0.0399999	3.14417e-05
-0.00325	-0.0399999	3.2753e-05
-0.0033	-0.0399999	3.27232e-05
-0.00335	-0.0399999	3.30808e-05
-0.0034	-0.0399999	3.22761e-05
-0.00345	-0.0399999	3.27828e-05
-0.0035	-0.0399999	3.54948e-05
-0.00355	-0.0399999	3.64187e-05
-0.0036	-0.0399999	3.83856e-05
-0.00365	-0.0399999	3.71637e-05
-0.0037	-0.0399999	3.73127e-05
-0.00375	-0.0399999	3.71339e-05
-0.0038	-0.0399999	3.91009e-05
-0.00385	-0.0399999	3.88625e-05
-0.0039	-0.0399999	3.98459e-05
-0.00395	-0.0399999	4.05612e-05
-0.004	-0.0399999	4.30646e-05
-0.00405	-0.0399999	4.12466e-05
-0.0041	-0.0399999	4.67303e-05
-0.00415	-0.0399999	4.8876e-05
-0.0042	-0.0399999	5.00681e-05
-0.00425	-0.0399999	4.98297e-05
-0.0043	-0.0399999	5.11112e-05
-0.00435	-0.0399999	5.37338e-05
-0.0044	-0.0399999	5.44193e-05
-0.00445	-0.0399999	5.51941e-05
-0.0045	-0.0399999	5.45385e-05
-0.00455	-0.0399999	5.75485e-05
-0.0046	-0.0399999	6.10356e-05
-0.00465	-0.0399999	6.00221e-05
-0.0047	-0.0399999	6.18105e-05
-0.00475	-0.0399999	6.34794e-05
-0.0048	-0.0399999	6.64e-05
-0.00485	-0.0399999	6.8218e-05
-0.0049	-0.0399999	6.94697e-05
-0.00495	-0.0399999	7.23903e-05
-0.005	-0.0399999	7.36122e-05
-0.00505	-0.0399999	7.62348e-05
-0.0051	-0.0399999	7.68905e-05
-0.00515	-0.0399999	7.80527e-05
-0.0052	-0.0399999	8.29105e-05
-0.00525	-0.0399999	8.42516e-05
-0.0053	-0.0399999	8.58908e-05
-0.00535	-0.0399999	8.96459e-05
-0.0054	-0.0399999	9.1732e-05
-0.00545	-0.0399999	9.77223e-05
-0.0055	-0.0399999	9.95104e-05
-0.00555	-0.0399999	0.000103176
-0.0056	-0.0399999	0.000107348
-0.00565	-0.0399999	0.000111491
-0.0057	-0.0399999	0.00011772
-0.00575	-0.0399999	0.000117749
-0.0058	-0.0399999	0.000124217
-0.00585	-0.0399999	0.000129522
-0.0059	-0.0399999	0.00013429
-0.00595	-0.0399999	0.000136972
-0.006	-0.0399999	0.000142277
-0.00605	-0.0399999	0.000147046
-0.0061	-0.0399999	0.000155062
-0.00615	-0.0399999	0.000160397
-0.0062	-0.0399999	0.000167222
-0.00625	-0.0399999	0.000174941
-0.0063	-0.0399999	0.000181348
-0.00635	-0.0399999	0.000191034
-0.0064	-0.0399999	0.000199587
-0.00645	-0.0399999	0.000205935
-0.0065	-0.0399999	0.000213415
-0.00655	-0.0399999	0.000215084
-0.0066	-0.0399999	0.000221998
-0.00665	-0.0399999	0.000224085
-0.0067	-0.0399999	0.000228018
-0.00675	-0.0399999	0.000227393
-0.0068	-0.0399999	0.000225515
-0.00685	-0.0399999	0.000223161
-0.0069	-0.0399999	0.000220568
-0.00695	-0.0399999	0.000216217
-0.007	-0.0399999	0.000215531
-0.00705	-0.0399999	0.000208528
-0.0071	-0.0399999	0.000207872
-0.00715	-0.0399999	0.000203819
-0.0072	-0.0399999	0.000199378
-0.00725	-0.0399999	0.000199796
-0.0073	-0.0399999	0.000195981
-0.00735	-0.0399999	0.00019464
-0.0074	-0.0399999	0.000193984
-0.00745	-0.0399999	0.000187934
-0.0075	-0.0399999	0.000183434
-0.00755	-0.0399999	0.000179172
-0.0076	-0.0399999	0.000173629
-0.00765	-0.0399999	0.000168056
-0.0077	-0.0399999	0.00016144
-0.00775	-0.0399999	0.000157566
-0.0078	-0.0399999	0.000149787
-0.00785	-0.0399999	0.000145645
-0.0079	-0.0399999	0.000142456
-0.00795	-0.0399999	0.000140012
-0.008	-0.0399999	0.000136227
-0.00805	-0.0399999	0.000130923
-0.0081	-0.0399999	0.000126631
-0.00815	-0.0399999	0.000125141
-0.0082	-0.0399999	0.000121892
-0.00825	-0.0399999	0.000119269
-0.0083	-0.0399999	0.000116557
-0.00835	-0.0399999	0.000114561
-0.0084	-0.0399999	0.000112415
-0.00845	-0.0399999	0.000110239
-0.0085	-0.0399999	0.000106156
-0.00855	-0.0399999	0.000103891
-0.0086	-0.0399999	0.000102967
-0.00865	-0.0399999	0.000100852
-0.0087	-0.0399999	9.86462e-05
-0.00875	-0.0399999	9.45334e-05
-0.0088	-0.0399999	9.27751e-05
-0.00885	-0.0399999	8.9616e-05
-0.0089	-0.0399999	8.53543e-05
-0.00895	-0.0399999	8.54735e-05
-0.009	-0.0399999	8.18078e-05
-0.00905	-0.0399999	7.82912e-05
-0.0091	-0.0399999	7.87978e-05
-0.00915	-0.0399999	7.51619e-05
-0.0092	-0.0399999	7.18539e-05
-0.00925	-0.0399999	7.0781e-05
-0.0093	-0.0399999	7.04234e-05
-0.00935	-0.0399999	7.00657e-05
-0.0094	-0.0399999	6.84862e-05
-0.00945	-0.0399999	6.57444e-05
-0.0095	-0.0399999	6.42543e-05
-0.00955	-0.0399999	6.30026e-05
-0.0096	-0.0399999	6.27046e-05
-0.00965	-0.0399999	6.15423e-05
-0.0097	-0.0399999	5.99625e-05
-0.00975	-0.0399999	5.86214e-05
-0.0098	-0.0399999	5.97539e-05
-0.00985	-0.0399999	5.87108e-05
-0.0099	-0.0399999	5.6416e-05
-0.00995	-0.0399999	5.6118e-05
-0.01	-0.0399999	5.5522e-05
-0.01005	-0.0399999	5.44789e-05
-0.0101	-0.0399999	5.4002e-05
-0.01015	-0.0399999	5.30186e-05
-0.0102	-0.0399999	5.28099e-05
-0.01025	-0.0399999	4.89356e-05
-0.0103	-0.0399999	5.0843e-05
-0.01035	-0.0399999	4.94721e-05
-0.0104	-0.0399999	5.23927e-05
-0.01045	-0.0399999	4.89953e-05
-0.0105	-0.0399999	4.82204e-05
-0.01055	-0.0399999	5.06046e-05
-0.0106	-0.0399999	4.80416e-05
-0.01065	-0.0399999	4.61938e-05
-0.0107	-0.0399999	4.86674e-05
-0.01075	-0.0399999	4.54786e-05
-0.0108	-0.0399999	4.46441e-05
-0.01085	-0.0399999	4.29156e-05
-0.0109	-0.0399999	4.44355e-05
-0.01095	-0.0399999	4.3005e-05
-0.011	-0.0399999	4.48229e-05
-0.01105	-0.0399999	4.22301e-05
-0.0111	-0.0399999	4.12466e-05
-0.01115	-0.0399999	4.1187e-05
-0.0112	-0.0399999	4.14553e-05
-0.01125	-0.0399999	3.99353e-05
-0.0113	-0.0399999	3.93095e-05
-0.01135	-0.0399999	4.01738e-05
-0.0114	-0.0399999	3.85346e-05
-0.01145	-0.0399999	3.99949e-05
-0.0115	-0.0399999	3.67465e-05
-0.01155	-0.0399999	3.71637e-05
-0.0116	-0.0399999	3.76704e-05
-0.01165	-0.0399999	3.65081e-05
-0.0117	-0.0399999	3.58822e-05
-0.01175	-0.0399999	3.70743e-05
-0.0118	-0.0399999	3.46603e-05
-0.01185	-0.0399999	3.55544e-05
-0.0119	-0.0399999	3.51372e-05
-0.01195	-0.0399999	3.53756e-05
-0.012	-0.0399999	3.51968e-05
-0.012	-0.0404999	4.41077e-05
-0.01195	-0.0404999	4.41971e-05
-0.0119	-0.0404999	4.22003e-05
-0.01185	-0.0404999	4.44057e-05
-0.0118	-0.0404999	4.47037e-05
-0.01175	-0.0404999	4.59554e-05
-0.0117	-0.0404999	4.61342e-05
-0.01165	-0.0404999	4.71475e-05
-0.0116	-0.0404999	4.67601e-05
-0.01155	-0.0404999	4.67601e-05
-0.0115	-0.0404999	4.74753e-05
-0.01145	-0.0404999	4.62534e-05
-0.0114	-0.0404999	4.71177e-05
-0.01135	-0.0404999	4.59256e-05
-0.0113	-0.0404999	4.95913e-05
-0.01125	-0.0404999	4.97403e-05
-0.0112	-0.0404999	4.54488e-05
-0.01115	-0.0404999	4.78628e-05
-0.0111	-0.0404999	4.57468e-05
-0.01105	-0.0404999	5.08132e-05
-0.011	-0.0404999	5.18265e-05
-0.01095	-0.0404999	5.26013e-05
-0.0109	-0.0404999	5.04258e-05
-0.01085	-0.0404999	5.3555e-05
-0.0108	-0.0404999	5.4002e-05
-0.01075	-0.0404999	5.68035e-05
-0.0107	-0.0404999	5.52537e-05
-0.01065	-0.0404999	5.56412e-05
-0.0106	-0.0404999	5.50451e-05
-0.01055	-0.0404999	5.37934e-05
-0.0105	-0.0404999	5.70121e-05
-0.01045	-0.0404999	5.63564e-05
-0.0104	-0.0404999	5.74591e-05
-0.01035	-0.0404999	5.8383e-05
-0.0103	-0.0404999	5.92472e-05
-0.01025	-0.0404999	6.01711e-05
-0.0102	-0.0404999	6.21681e-05
-0.01015	-0.0404999	6.36284e-05
-0.0101	-0.0404999	6.15125e-05
-0.01005	-0.0404999	6.13932e-05
-0.01	-0.0404999	6.38072e-05
-0.00995	-0.0404999	6.45523e-05
-0.0099	-0.0404999	6.50887e-05
-0.00985	-0.0404999	6.38668e-05
-0.0098	-0.0404999	6.67577e-05
-0.00975	-0.0404999	6.43139e-05
-0.0097	-0.0404999	6.67875e-05
-0.00965	-0.0404999	6.92015e-05
-0.0096	-0.0404999	7.14664e-05
-0.00955	-0.0404999	7.44765e-05
-0.0095	-0.0404999	7.5907e-05
-0.00945	-0.0404999	7.40592e-05
-0.0094	-0.0404999	7.88574e-05
-0.00935	-0.0404999	7.73375e-05
-0.0093	-0.0404999	8.4043e-05
-0.00925	-0.0404999	8.33576e-05
-0.0092	-0.0404999	8.81557e-05
-0.00915	-0.0404999	8.9169e-05
-0.0091	-0.0404999	9.1732e-05
-0.00905	-0.0404999	9.34904e-05
-0.009	-0.0404999	9.53679e-05
-0.00895	-0.0404999	9.70666e-05
-0.0089	-0.0404999	0.000100673
-0.00885	-0.0404999	0.00010416
-0.0088	-0.0404999	0.000108451
-0.00875	-0.0404999	0.000108809
-0.0087	-0.0404999	0.00011167
-0.00865	-0.0404999	0.000114322
-0.0086	-0.0404999	0.000117213
-0.00855	-0.0404999	0.00011924
-0.0085	-0.0404999	0.000124962
-0.00845	-0.0404999	0.00012672
-0.0084	-0.0404999	0.00012827
-0.00835	-0.0404999	0.000133486
-0.0083	-0.0404999	0.000138194
-0.00825	-0.0404999	0.000145287
-0.0082	-0.0404999	0.000147195
-0.00815	-0.0404999	0.000151486
-0.0081	-0.0404999	0.000157804
-0.00805	-0.0404999	0.000161112
-0.008	-0.0404999	0.000163198
-0.00795	-0.0404999	0.00016743
-0.0079	-0.0404999	0.000168563
-0.00785	-0.0404999	0.000170649
-0.0078	-0.0404999	0.000175298
-0.00775	-0.0404999	0.000178338
-0.0077	-0.0404999	0.000181885
-0.00765	-0.0404999	0.000186623
-0.0076	-0.0404999	0.000191034
-0.00755	-0.0404999	0.00019607
-0.0075	-0.0404999	0.0001992
-0.00745	-0.0404999	0.000204296
-0.0074	-0.0404999	0.000207932
-0.00735	-0.0404999	0.000213952
-0.0073	-0.0404999	0.000216008
-0.00725	-0.0404999	0.000217379
-0.0072	-0.0404999	0.000223578
-0.00715	-0.0404999	0.000222982
-0.0071	-0.0404999	0.000226409
-0.00705	-0.0404999	0.0002248
-0.007	-0.0404999	0.000225277
-0.00695	-0.0404999	0.000226022
-0.0069	-0.0404999	0.000220449
-0.00685	-0.0404999	0.000216843
-0.0068	-0.0404999	0.000213326
-0.00675	-0.0404999	0.000207067
-0.0067	-0.0404999	0.000201018
-0.00665	-0.0404999	0.000194849
-0.0066	-0.0404999	0.000191719
-0.00655	-0.0404999	0.000182481
-0.0065	-0.0404999	0.000180067
-0.00645	-0.0404999	0.000174196
-0.0064	-0.0404999	0.00016752
-0.00635	-0.0404999	0.000164748
-0.0063	-0.0404999	0.000160129
-0.00625	-0.0404999	0.000157387
-0.0062	-0.0404999	0.000152023
-0.00615	-0.0404999	0.000147165
-0.0061	-0.0404999	0.000144721
-0.00605	-0.0404999	0.000136764
-0.006	-0.0404999	0.000130982
-0.00595	-0.0404999	0.000127406
-0.0059	-0.0404999	0.000121266
-0.00585	-0.0404999	0.000116319
-0.0058	-0.0404999	0.000111491
-0.00575	-0.0404999	0.000107468
-0.0057	-0.0404999	0.000103415
-0.00565	-0.0404999	9.83481e-05
-0.0056	-0.0404999	9.4444e-05
-0.00555	-0.0404999	9.22983e-05
-0.0055	-0.0404999	8.84538e-05
-0.00545	-0.0404999	8.42218e-05
-0.0054	-0.0404999	8.04369e-05
-0.00535	-0.0404999	7.96025e-05
-0.0053	-0.0404999	7.5758e-05
-0.00525	-0.0404999	7.74269e-05
-0.0052	-0.0404999	7.35228e-05
-0.00515	-0.0404999	7.07214e-05
-0.0051	-0.0404999	6.97975e-05
-0.00505	-0.0404999	6.73239e-05
-0.005	-0.0404999	6.55954e-05
-0.00495	-0.0404999	6.63106e-05
-0.0049	-0.0404999	6.14231e-05
-0.00485	-0.0404999	6.10952e-05
-0.0048	-0.0404999	5.70121e-05
-0.00475	-0.0404999	5.65352e-05
-0.0047	-0.0404999	5.72207e-05
-0.00465	-0.0404999	5.46577e-05
-0.0046	-0.0404999	5.25417e-05
-0.00455	-0.0404999	5.10814e-05
-0.0045	-0.0404999	4.97999e-05
-0.00445	-0.0404999	4.83396e-05
-0.0044	-0.0404999	4.69687e-05
-0.00435	-0.0404999	4.56276e-05
-0.0043	-0.0404999	4.3601e-05
-0.00425	-0.0404999	4.19321e-05
-0.0042	-0.0404999	4.3303e-05
-0.00415	-0.0404999	4.08592e-05
-0.0041	-0.0404999	4.19321e-05
-0.00405	-0.0404999	4.02334e-05
-0.004	-0.0404999	3.82068e-05
-0.00395	-0.0404999	3.90413e-05
-0.0039	-0.0404999	3.8624e-05
-0.00385	-0.0404999	3.79386e-05
-0.0038	-0.0404999	3.65975e-05
-0.00375	-0.0404999	3.51968e-05
-0.0037	-0.0404999	3.51372e-05
-0.00365	-0.0404999	3.55544e-05
-0.0036	-0.0404999	3.52862e-05
-0.00355	-0.0404999	3.33788e-05
-0.0035	-0.0404999	3.09052e-05
-0.00345	-0.0404999	2.93554e-05
-0.0034	-0.0404999	2.70904e-05
-0.00335	-0.0404999	3.13821e-05
-0.0033	-0.0404999	2.93554e-05
-0.00325	-0.0404999	2.53917e-05
-0.0032	-0.0404999	2.68222e-05
-0.00315	-0.0404999	2.68222e-05
-0.0031	-0.0404999	2.46466e-05
-0.00305	-0.0404999	2.47956e-05
-0.003	-0.0404999	2.53917e-05
-0.00295	-0.0404999	2.4289e-05
-0.0029	-0.0404999	2.4587e-05
-0.00285	-0.0404999	2.54811e-05
-0.0028	-0.0404999	2.35738e-05
-0.00275	-0.0404999	2.33949e-05
-0.0027	-0.0404999	2.40208e-05
-0.00265	-0.0404999	2.21432e-05
-0.0026	-0.0404999	2.1875e-05
-0.00255	-0.0404999	2.24115e-05
-0.0025	-0.0404999	2.05935e-05
-0.00245	-0.0404999	2.06233e-05
-0.0024	-0.0404999	2.17856e-05
-0.00235	-0.0404999	2.21432e-05
-0.0023	-0.0404999	2.24115e-05
-0.00225	-0.0404999	2.14876e-05
-0.0022	-0.0404999	1.94908e-05
-0.00215	-0.0404999	2.19644e-05
-0.0021	-0.0404999	2.16068e-05
-0.00205	-0.0404999	2.06829e-05
-0.002	-0.0404999	2.05637e-05
-0.002	-0.0409999	1.84776e-05
-0.00205	-0.0409999	1.69278e-05
-0.0021	-0.0409999	1.74941e-05
-0.00215	-0.0409999	1.71961e-05
-0.0022	-0.0409999	1.9461e-05
-0.00225	-0.0409999	2.03253e-05
-0.0023	-0.0409999	2.04445e-05
-0.00235	-0.0409999	2.27691e-05
-0.0024	-0.0409999	1.99379e-05
-0.00245	-0.0409999	2.12194e-05
-0.0025	-0.0409999	2.09213e-05
-0.00255	-0.0409999	2.13386e-05
-0.0026	-0.0409999	2.16068e-05
-0.00265	-0.0409999	2.32459e-05
-0.0027	-0.0409999	2.22625e-05
-0.00275	-0.0409999	2.35738e-05
-0.0028	-0.0409999	2.27691e-05
-0.00285	-0.0409999	2.38718e-05
-0.0029	-0.0409999	2.31565e-05
-0.00295	-0.0409999	2.4587e-05
-0.003	-0.0409999	2.46764e-05
-0.00305	-0.0409999	2.32161e-05
-0.0031	-0.0409999	2.58983e-05
-0.00315	-0.0409999	2.54215e-05
-0.0032	-0.0409999	2.61666e-05
-0.00325	-0.0409999	2.37526e-05
-0.0033	-0.0409999	2.56599e-05
-0.00335	-0.0409999	2.75673e-05
-0.0034	-0.0409999	2.72096e-05
-0.00345	-0.0409999	2.65242e-05
-0.0035	-0.0409999	2.58983e-05
-0.00355	-0.0409999	2.77163e-05
-0.0036	-0.0409999	3.02793e-05
-0.00365	-0.0409999	2.99216e-05
-0.0037	-0.0409999	3.22761e-05
-0.00375	-0.0409999	3.11735e-05
-0.0038	-0.0409999	2.99515e-05
-0.00385	-0.0409999	3.2753e-05
-0.0039	-0.0409999	3.50776e-05
-0.00395	-0.0409999	3.50776e-05
-0.004	-0.0409999	3.4869e-05
-0.00405	-0.0409999	3.60312e-05
-0.0041	-0.0409999	3.82366e-05
-0.00415	-0.0409999	3.96969e-05
-0.0042	-0.0409999	4.09784e-05
-0.00425	-0.0409999	3.88029e-05
-0.0043	-0.0409999	4.40779e-05
-0.00435	-0.0409999	4.42269e-05
-0.0044	-0.0409999	4.49123e-05
-0.00445	-0.0409999	4.42865e-05
-0.0045	-0.0409999	4.38394e-05
-0.00455	-0.0409999	4.57766e-05
-0.0046	-0.0409999	4.88164e-05
-0.00465	-0.0409999	4.90251e-05
-0.0047	-0.0409999	4.99489e-05
-0.00475	-0.0409999	4.98297e-05
-0.0048	-0.0409999	5.14688e-05
-0.00485	-0.0409999	5.582e-05
-0.0049	-0.0409999	5.66246e-05
-0.00495	-0.0409999	5.70419e-05
-0.005	-0.0409999	6.08268e-05
-0.00505	-0.0409999	5.93069e-05
-0.0051	-0.0409999	6.3092e-05
-0.00515	-0.0409999	6.3092e-05
-0.0052	-0.0409999	6.80094e-05
-0.00525	-0.0409999	6.91717e-05
-0.0053	-0.0409999	7.01849e-05
-0.00535	-0.0409999	7.14664e-05
-0.0054	-0.0409999	7.66222e-05
-0.00545	-0.0409999	7.72183e-05
-0.0055	-0.0409999	7.78441e-05
-0.00555	-0.0409999	7.76355e-05
-0.0056	-0.0409999	8.25827e-05
-0.00565	-0.0409999	8.46987e-05
-0.0057	-0.0409999	8.69338e-05
-0.00575	-0.0409999	9.09274e-05
-0.0058	-0.0409999	9.39374e-05
-0.00585	-0.0409999	9.87654e-05
-0.0059	-0.0409999	0.000102103
-0.00595	-0.0409999	0.000105501
-0.006	-0.0409999	0.000107706
-0.00605	-0.0409999	0.000114799
-0.0061	-0.0409999	0.000119299
-0.00615	-0.0409999	0.000124306
-0.0062	-0.0409999	0.000129015
-0.00625	-0.0409999	0.000131608
-0.0063	-0.0409999	0.000140191
-0.00635	-0.0409999	0.00014332
-0.0064	-0.0409999	0.000151099
-0.00645	-0.0409999	0.000154347
-0.0065	-0.0409999	0.000158967
-0.00655	-0.0409999	0.000165732
-0.0066	-0.0409999	0.000167311
-0.00665	-0.0409999	0.000174583
-0.0067	-0.0409999	0.000178368
-0.00675	-0.0409999	0.000183226
-0.0068	-0.0409999	0.000186772
-0.00685	-0.0409999	0.000191093
-0.0069	-0.0409999	0.000195951
-0.00695	-0.0409999	0.000198931
-0.007	-0.0409999	0.000201584
-0.00705	-0.0409999	0.000204117
-0.0071	-0.0409999	0.000208915
-0.00715	-0.0409999	0.000212581
-0.0072	-0.0409999	0.000216157
-0.00725	-0.0409999	0.000219555
-0.0073	-0.0409999	0.000222743
-0.00735	-0.0409999	0.000223638
-0.0074	-0.0409999	0.000223906
-0.00745	-0.0409999	0.000223369
-0.0075	-0.0409999	0.000223965
-0.00755	-0.0409999	0.000223191
-0.0076	-0.0409999	0.000220955
-0.00765	-0.0409999	0.000216276
-0.0077	-0.0409999	0.000210495
-0.00775	-0.0409999	0.0002082
-0.0078	-0.0409999	0.000202925
-0.00785	-0.0409999	0.000196666
-0.0079	-0.0409999	0.000190855
-0.00795	-0.0409999	0.000186921
-0.008	-0.0409999	0.000184597
-0.00805	-0.0409999	0.000178368
-0.0081	-0.0409999	0.000175268
-0.00815	-0.0409999	0.000171603
-0.0082	-0.0409999	0.000166298
-0.00825	-0.0409999	0.00016299
-0.0083	-0.0409999	0.000160218
-0.00835	-0.0409999	0.000157387
-0.0084	-0.0409999	0.000156374
-0.00845	-0.0409999	0.000152291
-0.0085	-0.0409999	0.000150085
-0.00855	-0.0409999	0.000146152
-0.0086	-0.0409999	0.000144065
-0.00865	-0.0409999	0.000141294
-0.0087	-0.0409999	0.00013882
-0.00875	-0.0409999	0.000136078
-0.0088	-0.0409999	0.000131966
-0.00885	-0.0409999	0.000127734
-0.0089	-0.0409999	0.00012532
-0.00895	-0.0409999	0.000121654
-0.009	-0.0409999	0.000117362
-0.00905	-0.0409999	0.000112415
-0.0091	-0.0409999	0.000109882
-0.00915	-0.0409999	0.000107795
-0.0092	-0.0409999	0.000106067
-0.00925	-0.0409999	0.000103653
-0.0093	-0.0409999	9.9421e-05
-0.00935	-0.0409999	9.83779e-05
-0.0094	-0.0409999	9.53381e-05
-0.00945	-0.0409999	9.48017e-05
-0.0095	-0.0409999	9.23877e-05
-0.00955	-0.0409999	9.00333e-05
-0.0096	-0.0409999	8.59206e-05
-0.00965	-0.0409999	8.3745e-05
-0.0097	-0.0409999	8.38046e-05
-0.00975	-0.0409999	8.45199e-05
-0.0098	-0.0409999	8.10032e-05
-0.00985	-0.0409999	7.847e-05
-0.0099	-0.0409999	7.82018e-05
-0.00995	-0.0409999	7.60262e-05
-0.01	-0.0409999	7.52513e-05
-0.01005	-0.0409999	7.43275e-05
-0.0101	-0.0409999	7.27777e-05
-0.01015	-0.0409999	7.18837e-05
-0.0102	-0.0409999	6.98273e-05
-0.01025	-0.0409999	6.96783e-05
-0.0103	-0.0409999	6.97677e-05
-0.01035	-0.0409999	6.67577e-05
-0.0104	-0.0409999	6.83372e-05
-0.01045	-0.0409999	6.69067e-05
-0.0105	-0.0409999	6.60722e-05
-0.01055	-0.0409999	6.44331e-05
-0.0106	-0.0409999	6.6251e-05
-0.01065	-0.0409999	6.50291e-05
-0.0107	-0.0409999	6.34794e-05
-0.01075	-0.0409999	6.14529e-05
-0.0108	-0.0409999	6.16317e-05
-0.01085	-0.0409999	5.83234e-05
-0.0109	-0.0409999	6.1125e-05
-0.01095	-0.0409999	6.09162e-05
-0.011	-0.0409999	5.85916e-05
-0.01105	-0.0409999	5.96049e-05
-0.0111	-0.0409999	5.94857e-05
-0.01115	-0.0409999	5.96347e-05
-0.0112	-0.0409999	5.63862e-05
-0.01125	-0.0409999	5.48067e-05
-0.0113	-0.0409999	5.71611e-05
-0.01135	-0.0409999	5.30782e-05
-0.0114	-0.0409999	5.49259e-05
-0.01145	-0.0409999	5.5671e-05
-0.0115	-0.0409999	5.40914e-05
-0.01155	-0.0409999	5.47769e-05
-0.0116	-0.0409999	5.34954e-05
-0.01165	-0.0409999	5.34954e-05
-0.0117	-0.0409999	5.25715e-05
-0.01175	-0.0409999	5.0396e-05
-0.0118	-0.0409999	5.01277e-05
-0.01185	-0.0409999	5.30186e-05
-0.0119	-0.0409999	5.41809e-05
-0.01195	-0.0409999	5.12006e-05
-0.012	-0.0409999	4.99489e-05
-0.012	-0.0414999	5.78465e-05
-0.01195	-0.0414999	5.69227e-05
-0.0119	-0.0414999	6.06778e-05
-0.01185	-0.0414999	5.75187e-05
-0.0118	-0.0414999	6.14231e-05
-0.01175	-0.0414999	6.21085e-05
-0.0117	-0.0414999	6.2943e-05
-0.01165	-0.0414999	6.30622e-05
-0.0116	-0.0414999	6.5953e-05
-0.01155	-0.0414999	6.41649e-05
-0.0115	-0.0414999	6.58338e-05
-0.01145	-0.0414999	6.66087e-05
-0.0114	-0.0414999	6.67279e-05
-0.01135	-0.0414999	6.64298e-05
-0.0113	-0.0414999	6.65192e-05
-0.01125	-0.0414999	6.70259e-05
-0.0112	-0.0414999	6.60722e-05
-0.01115	-0.0414999	6.30622e-05
-0.0111	-0.0414999	6.86352e-05
-0.01105	-0.0414999	6.85458e-05
-0.011	-0.0414999	6.8963e-05
-0.01095	-0.0414999	7.07214e-05
-0.0109	-0.0414999	7.23009e-05
-0.01085	-0.0414999	7.01849e-05
-0.0108	-0.0414999	7.07214e-05
-0.01075	-0.0414999	7.21519e-05
-0.0107	-0.0414999	6.86948e-05
-0.01065	-0.0414999	7.1377e-05
-0.0106	-0.0414999	7.16751e-05
-0.01055	-0.0414999	7.37612e-05
-0.0105	-0.0414999	7.53407e-05
-0.01045	-0.0414999	7.48937e-05
-0.0104	-0.0414999	7.92746e-05
-0.01035	-0.0414999	7.97813e-05
-0.0103	-0.0414999	8.01091e-05
-0.01025	-0.0414999	8.24933e-05
-0.0102	-0.0414999	8.27019e-05
-0.01015	-0.0414999	8.67252e-05
-0.0101	-0.0414999	8.67848e-05
-0.01005	-0.0414999	8.8871e-05
-0.01	-0.0414999	9.33413e-05
-0.00995	-0.0414999	9.42354e-05
-0.0099	-0.0414999	9.28049e-05
-0.00985	-0.0414999	9.59639e-05
-0.0098	-0.0414999	9.89442e-05
-0.00975	-0.0414999	0.000102282
-0.0097	-0.0414999	0.0001041
-0.00965	-0.0414999	0.000105024
-0.0096	-0.0414999	0.000104517
-0.00955	-0.0414999	0.000107974
-0.0095	-0.0414999	0.000110239
-0.00945	-0.0414999	0.000114769
-0.0094	-0.0414999	0.000116051
-0.00935	-0.0414999	0.000120253
-0.0093	-0.0414999	0.000123651
-0.00925	-0.0414999	0.000123472
-0.0092	-0.0414999	0.000129432
-0.00915	-0.0414999	0.000131787
-0.0091	-0.0414999	0.000133515
-0.00905	-0.0414999	0.000139774
-0.009	-0.0414999	0.000141383
-0.00895	-0.0414999	0.000143797
-0.0089	-0.0414999	0.00014791
-0.00885	-0.0414999	0.000148953
-0.0088	-0.0414999	0.000150234
-0.00875	-0.0414999	0.00015238
-0.0087	-0.0414999	0.000156165
-0.00865	-0.0414999	0.000159205
-0.0086	-0.0414999	0.000162662
-0.00855	-0.0414999	0.000168295
-0.0085	-0.0414999	0.000171364
-0.00845	-0.0414999	0.000176669
-0.0084	-0.0414999	0.000181169
-0.00835	-0.0414999	0.000186265
-0.0083	-0.0414999	0.00019157
-0.00825	-0.0414999	0.000198782
-0.0082	-0.0414999	0.000205458
-0.00815	-0.0414999	0.000210763
-0.0081	-0.0414999	0.000219644
-0.00805	-0.0414999	0.000224949
-0.008	-0.0414999	0.000232906
-0.00795	-0.0414999	0.000236363
-0.0079	-0.0414999	0.000242055
-0.00785	-0.0414999	0.000242473
-0.0078	-0.0414999	0.000241281
-0.00775	-0.0414999	0.00023985
-0.0077	-0.0414999	0.000237049
-0.00765	-0.0414999	0.000233204
-0.0076	-0.0414999	0.000229032
-0.00755	-0.0414999	0.000223667
-0.0075	-0.0414999	0.000219406
-0.00745	-0.0414999	0.000215412
-0.0074	-0.0414999	0.000211091
-0.00735	-0.0414999	0.000207842
-0.0073	-0.0414999	0.000205428
-0.00725	-0.0414999	0.00019908
-0.0072	-0.0414999	0.000200869
-0.00715	-0.0414999	0.000196726
-0.0071	-0.0414999	0.000190617
-0.00705	-0.0414999	0.000192047
-0.007	-0.0414999	0.0001871
-0.00695	-0.0414999	0.000183822
-0.0069	-0.0414999	0.000180156
-0.00685	-0.0414999	0.000173003
-0.0068	-0.0414999	0.000166894
-0.00675	-0.0414999	0.000162215
-0.0067	-0.0414999	0.000157417
-0.00665	-0.0414999	0.000154288
-0.0066	-0.0414999	0.000143916
-0.00655	-0.0414999	0.000139506
-0.0065	-0.0414999	0.000135333
-0.00645	-0.0414999	0.000131221
-0.0064	-0.0414999	0.000128509
-0.00635	-0.0414999	0.000122757
-0.0063	-0.0414999	0.000119985
-0.00625	-0.0414999	0.000115008
-0.0062	-0.0414999	0.000111759
-0.00615	-0.0414999	0.000105381
-0.0061	-0.0414999	0.000104398
-0.00605	-0.0414999	9.91826e-05
-0.006	-0.0414999	9.58149e-05
-0.00595	-0.0414999	9.1732e-05
-0.0059	-0.0414999	8.78279e-05
-0.00585	-0.0414999	8.45497e-05
-0.0058	-0.0414999	8.33874e-05
-0.00575	-0.0414999	7.84104e-05
-0.0057	-0.0414999	7.53109e-05
-0.00565	-0.0414999	7.52811e-05
-0.0056	-0.0414999	7.14962e-05
-0.00555	-0.0414999	7.1228e-05
-0.0055	-0.0414999	6.76219e-05
-0.00545	-0.0414999	6.58338e-05
-0.0054	-0.0414999	6.27642e-05
-0.00535	-0.0414999	6.25853e-05
-0.0053	-0.0414999	5.84128e-05
-0.00525	-0.0414999	6.04691e-05
-0.0052	-0.0414999	5.97837e-05
-0.00515	-0.0414999	5.66246e-05
-0.0051	-0.0414999	5.63564e-05
-0.00505	-0.0414999	5.38232e-05
-0.005	-0.0414999	5.39424e-05
-0.00495	-0.0414999	5.25715e-05
-0.0049	-0.0414999	5.29292e-05
-0.00485	-0.0414999	5.07536e-05
-0.0048	-0.0414999	4.98893e-05
-0.00475	-0.0414999	4.67899e-05
-0.0047	-0.0414999	4.73859e-05
-0.00465	-0.0414999	4.75349e-05
-0.0046	-0.0414999	4.43461e-05
-0.00455	-0.0414999	4.48229e-05
-0.0045	-0.0414999	4.34818e-05
-0.00445	-0.0414999	4.03228e-05
-0.0044	-0.0414999	3.90413e-05
-0.00435	-0.0414999	4.08592e-05
-0.0043	-0.0414999	3.64187e-05
-0.00425	-0.0414999	3.56736e-05
-0.0042	-0.0414999	3.5614e-05
-0.00415	-0.0414999	3.57928e-05
-0.0041	-0.0414999	3.56438e-05
-0.00405	-0.0414999	3.29318e-05
-0.004	-0.0414999	3.19185e-05
-0.00395	-0.0414999	3.15907e-05
-0.0039	-0.0414999	3.01005e-05
-0.00385	-0.0414999	3.16205e-05
-0.0038	-0.0414999	2.89084e-05
-0.00375	-0.0414999	2.93256e-05
-0.0037	-0.0414999	2.92064e-05
-0.00365	-0.0414999	2.73885e-05
-0.0036	-0.0414999	2.79845e-05
-0.00355	-0.0414999	2.76865e-05
-0.0035	-0.0414999	2.42294e-05
-0.00345	-0.0414999	2.57791e-05
-0.0034	-0.0414999	2.90276e-05
-0.00335	-0.0414999	2.55705e-05
-0.0033	-0.0414999	2.51533e-05
-0.00325	-0.0414999	2.60473e-05
-0.0032	-0.0414999	2.37228e-05
-0.00315	-0.0414999	2.24711e-05
-0.0031	-0.0414999	2.39314e-05
-0.00305	-0.0414999	2.16366e-05
-0.003	-0.0414999	2.17558e-05
-0.00295	-0.0414999	2.23221e-05
-0.0029	-0.0414999	2.00571e-05
-0.00285	-0.0414999	2.23221e-05
-0.0028	-0.0414999	2.19346e-05
-0.00275	-0.0414999	2.15472e-05
-0.0027	-0.0414999	2.01465e-05
-0.00265	-0.0414999	1.8716e-05
-0.0026	-0.0414999	1.93716e-05
-0.00255	-0.0414999	2.07425e-05
-0.0025	-0.0414999	1.76431e-05
-0.00245	-0.0414999	1.68682e-05
-0.0024	-0.0414999	1.80901e-05
-0.00235	-0.0414999	1.73749e-05
-0.0023	-0.0414999	1.79411e-05
-0.00225	-0.0414999	1.80901e-05
-0.0022	-0.0414999	1.59444e-05
-0.00215	-0.0414999	1.5229e-05
-0.0021	-0.0414999	1.8865e-05
-0.00205	-0.0414999	1.54079e-05
-0.002	-0.0414999	1.71066e-05
-0.002	-0.0419999	1.57655e-05
-0.00205	-0.0419999	1.65702e-05
-0.0021	-0.0419999	1.78517e-05
-0.00215	-0.0419999	1.63914e-05
-0.0022	-0.0419999	1.56165e-05
-0.00225	-0.0419999	1.69278e-05
-0.0023	-0.0419999	1.94312e-05
-0.00235	-0.0419999	1.79709e-05
-0.0024	-0.0419999	1.62722e-05
-0.00245	-0.0419999	1.56761e-05
-0.0025	-0.0419999	1.78517e-05
-0.00255	-0.0419999	1.86862e-05
-0.0026	-0.0419999	1.86862e-05
-0.00265	-0.0419999	1.88054e-05
-0.0027	-0.0419999	1.83583e-05
-0.00275	-0.0419999	1.75835e-05
-0.0028	-0.0419999	1.77623e-05
-0.00285	-0.0419999	2.02955e-05
-0.0029	-0.0419999	1.99975e-05
-0.00295	-0.0419999	2.05935e-05
-0.003	-0.0419999	1.98485e-05
-0.00305	-0.0419999	2.07723e-05
-0.0031	-0.0419999	2.15174e-05
-0.00315	-0.0419999	2.06233e-05
-0.0032	-0.0419999	2.47062e-05
-0.00325	-0.0419999	2.27095e-05
-0.0033	-0.0419999	2.1726e-05
-0.00335	-0.0419999	2.36632e-05
-0.0034	-0.0419999	2.74481e-05
-0.00345	-0.0419999	2.49745e-05
-0.0035	-0.0419999	2.6852e-05
-0.00355	-0.0419999	2.72394e-05
-0.0036	-0.0419999	2.90872e-05
-0.00365	-0.0419999	2.9117e-05
-0.0037	-0.0419999	2.81335e-05
-0.00375	-0.0419999	2.89978e-05
-0.0038	-0.0419999	2.90872e-05
-0.00385	-0.0419999	3.16801e-05
-0.0039	-0.0419999	3.09946e-05
-0.00395	-0.0419999	3.02793e-05
-0.004	-0.0419999	3.23954e-05
-0.00405	-0.0419999	3.13523e-05
-0.0041	-0.0419999	3.25146e-05
-0.00415	-0.0419999	3.32894e-05
-0.0042	-0.0419999	3.62399e-05
-0.00425	-0.0419999	3.61803e-05
-0.0043	-0.0419999	3.45709e-05
-0.00435	-0.0419999	3.73127e-05
-0.0044	-0.0419999	3.78492e-05
-0.00445	-0.0419999	3.7879e-05
-0.0045	-0.0419999	3.85942e-05
-0.00455	-0.0419999	3.98757e-05
-0.0046	-0.0419999	4.20215e-05
-0.00465	-0.0419999	4.1038e-05
-0.0047	-0.0419999	4.19619e-05
-0.00475	-0.0419999	4.17533e-05
-0.0048	-0.0419999	4.60448e-05
-0.00485	-0.0419999	4.42269e-05
-0.0049	-0.0419999	4.64919e-05
-0.00495	-0.0419999	4.65217e-05
-0.005	-0.0419999	4.95913e-05
-0.00505	-0.0419999	4.8131e-05
-0.0051	-0.0419999	5.17967e-05
-0.00515	-0.0419999	5.43597e-05
-0.0052	-0.0419999	5.42107e-05
-0.00525	-0.0419999	5.3108e-05
-0.0053	-0.0419999	5.582e-05
-0.00535	-0.0419999	5.50451e-05
-0.0054	-0.0419999	5.59392e-05
-0.00545	-0.0419999	5.97837e-05
-0.0055	-0.0419999	6.01711e-05
-0.00555	-0.0419999	6.0946e-05
-0.0056	-0.0419999	6.39264e-05
-0.00565	-0.0419999	6.41649e-05
-0.0057	-0.0419999	6.6251e-05
-0.00575	-0.0419999	6.76517e-05
-0.0058	-0.0419999	7.09598e-05
-0.00585	-0.0419999	7.21221e-05
-0.0059	-0.0419999	7.61752e-05
-0.00595	-0.0419999	7.80229e-05
-0.006	-0.0419999	8.01091e-05
-0.00605	-0.0419999	8.29105e-05
-0.0061	-0.0419999	8.67252e-05
-0.00615	-0.0419999	9.08677e-05
-0.0062	-0.0419999	9.20598e-05
-0.00625	-0.0419999	9.55169e-05
-0.0063	-0.0419999	9.81395e-05
-0.00635	-0.0419999	0.000100941
-0.0064	-0.0419999	0.000106127
-0.00645	-0.0419999	0.000110001
-0.0065	-0.0419999	0.000115902
-0.00655	-0.0419999	0.000117451
-0.0066	-0.0419999	0.000121892
-0.00665	-0.0419999	0.000127048
-0.0067	-0.0419999	0.000130625
-0.00675	-0.0419999	0.000136913
-0.0068	-0.0419999	0.000140549
-0.00685	-0.0419999	0.000144483
-0.0069	-0.0419999	0.000147969
-0.00695	-0.0419999	0.000149519
-0.007	-0.0419999	0.00015837
-0.00705	-0.0419999	0.000160516
-0.0071	-0.0419999	0.000166566
-0.00715	-0.0419999	0.000175298
-0.0072	-0.0419999	0.000179381
-0.00725	-0.0419999	0.000182332
-0.0073	-0.0419999	0.000189961
-0.00735	-0.0419999	0.0001961
-0.0074	-0.0419999	0.000201614
-0.00745	-0.0419999	0.000203581
-0.0075	-0.0419999	0.000205577
-0.00755	-0.0419999	0.00021121
-0.0076	-0.0419999	0.000215323
-0.00765	-0.0419999	0.000216962
-0.0077	-0.0419999	0.000220598
-0.00775	-0.0419999	0.000225605
-0.0078	-0.0419999	0.000228048
-0.00785	-0.0419999	0.000231595
-0.0079	-0.0419999	0.000235678
-0.00795	-0.0419999	0.000235946
-0.008	-0.0419999	0.0002414
-0.00805	-0.0419999	0.000242175
-0.0081	-0.0419999	0.000243665
-0.00815	-0.0419999	0.000242711
-0.0082	-0.0419999	0.000242175
-0.00825	-0.0419999	0.000239194
-0.0083	-0.0419999	0.000236184
-0.00835	-0.0419999	0.000230283
-0.0084	-0.0419999	0.000222893
-0.00845	-0.0419999	0.000216366
-0.0085	-0.0419999	0.000211419
-0.00855	-0.0419999	0.000204832
-0.0086	-0.0419999	0.000194163
-0.00865	-0.0419999	0.000188679
-0.0087	-0.0419999	0.000183971
-0.00875	-0.0419999	0.000179202
-0.0088	-0.0419999	0.000174881
-0.00885	-0.0419999	0.000171036
-0.0089	-0.0419999	0.000165672
-0.00895	-0.0419999	0.000162841
-0.009	-0.0419999	0.000160099
-0.00905	-0.0419999	0.000157834
-0.0091	-0.0419999	0.000154884
-0.00915	-0.0419999	0.000153572
-0.0092	-0.0419999	0.000150413
-0.00925	-0.0419999	0.000149787
-0.0093	-0.0419999	0.000149221
-0.00935	-0.0419999	0.000147969
-0.0094	-0.0419999	0.000146181
-0.00945	-0.0419999	0.000141324
-0.0095	-0.0419999	0.000136764
-0.00955	-0.0419999	0.000132681
-0.0096	-0.0419999	0.000130118
-0.00965	-0.0419999	0.000128151
-0.0097	-0.0419999	0.000125171
-0.00975	-0.0419999	0.000123055
-0.0098	-0.0419999	0.000118375
-0.00985	-0.0419999	0.000116021
-0.0099	-0.0419999	0.000114799
-0.00995	-0.0419999	0.000111342
-0.01	-0.0419999	0.000106782
-0.01005	-0.0419999	0.000105054
-0.0101	-0.0419999	0.00010258
-0.01015	-0.0419999	0.000100434
-0.0102	-0.0419999	0.000100762
-0.01025	-0.0419999	9.59341e-05
-0.0103	-0.0419999	9.69176e-05
-0.01035	-0.0419999	9.63216e-05
-0.0104	-0.0419999	9.53083e-05
-0.01045	-0.0419999	9.45334e-05
-0.0105	-0.0419999	9.06591e-05
-0.01055	-0.0419999	9.00333e-05
-0.0106	-0.0419999	9.02419e-05
-0.01065	-0.0419999	8.80067e-05
-0.0107	-0.0419999	8.57715e-05
-0.01075	-0.0419999	8.38046e-05
-0.0108	-0.0419999	8.25231e-05
-0.01085	-0.0419999	8.0884e-05
-0.0109	-0.0419999	8.24039e-05
-0.01095	-0.0419999	7.98409e-05
-0.011	-0.0419999	7.8172e-05
-0.01105	-0.0419999	7.73971e-05
-0.0111	-0.0419999	7.60858e-05
-0.01115	-0.0419999	7.6354e-05
-0.0112	-0.0419999	7.54599e-05
-0.01125	-0.0419999	7.45063e-05
-0.0113	-0.0419999	7.65328e-05
-0.01135	-0.0419999	7.6056e-05
-0.0114	-0.0419999	7.54003e-05
-0.01145	-0.0419999	7.53407e-05
-0.0115	-0.0419999	7.6652e-05
-0.01155	-0.0419999	7.31056e-05
-0.0116	-0.0419999	7.30758e-05
-0.01165	-0.0419999	7.49533e-05
-0.0117	-0.0419999	7.50427e-05
-0.01175	-0.0419999	7.43275e-05
-0.0118	-0.0419999	7.49533e-05
-0.01185	-0.0419999	7.34036e-05
-0.0119	-0.0419999	7.35526e-05
-0.01195	-0.0419999	7.10194e-05
-0.012	-0.0419999	7.05724e-05
-0.012	-0.0424999	8.74107e-05
-0.01195	-0.0424999	8.73809e-05
-0.0119	-0.0424999	8.73511e-05
-0.01185	-0.0424999	8.49371e-05
-0.0118	-0.0424999	8.61888e-05
-0.01175	-0.0424999	8.62186e-05
-0.0117	-0.0424999	8.60398e-05
-0.01165	-0.0424999	8.51755e-05
-0.0116	-0.0424999	8.69338e-05
-0.01155	-0.0424999	8.50265e-05
-0.0115	-0.0424999	8.46987e-05
-0.01145	-0.0424999	8.32682e-05
-0.0114	-0.0424999	8.46093e-05
-0.01135	-0.0424999	8.47583e-05
-0.0113	-0.0424999	8.78577e-05
-0.01125	-0.0424999	9.00035e-05
-0.0112	-0.0424999	9.03015e-05
-0.01115	-0.0424999	9.15532e-05
-0.0111	-0.0424999	9.40864e-05
-0.01105	-0.0424999	9.46526e-05
-0.011	-0.0424999	9.69474e-05
-0.01095	-0.0424999	9.80501e-05
-0.0109	-0.0424999	0.00010115
-0.01085	-0.0424999	0.000103474
-0.0108	-0.0424999	0.000102818
-0.01075	-0.0424999	0.000104309
-0.0107	-0.0424999	0.000104309
-0.01065	-0.0424999	0.000105709
-0.0106	-0.0424999	0.000108243
-0.01055	-0.0424999	0.000109286
-0.0105	-0.0424999	0.000111104
-0.01045	-0.0424999	0.00011307
-0.0104	-0.0424999	0.000113994
-0.01035	-0.0424999	0.000114322
-0.0103	-0.0424999	0.000116051
-0.01025	-0.0424999	0.000119359
-0.0102	-0.0424999	0.000121922
-0.01015	-0.0424999	0.000121892
-0.0101	-0.0424999	0.000125528
-0.01005	-0.0424999	0.000126899
-0.01	-0.0424999	0.000128896
-0.00995	-0.0424999	0.000132204
-0.0099	-0.0424999	0.000135154
-0.00985	-0.0424999	0.0001359
-0.0098	-0.0424999	0.000138582
-0.00975	-0.0424999	0.000139774
-0.0097	-0.0424999	0.000140877
-0.00965	-0.0424999	0.00014487
-0.0096	-0.0424999	0.000149013
-0.00955	-0.0424999	0.000149221
-0.0095	-0.0424999	0.000153364
-0.00945	-0.0424999	0.000156105
-0.0094	-0.0424999	0.000158937
-0.00935	-0.0424999	0.00016144
-0.0093	-0.0424999	0.000163705
-0.00925	-0.0424999	0.000168056
-0.0092	-0.0424999	0.000171931
-0.00915	-0.0424999	0.000178904
-0.0091	-0.0424999	0.000183971
-0.00905	-0.0424999	0.000187845
-0.009	-0.0424999	0.000193537
-0.00895	-0.0424999	0.000203521
-0.0089	-0.0424999	0.000208766
-0.00885	-0.0424999	0.000214518
-0.0088	-0.0424999	0.00021881
-0.00875	-0.0424999	0.000225545
-0.0087	-0.0424999	0.000229896
-0.00865	-0.0424999	0.000231535
-0.0086	-0.0424999	0.000235499
-0.00855	-0.0424999	0.000236333
-0.0085	-0.0424999	0.000237764
-0.00845	-0.0424999	0.000235171
-0.0084	-0.0424999	0.000235469
-0.00835	-0.0424999	0.000234247
-0.0083	-0.0424999	0.000234396
-0.00825	-0.0424999	0.000233025
-0.0082	-0.0424999	0.000233025
-0.00815	-0.0424999	0.000230194
-0.0081	-0.0424999	0.000228317
-0.00805	-0.0424999	0.000227452
-0.008	-0.0424999	0.000225634
-0.00795	-0.0424999	0.000222147
-0.0079	-0.0424999	0.000217319
-0.00785	-0.0424999	0.000214667
-0.0078	-0.0424999	0.000209452
-0.00775	-0.0424999	0.000206024
-0.0077	-0.0424999	0.000200869
-0.00765	-0.0424999	0.000198037
-0.0076	-0.0424999	0.000191689
-0.00755	-0.0424999	0.000186027
-0.0075	-0.0424999	0.000181616
-0.00745	-0.0424999	0.000176788
-0.0074	-0.0424999	0.000177951
-0.00735	-0.0424999	0.000171483
-0.0073	-0.0424999	0.000166775
-0.00725	-0.0424999	0.000164957
-0.0072	-0.0424999	0.000158251
-0.00715	-0.0424999	0.000152976
-0.0071	-0.0424999	0.000143857
-0.00705	-0.0424999	0.000140608
-0.007	-0.0424999	0.000136198
-0.00695	-0.0424999	0.000131995
-0.0069	-0.0424999	0.000125737
-0.00685	-0.0424999	0.000120163
-0.0068	-0.0424999	0.000116498
-0.00675	-0.0424999	0.000112504
-0.0067	-0.0424999	0.000107617
-0.00665	-0.0424999	0.00010404
-0.0066	-0.0424999	0.000101477
-0.00655	-0.0424999	9.78415e-05
-0.0065	-0.0424999	9.53679e-05
-0.00645	-0.0424999	9.50699e-05
-0.0064	-0.0424999	8.902e-05
-0.00635	-0.0424999	8.51755e-05
-0.0063	-0.0424999	8.35662e-05
-0.00625	-0.0424999	8.01389e-05
-0.0062	-0.0424999	7.68905e-05
-0.00615	-0.0424999	7.55792e-05
-0.0061	-0.0424999	7.28671e-05
-0.00605	-0.0424999	7.04234e-05
-0.006	-0.0424999	6.93207e-05
-0.00595	-0.0424999	6.76517e-05
-0.0059	-0.0424999	6.92015e-05
-0.00585	-0.0424999	6.41351e-05
-0.0058	-0.0424999	6.61914e-05
-0.00575	-0.0424999	6.49099e-05
-0.0057	-0.0424999	6.15125e-05
-0.00565	-0.0424999	6.18701e-05
-0.0056	-0.0424999	6.01413e-05
-0.00555	-0.0424999	5.79061e-05
-0.0055	-0.0424999	5.62372e-05
-0.00545	-0.0424999	5.33166e-05
-0.0054	-0.0424999	5.33762e-05
-0.00535	-0.0424999	5.28398e-05
-0.0053	-0.0424999	5.00979e-05
-0.00525	-0.0424999	4.95913e-05
-0.0052	-0.0424999	4.59256e-05
-0.00515	-0.0424999	4.69687e-05
-0.0051	-0.0424999	4.52402e-05
-0.00505	-0.0424999	4.44951e-05
-0.005	-0.0424999	4.36904e-05
-0.00495	-0.0424999	4.30944e-05
-0.0049	-0.0424999	4.20513e-05
-0.00485	-0.0424999	4.0293e-05
-0.0048	-0.0424999	4.02632e-05
-0.00475	-0.0424999	3.92201e-05
-0.0047	-0.0424999	3.98459e-05
-0.00465	-0.0424999	3.68061e-05
-0.0046	-0.0424999	3.77598e-05
-0.00455	-0.0424999	3.90711e-05
-0.0045	-0.0424999	3.72829e-05
-0.00445	-0.0424999	3.52266e-05
-0.0044	-0.0424999	3.89221e-05
-0.00435	-0.0424999	3.72233e-05
-0.0043	-0.0424999	3.93095e-05
-0.00425	-0.0424999	3.65081e-05
-0.0042	-0.0424999	3.64783e-05
-0.00415	-0.0424999	3.31702e-05
-0.0041	-0.0424999	3.35278e-05
-0.00405	-0.0424999	3.48391e-05
-0.004	-0.0424999	3.41537e-05
-0.00395	-0.0424999	3.2604e-05
-0.0039	-0.0424999	3.12927e-05
-0.00385	-0.0424999	2.94448e-05
-0.0038	-0.0424999	2.96534e-05
-0.00375	-0.0424999	2.80143e-05
-0.0037	-0.0424999	2.74779e-05
-0.00365	-0.0424999	2.67924e-05
-0.0036	-0.0424999	2.81037e-05
-0.00355	-0.0424999	2.58685e-05
-0.0035	-0.0424999	2.49149e-05
-0.00345	-0.0424999	2.39612e-05
-0.0034	-0.0424999	2.34545e-05
-0.00335	-0.0424999	2.2173e-05
-0.0033	-0.0424999	2.19346e-05
-0.00325	-0.0424999	2.43784e-05
-0.0032	-0.0424999	2.23519e-05
-0.00315	-0.0424999	2.1279e-05
-0.0031	-0.0424999	2.1279e-05
-0.00305	-0.0424999	2.10406e-05
-0.003	-0.0424999	1.99975e-05
-0.00295	-0.0424999	1.98485e-05
-0.0029	-0.0424999	1.87756e-05
-0.00285	-0.0424999	1.9163e-05
-0.0028	-0.0424999	1.89544e-05
-0.00275	-0.0424999	1.65106e-05
-0.0027	-0.0424999	1.8418e-05
-0.00265	-0.0424999	1.74047e-05
-0.0026	-0.0424999	2.00273e-05
-0.00255	-0.0424999	1.9014e-05
-0.0025	-0.0424999	1.49608e-05
-0.00245	-0.0424999	1.74643e-05
-0.0024	-0.0424999	1.67788e-05
-0.00235	-0.0424999	1.82689e-05
-0.0023	-0.0424999	1.58251e-05
-0.00225	-0.0424999	1.73749e-05
-0.0022	-0.0424999	1.54377e-05
-0.00215	-0.0424999	1.76431e-05
-0.0021	-0.0424999	1.45436e-05
-0.00205	-0.0424999	1.79113e-05
-0.002	-0.0424999	1.51098e-05
-0.002	-0.0429999	1.66298e-05
-0.00205	-0.0429999	1.47224e-05
-0.0021	-0.0429999	1.53781e-05
-0.00215	-0.0429999	1.58251e-05
-0.0022	-0.0429999	1.65404e-05
-0.00225	-0.0429999	1.6153e-05
-0.0023	-0.0429999	1.68086e-05
-0.00235	-0.0429999	1.7047e-05
-0.0024	-0.0429999	1.96696e-05
-0.00245	-0.0429999	1.77921e-05
-0.0025	-0.0429999	1.79411e-05
-0.00255	-0.0429999	1.63318e-05
-0.0026	-0.0429999	1.78815e-05
-0.00265	-0.0429999	1.79709e-05
-0.0027	-0.0429999	1.70768e-05
-0.00275	-0.0429999	1.89246e-05
-0.0028	-0.0429999	1.89246e-05
-0.00285	-0.0429999	2.12492e-05
-0.0029	-0.0429999	2.03551e-05
-0.00295	-0.0429999	2.34545e-05
-0.003	-0.0429999	2.05935e-05
-0.00305	-0.0429999	1.97889e-05
-0.0031	-0.0429999	2.03253e-05
-0.00315	-0.0429999	2.19048e-05
-0.0032	-0.0429999	2.46764e-05
-0.00325	-0.0429999	2.37824e-05
-0.0033	-0.0429999	2.48255e-05
-0.00335	-0.0429999	2.25605e-05
-0.0034	-0.0429999	2.4289e-05
-0.00345	-0.0429999	2.59579e-05
-0.0035	-0.0429999	2.37526e-05
-0.00355	-0.0429999	2.71202e-05
-0.0036	-0.0429999	2.3991e-05
-0.00365	-0.0429999	2.55705e-05
-0.0037	-0.0429999	2.79547e-05
-0.00375	-0.0429999	2.82825e-05
-0.0038	-0.0429999	2.64944e-05
-0.00385	-0.0429999	2.93852e-05
-0.0039	-0.0429999	3.02495e-05
-0.00395	-0.0429999	3.15609e-05
-0.004	-0.0429999	3.04879e-05
-0.00405	-0.0429999	3.44219e-05
-0.0041	-0.0429999	3.03985e-05
-0.00415	-0.0429999	3.32e-05
-0.0042	-0.0429999	3.26636e-05
-0.00425	-0.0429999	3.2604e-05
-0.0043	-0.0429999	3.68061e-05
-0.00435	-0.0429999	3.79088e-05
-0.0044	-0.0429999	3.74916e-05
-0.00445	-0.0429999	3.57034e-05
-0.0045	-0.0429999	3.60908e-05
-0.00455	-0.0429999	3.70743e-05
-0.0046	-0.0429999	3.68359e-05
-0.00465	-0.0429999	3.97267e-05
-0.0047	-0.0429999	3.75214e-05
-0.00475	-0.0429999	3.76108e-05
-0.0048	-0.0429999	3.74618e-05
-0.00485	-0.0429999	3.93989e-05
-0.0049	-0.0429999	3.82366e-05
-0.00495	-0.0429999	3.87433e-05
-0.005	-0.0429999	3.93989e-05
-0.00505	-0.0429999	4.13063e-05
-0.0051	-0.0429999	4.33328e-05
-0.00515	-0.0429999	4.25878e-05
-0.0052	-0.0429999	4.38096e-05
-0.00525	-0.0429999	4.74455e-05
-0.0053	-0.0429999	4.68197e-05
-0.00535	-0.0429999	4.80714e-05
-0.0054	-0.0429999	4.72369e-05
-0.00545	-0.0429999	4.90847e-05
-0.0055	-0.0429999	5.13794e-05
-0.00555	-0.0429999	5.3853e-05
-0.0056	-0.0429999	5.47769e-05
-0.00565	-0.0429999	5.28696e-05
-0.0057	-0.0429999	5.50749e-05
-0.00575	-0.0429999	5.62372e-05
-0.0058	-0.0429999	5.88896e-05
-0.00585	-0.0429999	6.05586e-05
-0.0059	-0.0429999	6.28238e-05
-0.00595	-0.0429999	6.25257e-05
-0.006	-0.0429999	6.63404e-05
-0.00605	-0.0429999	6.65192e-05
-0.0061	-0.0429999	6.69365e-05
-0.00615	-0.0429999	6.99763e-05
-0.0062	-0.0429999	7.13174e-05
-0.00625	-0.0429999	6.99763e-05
-0.0063	-0.0429999	7.17943e-05
-0.00635	-0.0429999	7.53705e-05
-0.0064	-0.0429999	7.6205e-05
-0.00645	-0.0429999	7.96025e-05
-0.0065	-0.0429999	8.00495e-05
-0.00655	-0.0429999	8.40728e-05
-0.0066	-0.0429999	8.88412e-05
-0.00665	-0.0429999	9.00333e-05
-0.0067	-0.0429999	9.71858e-05
-0.00675	-0.0429999	9.85567e-05
-0.0068	-0.0429999	0.000101418
-0.00685	-0.0429999	0.000104815
-0.0069	-0.0429999	0.000107766
-0.00695	-0.0429999	0.00011164
-0.007	-0.0429999	0.000114084
-0.00705	-0.0429999	0.000119567
-0.0071	-0.0429999	0.000119955
-0.00715	-0.0429999	0.000125051
-0.0072	-0.0429999	0.00012827
-0.00725	-0.0429999	0.000131906
-0.0073	-0.0429999	0.000137151
-0.00735	-0.0429999	0.000140817
-0.0074	-0.0429999	0.00014645
-0.00745	-0.0429999	0.000150622
-0.0075	-0.0429999	0.000155956
-0.00755	-0.0429999	0.000161172
-0.0076	-0.0429999	0.000164152
-0.00765	-0.0429999	0.000170619
-0.0077	-0.0429999	0.000174315
-0.00775	-0.0429999	0.000176788
-0.0078	-0.0429999	0.000183822
-0.00785	-0.0429999	0.00018707
-0.0079	-0.0429999	0.000191481
-0.00795	-0.0429999	0.000196845
-0.008	-0.0429999	0.000204087
-0.00805	-0.0429999	0.000211329
-0.0081	-0.0429999	0.000217081
-0.00815	-0.0429999	0.000221611
-0.0082	-0.0429999	0.000225575
-0.00825	-0.0429999	0.000232399
-0.0083	-0.0429999	0.000236214
-0.00835	-0.0429999	0.000237049
-0.0084	-0.0429999	0.000238777
-0.00845	-0.0429999	0.000241847
-0.0085	-0.0429999	0.000242026
-0.00855	-0.0429999	0.000245662
-0.0086	-0.0429999	0.000245126
-0.00865	-0.0429999	0.000244142
-0.0087	-0.0429999	0.000243665
-0.00875	-0.0429999	0.000241936
-0.0088	-0.0429999	0.000241877
-0.00885	-0.0429999	0.00024137
-0.0089	-0.0429999	0.000239522
-0.00895	-0.0429999	0.000237764
-0.009	-0.0429999	0.000233383
-0.00905	-0.0429999	0.000228525
-0.0091	-0.0429999	0.000224263
-0.00915	-0.0429999	0.000217737
-0.0092	-0.0429999	0.000213386
-0.00925	-0.0429999	0.000207902
-0.0093	-0.0429999	0.00020063
-0.00935	-0.0429999	0.000194044
-0.0094	-0.0429999	0.000187398
-0.00945	-0.0429999	0.000182957
-0.0095	-0.0429999	0.000175
-0.00955	-0.0429999	0.000171394
-0.0096	-0.0429999	0.00016752
-0.00965	-0.0429999	0.000163735
-0.0097	-0.0429999	0.000158847
-0.00975	-0.0429999	0.000159056
-0.0098	-0.0429999	0.000156374
-0.00985	-0.0429999	0.00015548
-0.0099	-0.0429999	0.000152142
-0.00995	-0.0429999	0.000150562
-0.01	-0.0429999	0.000148118
-0.01005	-0.0429999	0.000151456
-0.0101	-0.0429999	0.000149936
-0.01015	-0.0429999	0.00014788
-0.0102	-0.0429999	0.000145138
-0.01025	-0.0429999	0.00014183
-0.0103	-0.0429999	0.000144483
-0.01035	-0.0429999	0.000141532
-0.0104	-0.0429999	0.000139923
-0.01045	-0.0429999	0.000133694
-0.0105	-0.0429999	0.000131548
-0.01055	-0.0429999	0.00012979
-0.0106	-0.0429999	0.000127078
-0.01065	-0.0429999	0.000124545
-0.0107	-0.0429999	0.000124902
-0.01075	-0.0429999	0.000121654
-0.0108	-0.0429999	0.000119865
-0.01085	-0.0429999	0.000117988
-0.0109	-0.0429999	0.00011766
-0.01095	-0.0429999	0.000118405
-0.011	-0.0429999	0.000116915
-0.01105	-0.0429999	0.000112594
-0.0111	-0.0429999	0.000113369
-0.01115	-0.0429999	0.000109375
-0.0112	-0.0429999	0.000107944
-0.01125	-0.0429999	0.000109405
-0.0113	-0.0429999	0.000109852
-0.01135	-0.0429999	0.000107497
-0.0114	-0.0429999	0.000106931
-0.01145	-0.0429999	0.000104547
-0.0115	-0.0429999	0.000105858
-0.01155	-0.0429999	0.000105501
-0.0116	-0.0429999	0.000103236
-0.01165	-0.0429999	0.000101746
-0.0117	-0.0429999	0.000102699
-0.01175	-0.0429999	0.0001041
-0.0118	-0.0429999	0.000100822
-0.01185	-0.0429999	0.000102431
-0.0119	-0.0429999	9.93614e-05
-0.01195	-0.0429999	0.000103266
-0.012	-0.0429999	0.000101328
