lens at 7.3 mm Zrof film
X-pos [um], Y-pos [um], Voltage [V]
0	0.0	0.0011223
300	0.0	0.0011799
600	0.0	0.0012657
900	0.0	0.0013947
1200	0.0	0.0015954
1500	0.0	0.0018906
1800	0.0	0.0022344
2100	0.0	0.0024054
2400	0.0	0.0023037
2700	0.0	0.0020124
3000	0.0	0.0017514
3300	0.0	0.0015327
3600	0.0	0.0013776
3900	0.0	0.0012723
4200	0.0	0.0011988
4500	0.0	0.0011319
4800	0.0	0.0010731
5100	0.0	0.0010158
5400	0.0	0.0009804
5700	0.0	0.0009657
6000	0.0	0.0009768
6000	-300.0	0.0009915
5700	-300.0	0.0009741
5400	-300.0	0.0009837
5100	-300.0	0.0010056
4800	-300.0	0.0010548
4500	-300.0	0.0011088
4200	-300.0	0.0011688
3900	-300.0	0.0012438
3600	-300.0	0.0013461
3300	-300.0	0.0014958
3000	-300.0	0.0016884
2700	-300.0	0.0019509
2400	-300.0	0.0022101
2100	-300.0	0.0022743
1800	-300.0	0.0021363
1500	-300.0	0.0018426
1200	-300.0	0.001569
900	-300.0	0.0013641
600	-300.0	0.0012378
300	-300.0	0.0011571
0	-300.0	0.0010986
0	-600.0	0.0010767
300	-600.0	0.0011334
600	-600.0	0.0012069
900	-600.0	0.0013302
1200	-600.0	0.001515
1500	-600.0	0.0017748
1800	-600.0	0.0020697
2100	-600.0	0.0021867
2400	-600.0	0.0021147
2700	-600.0	0.0018858
3000	-600.0	0.001662
3300	-600.0	0.001464
3600	-600.0	0.0013221
3900	-600.0	0.0012246
4200	-600.0	0.0011499
4500	-600.0	0.0010899
4800	-600.0	0.0010332
5100	-600.0	0.0009876
5400	-600.0	0.0009597
5700	-600.0	0.0009576
6000	-600.0	0.0009657
6000	-900.0	0.0009729
5700	-900.0	0.0009684
5400	-900.0	0.0009684
5100	-900.0	0.0009861
4800	-900.0	0.00102
4500	-900.0	0.0010641
4200	-900.0	0.0011184
3900	-900.0	0.0011874
3600	-900.0	0.0012831
3300	-900.0	0.0014208
3000	-900.0	0.0016014
2700	-900.0	0.0018144
2400	-900.0	0.0020322
2100	-900.0	0.0020997
1800	-900.0	0.0019791
1500	-900.0	0.0017307
1200	-900.0	0.0014766
900	-900.0	0.0013035
600	-900.0	0.0011862
300	-900.0	0.0011133
0	-900.0	0.0010551
0	-1200.0	0.001032
300	-1200.0	0.0010821
600	-1200.0	0.0011562
900	-1200.0	0.0012672
1200	-1200.0	0.0014316
1500	-1200.0	0.0016605
1800	-1200.0	0.0018972
2100	-1200.0	0.0020229
2400	-1200.0	0.0019599
2700	-1200.0	0.0017649
3000	-1200.0	0.0015693
3300	-1200.0	0.0013989
3600	-1200.0	0.0012618
3900	-1200.0	0.0011694
4200	-1200.0	0.0010974
4500	-1200.0	0.00105
4800	-1200.0	0.0010131
5100	-1200.0	0.0009855
5400	-1200.0	0.0009756
5700	-1200.0	0.000978
6000	-1200.0	0.0009894
6000	-1500.0	0.0010053
5700	-1500.0	0.0009924
5400	-1500.0	0.0009879
5100	-1500.0	0.0009999
4800	-1500.0	0.0010185
4500	-1500.0	0.0010416
4200	-1500.0	0.0010776
3900	-1500.0	0.0011352
3600	-1500.0	0.0012228
3300	-1500.0	0.0013542
3000	-1500.0	0.0015219
2700	-1500.0	0.0017151
2400	-1500.0	0.0018975
2100	-1500.0	0.00192
1800	-1500.0	0.0018129
1500	-1500.0	0.0016038
1200	-1500.0	0.0013956
900	-1500.0	0.0012423
600	-1500.0	0.001131
300	-1500.0	0.0010572
0	-1500.0	0.0010032
0	-1800.0	0.000981
300	-1800.0	0.0010338
600	-1800.0	0.0011031
900	-1800.0	0.0012132
1200	-1800.0	0.0013644
1500	-1800.0	0.001554
1800	-1800.0	0.0017271
2100	-1800.0	0.0018423
2400	-1800.0	0.001824
2700	-1800.0	0.0016662
3000	-1800.0	0.0014892
3300	-1800.0	0.001326
3600	-1800.0	0.0012069
3900	-1800.0	0.0011259
4200	-1800.0	0.0010677
4500	-1800.0	0.0010377
4800	-1800.0	0.0010227
5100	-1800.0	0.0010059
5400	-1800.0	0.0009975
5700	-1800.0	0.0010032
6000	-1800.0	0.0010245
6000	-2100.0	0.0010458
5700	-2100.0	0.0010185
5400	-2100.0	0.0010104
5100	-2100.0	0.001014
4800	-2100.0	0.0010275
4500	-2100.0	0.0010377
4200	-2100.0	0.0010491
3900	-2100.0	0.0010944
3600	-2100.0	0.0011727
3300	-2100.0	0.0012786
3000	-2100.0	0.001425
2700	-2100.0	0.0016017
2400	-2100.0	0.0017547
2100	-2100.0	0.0017592
1800	-2100.0	0.0016617
1500	-2100.0	0.0015006
1200	-2100.0	0.0013224
900	-2100.0	0.0011871
600	-2100.0	0.0010806
300	-2100.0	0.0010098
0	-2100.0	0.0009603
0	-2400.0	0.0009408
300	-2400.0	0.00099
600	-2400.0	0.0010581
900	-2400.0	0.001155
1200	-2400.0	0.0012786
1500	-2400.0	0.0014517
1800	-2400.0	0.0016122
2100	-2400.0	0.001701
2400	-2400.0	0.001692
2700	-2400.0	0.0015615
3000	-2400.0	0.0014016
3300	-2400.0	0.0012564
3600	-2400.0	0.0011526
3900	-2400.0	0.001092
4200	-2400.0	0.0010749
4500	-2400.0	0.0010668
4800	-2400.0	0.0010476
5100	-2400.0	0.0010362
5400	-2400.0	0.0010356
5700	-2400.0	0.0010434
6000	-2400.0	0.0010884
6000	-2700.0	0.0011148
5700	-2700.0	0.0010656
5400	-2700.0	0.0010386
5100	-2700.0	0.0010323
4800	-2700.0	0.0010407
4500	-2700.0	0.0010494
4200	-2700.0	0.0010434
3900	-2700.0	0.0010605
3600	-2700.0	0.0011259
3300	-2700.0	0.0012201
3000	-2700.0	0.0013497
2700	-2700.0	0.001494
2400	-2700.0	0.0016233
2100	-2700.0	0.0016359
1800	-2700.0	0.0015498
1500	-2700.0	0.0014043
1200	-2700.0	0.0012399
900	-2700.0	0.0011283
600	-2700.0	0.0010371
300	-2700.0	0.0009708
0	-2700.0	0.0009216
0	-3000.0	0.0009021
300	-3000.0	0.0009507
600	-3000.0	0.0010179
900	-3000.0	0.0011025
1200	-3000.0	0.0012048
1500	-3000.0	0.0013464
1800	-3000.0	0.001494
2100	-3000.0	0.0015789
2400	-3000.0	0.0015792
2700	-3000.0	0.0014658
3000	-3000.0	0.0013296
3300	-3000.0	0.0012078
3600	-3000.0	0.0011175
3900	-3000.0	0.0010464
4200	-3000.0	0.0010254
4500	-3000.0	0.0010392
4800	-3000.0	0.0010437
5100	-3000.0	0.001038
5400	-3000.0	0.0010443
5700	-3000.0	0.0010701
6000	-3000.0	0.0011235
6000	-3300.0	0.0011442
5700	-3300.0	0.0010932
5400	-3300.0	0.0010566
5100	-3300.0	0.0010473
4800	-3300.0	0.001056
4500	-3300.0	0.0010704
4200	-3300.0	0.0010665
3900	-3300.0	0.0010623
3600	-3300.0	0.0010968
3300	-3300.0	0.0011814
3000	-3300.0	0.0012807
2700	-3300.0	0.0013992
2400	-3300.0	0.001506
2100	-3300.0	0.0015153
1800	-3300.0	0.001428
1500	-3300.0	0.0012957
1200	-3300.0	0.0011604
900	-3300.0	0.001065
600	-3300.0	0.0009909
300	-3300.0	0.0009318
0	-3300.0	0.0008817
0	-3600.0	0.0008646
300	-3600.0	0.000909
600	-3600.0	0.0009675
900	-3600.0	0.0010368
1200	-3600.0	0.001125
1500	-3600.0	0.0012555
1800	-3600.0	0.0013776
2100	-3600.0	0.0014709
2400	-3600.0	0.0014559
2700	-3600.0	0.0013611
3000	-3600.0	0.0012555
3300	-3600.0	0.0011664
3600	-3600.0	0.0010944
3900	-3600.0	0.0010545
4200	-3600.0	0.0010596
4500	-3600.0	0.0010674
4800	-3600.0	0.0010566
5100	-3600.0	0.0010512
5400	-3600.0	0.0010656
5700	-3600.0	0.0011034
6000	-3600.0	0.0011616
6000	-3900.0	0.0011841
5700	-3900.0	0.0011304
5400	-3900.0	0.0010821
5100	-3900.0	0.0010629
4800	-3900.0	0.0010647
4500	-3900.0	0.0010638
4200	-3900.0	0.0010476
3900	-3900.0	0.0010473
3600	-3900.0	0.0010803
3300	-3900.0	0.0011388
3000	-3900.0	0.0012132
2700	-3900.0	0.0013068
2400	-3900.0	0.0013941
2100	-3900.0	0.0014076
1800	-3900.0	0.001329
1500	-3900.0	0.0012192
1200	-3900.0	0.0010977
900	-3900.0	0.0010074
600	-3900.0	0.000939
300	-3900.0	0.0008892
0	-3900.0	0.0008454
0	-4200.0	0.0008283
300	-4200.0	0.000867
600	-4200.0	0.0009159
900	-4200.0	0.000975
1200	-4200.0	0.0010635
1500	-4200.0	0.001188
1800	-4200.0	0.0012999
2100	-4200.0	0.0013716
2400	-4200.0	0.0013593
2700	-4200.0	0.0012798
3000	-4200.0	0.0011943
3300	-4200.0	0.0011196
3600	-4200.0	0.0010665
3900	-4200.0	0.0010296
4200	-4200.0	0.0010236
4500	-4200.0	0.001044
4800	-4200.0	0.0010632
5100	-4200.0	0.0010698
5400	-4200.0	0.0010956
5700	-4200.0	0.0011481
6000	-4200.0	0.0012084
6000	-4500.0	0.0012339
5700	-4500.0	0.0011748
5400	-4500.0	0.0011202
5100	-4500.0	0.0010854
4800	-4500.0	0.0010737
4500	-4500.0	0.0010617
4200	-4500.0	0.0010374
3900	-4500.0	0.0010311
3600	-4500.0	0.0010551
3300	-4500.0	0.0010908
3000	-4500.0	0.0011544
2700	-4500.0	0.0012411
2400	-4500.0	0.0013101
2100	-4500.0	0.001308
1800	-4500.0	0.0012396
1500	-4500.0	0.0011394
1200	-4500.0	0.0010296
900	-4500.0	0.0009534
600	-4500.0	0.0008985
300	-4500.0	0.0008493
0	-4500.0	0.0008091
0	-4800.0	0.0007929
300	-4800.0	0.0008295
600	-4800.0	0.0008721
900	-4800.0	0.0009297
1200	-4800.0	0.0009984
1500	-4800.0	0.0010965
1800	-4800.0	0.0012069
2100	-4800.0	0.0012867
2400	-4800.0	0.0012792
2700	-4800.0	0.0012279
3000	-4800.0	0.0011493
3300	-4800.0	0.0010869
3600	-4800.0	0.0010623
3900	-4800.0	0.0010449
4200	-4800.0	0.0010449
4500	-4800.0	0.001068
4800	-4800.0	0.0010815
5100	-4800.0	0.0010983
5400	-4800.0	0.00114
5700	-4800.0	0.0011934
6000	-4800.0	0.001257
6000	-5100.0	0.0012765
5700	-5100.0	0.0012129
5400	-5100.0	0.0011613
5100	-5100.0	0.0011196
4800	-5100.0	0.0010962
4500	-5100.0	0.0010857
4200	-5100.0	0.0010692
3900	-5100.0	0.0010593
3600	-5100.0	0.001077
3300	-5100.0	0.0011007
3000	-5100.0	0.0011346
2700	-5100.0	0.0011958
2400	-5100.0	0.0012585
2100	-5100.0	0.0012465
1800	-5100.0	0.001179
1500	-5100.0	0.0010746
1200	-5100.0	0.0009633
900	-5100.0	0.0008931
600	-5100.0	0.0008409
300	-5100.0	0.0008019
0	-5100.0	0.0007716
0	-5400.0	0.0007548
300	-5400.0	0.0007791
600	-5400.0	0.0008181
900	-5400.0	0.0008679
1200	-5400.0	0.0009399
1500	-5400.0	0.0010623
1800	-5400.0	0.0011619
2100	-5400.0	0.0012114
2400	-5400.0	0.001203
2700	-5400.0	0.0011733
3000	-5400.0	0.0011433
3300	-5400.0	0.0011163
3600	-5400.0	0.0010908
3900	-5400.0	0.0010863
4200	-5400.0	0.0011019
4500	-5400.0	0.0011142
4800	-5400.0	0.0011238
5100	-5400.0	0.0011514
5400	-5400.0	0.0011946
5700	-5400.0	0.0012462
6000	-5400.0	0.001335
6000	-5700.0	0.0013644
5700	-5700.0	0.0012735
5400	-5700.0	0.0012204
5100	-5700.0	0.001185
4800	-5700.0	0.0011532
4500	-5700.0	0.0011397
4200	-5700.0	0.0011322
3900	-5700.0	0.001119
3600	-5700.0	0.0011118
3300	-5700.0	0.0011193
3000	-5700.0	0.0011412
2700	-5700.0	0.0011565
2400	-5700.0	0.0011748
2100	-5700.0	0.0011895
1800	-5700.0	0.0011433
1500	-5700.0	0.0010746
1200	-5700.0	0.0009576
900	-5700.0	0.0008562
600	-5700.0	0.0007926
300	-5700.0	0.0007497
0	-5700.0	0.0007206
0	-6000.0	0.0007041
300	-6000.0	0.000732
600	-6000.0	0.000774
900	-6000.0	0.0008358
1200	-6000.0	0.0009378
1500	-6000.0	0.0010641
1800	-6000.0	0.001128
2100	-6000.0	0.001164
2400	-6000.0	0.0011568
2700	-6000.0	0.0011511
3000	-6000.0	0.0011394
3300	-6000.0	0.0011193
3600	-6000.0	0.0011064
3900	-6000.0	0.0011142
4200	-6000.0	0.0011316
4500	-6000.0	0.0011403
4800	-6000.0	0.0011577
5100	-6000.0	0.0011952
5400	-6000.0	0.0012324
5700	-6000.0	0.0012933
6000	-6000.0	0.0013959
