This data is constructed from the config file /home/vfurtula/Documents/Projects/Swanepoel_analysis/config_files/storeged/ek036-4.py
Interpolation method for Tmin and Tmax points is spline
Column 1: energy in eV
Column 2: alpha_eq12 *1e3 in 1/cm
Column 3: energy in eV
Column 4: alpha_eq15 *1e3 in 1/cm
Column 5: energy in eV
Column 6: alpha_eqA3 *1e3 in 1/cm
0.277268191001	0.0110979178851	0.277268191001	0.0699622875356	0.277268191001	0.0651130636868
0.308250524776	0.077836438724	0.308250524776	0.157253835477	0.308250524776	0.14980765945
0.339676468952	0.200611933394	0.339676468952	0.263703897696	0.339676468952	0.258341772797
0.371662144201	0.349306939432	0.371662144201	0.373913584351	0.371662144201	0.372392968506
0.402256254341	0.457445897301	0.402256254341	0.458945498452	0.402256254341	0.459227558426
0.433158407018	0.510144853889	0.433158407018	0.513300987039	0.433158407018	0.513452516432
0.464951976335	0.494731048874	0.464951976335	0.505931086393	0.464951976335	0.505523883556
0.496532587105	0.447319461609	0.496532587105	0.422746388203	0.496532587105	0.425226228362
0.526025400933	0.277038377179	0.526025400933	0.280005315468	0.526025400933	0.280258162521
0.555733693411	0.150097048968	0.555733693411	0.157968200376	0.555733693411	0.157812207682
0.586490950804	0.0709899811575	0.586490950804	0.0823050062585	0.586490950804	0.0818439998655
0.616530019891	0.0477664644583	0.616530019891	0.0552453365594	0.616530019891	0.0551459961063
0.647437007833	0.0379103555027	0.647437007833	0.0464051798886	0.647437007833	0.0462137197342
0.677509218579	0.0327619737789	0.677509218579	0.0408957636185	0.677509218579	0.0407401774496
0.708076453455	0.03029280845	0.708076453455	0.0370848639988	0.708076453455	0.0370562367159
0.738001113095	0.0300782717727	0.738001113095	0.0362640626293	0.738001113095	0.0362932645137
0.768179597274	0.0304605468583	0.768179597274	0.0364993521153	0.768179597274	0.0365435531154
0.798867184278	0.0317527020519	0.798867184278	0.0363521123589	0.798867184278	0.0365312866389
0.828771303476	0.0317211036826	0.828771303476	0.0366539682322	0.828771303476	0.0368036007464
0.859211275121	0.0323698158033	0.859211275121	0.0391269941735	0.859211275121	0.0391089760757
0.889413106169	0.0303000387601	0.889413106169	0.0408955656015	0.889413106169	0.0405218670074
0.919082186805	0.0360049657974	0.919082186805	0.0422087761234	0.919082186805	0.0422454118518
0.949342932619	0.0384690988296	0.949342932619	0.0424686772247	0.949342932619	0.0427110913606
0.979337969984	0.0410656241184	0.979337969984	0.0438681643658	0.979337969984	0.0442223972373
1.00882170057	0.0419891397194	1.00882170057	0.0450401032203	1.00882170057	0.0453738038913
1.03926393127	0.0436300338619	1.03926393127	0.045923947493	1.03926393127	0.0463325341766
1.06882919828	0.0444733859789	1.06882919828	0.0463609581293	1.06882919828	0.0468096191246
1.09915059397	0.0456536775292	1.09915059397	0.0465362057742	1.09915059397	0.0470803899061
1.12815456779	0.0459281056192	1.12815456779	0.0465999305871	1.12815456779	0.047164886688
1.15764880486	0.0483286081022	1.15764880486	0.0478295175998	1.15764880486	0.0485082712722
1.18758799808	0.0504767953189	1.18758799808	0.0496506028008	1.18758799808	0.0503625689763
1.21672411187	0.0530411700865	1.21672411187	0.051637824262	1.21672411187	0.0524069848874
1.24732582495	0.0536768393067	1.24732582495	0.0535417222005	1.24732582495	0.0541930467462
1.27555747942	0.0540450711602	1.27555747942	0.0558502096223	1.27555747942	0.0563203273439
1.30509670526	0.0573063624631	1.30509670526	0.0590211421384	1.30509670526	0.0595027547379
1.33459835307	0.0598416387203	1.33459835307	0.0613977892812	1.33459835307	0.0618957055131
1.36396245325	0.0624129574219	1.36396245325	0.0632727825535	1.36396245325	0.0638383640677
1.39308075281	0.0667796509135	1.39308075281	0.0656028290487	1.39308075281	0.0663654095486
1.42183700688	0.0697102865462	1.42183700688	0.06786484357	1.42183700688	0.0686913783552
1.45010745029	0.0744978516642	1.45010745029	0.0705974567612	1.45010745029	0.0716208076081
1.47952490453	0.0778124545737	1.47952490453	0.0732584089615	1.47952490453	0.0743434885635
1.50832344282	0.0795898296156	1.50832344282	0.0752225851602	1.50832344282	0.076295802701
1.53635919455	0.0778384055055	1.53635919455	0.0751040505563	1.53635919455	0.0760313530058
1.56743599241	0.0757626680073	1.56743599241	0.0740939824641	1.56743599241	0.0749266489055
1.59567808237	0.0777284997745	1.59567808237	0.0753649339722	1.59567808237	0.0762664643631
1.62282967277	0.0822810357117	1.62282967277	0.0789697126485	1.62282967277	0.0799651979841
1.65092126498	0.0849684165905	1.65092126498	0.0831781895909	1.65092126498	0.0840292988469
1.68000253388	0.0895253408831	1.68000253388	0.0881445942376	1.68000253388	0.0889623793573
1.7077711708	0.0935086933986	1.7077711708	0.0928051788479	1.7077711708	0.0935615541006
1.73647320728	0.0991549642175	1.73647320728	0.0978982690754	1.73647320728	0.0987116673909
1.7636441963	0.104510415268	1.7636441963	0.103150287294	1.7636441963	0.10397391123
1.79167900289	0.110641912856	1.79167900289	0.109187680802	1.79167900289	0.110022214675
1.82061948605	0.116647988554	1.82061948605	0.115390128342	1.82061948605	0.116210295107
1.84775241431	0.121848437863	1.84775241431	0.121198315052	1.84775241431	0.121962353952
1.87570630862	0.130120630177	1.87570630862	0.12798473414	1.87570630862	0.12889642336
1.90159796012	0.136492182445	1.90159796012	0.133880454105	1.90159796012	0.134837706685
1.93121786604	0.143286003203	1.93121786604	0.140566384748	1.93121786604	0.141535902238
1.95867593997	0.149927735728	1.95867593997	0.147381820117	1.95867593997	0.148340054825
1.983746992	0.155432269465	1.983746992	0.153476068933	1.983746992	0.154380976012
2.01273030844	0.161663789799	2.01273030844	0.159975091773	2.01273030844	0.160856070218
2.03921360197	0.168939336163	2.03921360197	0.16666820487	2.03921360197	0.167608566456
2.06640311667	0.176976530303	2.06640311667	0.175010030408	2.06640311667	0.175922785446
2.09079573356	0.186042734318	2.09079573356	0.183751478721	2.09079573356	0.184699333656
2.11938781197	0.196427342991	2.11938781197	0.194085003428	2.11938781197	0.195042451719
2.14505513841	0.203983664293	2.14505513841	0.202725249289	2.14505513841	0.203580569758
2.17135178634	0.213132953747	2.17135178634	0.212148611033	2.17135178634	0.212980445376
2.19830118794	0.225667658843	2.19830118794	0.223574852635	2.19830118794	0.224516056997
2.22193883513	0.237228476492	2.22193883513	0.234429415798	2.22193883513	0.235440060945
2.25016673321	0.250169609579	2.25016673321	0.247854634442	2.25016673321	0.248822289816
2.27493921101	0.26188347179	2.27493921101	0.261012850293	2.27493921101	0.261841699935
2.30026320965	0.277332129098	2.30026320965	0.276388843143	2.30026320965	0.277225147592
2.3261573546	0.295723189625	2.3261573546	0.293102152016	2.3261573546	0.294099548364
2.35264111954	0.315107067425	2.35264111954	0.311183605749	2.35264111954	0.312302103254
2.37517599617	0.331933886289	2.37517599617	0.327799240588	2.37517599617	0.328936422739
2.40279432171	0.351585802146	2.40279432171	0.349292022443	2.40279432171	0.350251521122
2.42630502935	0.371112653203	2.42630502935	0.3696663334	2.42630502935	0.370545391291
2.45028037549	0.393180543368	2.45028037549	0.392250391076	2.45028037549	0.393074976425
2.47473427146	0.418570711496	2.47473427146	0.416427967781	2.47473427146	0.417362046509
2.49968118952	0.446304975142	2.49968118952	0.441911575293	2.49968118952	0.443053333974
2.52513619145	0.474253565629	2.52513619145	0.468879458482	2.52513619145	0.470101992939
2.55111495885	0.506111629142	2.55111495885	0.498557579787	2.55111495885	0.499973770205
2.57228603734	0.532985654532	2.57228603734	0.524305379858	2.57228603734	0.525814409885
2.59924920335	0.568667216322	2.59924920335	0.56126940464	2.59924920335	0.562645903268
2.62123016913	0.600726083723	2.62123016913	0.596626147797	2.62123016913	0.597693044337
2.64358607676	0.636198824725	2.64358607676	0.63467904437	2.64358607676	0.635500576516
2.66632660215	0.673733387329	2.66632660215	0.671956248003	2.66632660215	0.672786961453
2.68946175705	0.714261058474	2.68946175705	0.710632920824	2.68946175705	0.711612755842
2.71300190372	0.760602541529	2.71300190372	0.755370222667	2.71300190372	0.756470357943
2.73695777042	0.815479299074	2.73695777042	0.808289900522	2.73695777042	0.809530683007
2.76134046771	0.872409733319	2.76134046771	0.865856538474	2.76134046771	0.867013095568
2.77991450673	0.914066352582	2.77991450673	0.908410311639	2.77991450673	0.909476195888
2.80507210407	0.971032565016	2.80507210407	0.964437237412	2.80507210407	0.965551884156
2.82424116173	1.02088469195	2.82424116173	1.01222388375	2.82424116173	1.01347587754
2.8502111954	1.09311784441	2.8502111954	1.08601960608	2.8502111954	1.0871174262
2.8700043287	1.14514609711	2.8700043287	1.14235988876	2.8700043287	1.14310230472
2.89007428904	1.20275604579	2.89007428904	1.1991210754	2.89007428904	1.19990649531
2.91042692488	1.27253454928	2.91042692488	1.26185163657	2.91042692488	1.26311847384
2.93106825059	1.34975110373	2.93106825059	1.33199543253	2.93106825059	1.33369040199
2.95200445238	1.43015939312	2.95200445238	1.40896425279	2.95200445238	1.41082028844
2.97324189448	1.5130453096	2.97324189448	1.49393487963	2.97324189448	1.49559892486
2.9947871256	1.60115331767	2.9947871256	1.58831692493	2.9947871256	1.58953388895
3.01664688564	1.70256187002	3.01664688564	1.69532052425	3.01664688564	1.6961408414
3.03882811275	1.82496437365	3.03882811275	1.81705403091	3.03882811275	1.81786187003
3.05379770936	1.91455204831	3.05379770936	1.90388713306	3.05379770936	1.90480856171
3.07653069479	2.05690544924	3.07653069479	2.04322678703	3.07653069479	2.04423902918
3.099604675	2.21531196855	3.099604675	2.20209870929	3.099604675	2.20301092479
3.11518057789	2.33616128205	3.11518057789	2.32362566353	3.11518057789	2.32445189117
3.13884017722	2.5384919909	3.13884017722	2.52900490861	3.13884017722	2.52962154798
3.15481391858	2.68337748994	3.15481391858	2.67677825987	3.15481391858	2.67723257206
3.17095107417	2.83973638205	3.17095107417	2.83277986245	3.17095107417	2.8332090101
3.18725416452	3.01579965981	3.18725416452	3.00374082979	3.18725416452	3.00430331574
3.21202556995	3.34244413104	3.21202556995	3.3126316466	3.21202556995	3.31354063439
3.23718503916	3.74150129486	3.23718503916	3.6783003818	3.23718503916	3.67929917682
3.24565934555	3.8376319606	3.24565934555	3.77680097982	3.24565934555	3.77772518646
3.25417813648	4.00321007302	3.25417813648	3.94657476894	3.25417813648	3.94737444363
3.26274176316	4.17401813344	3.26274176316	4.12146360965	3.26274176316	4.12215106528
3.27135058047	4.30319411854	3.27135058047	4.25336258941	3.27135058047	4.25397984237
3.28000494709	4.43666710239	3.28000494709	4.38961941092	3.28000494709	4.39016902024
3.28870522546	4.62232168742	3.28870522546	4.57881290509	3.28870522546	4.57928213612
3.29745178191	4.82254289604	3.29745178191	4.78263349789	3.29745178191	4.78302768183
3.30624498667	4.99850123652	3.30624498667	4.9615052221	3.30624498667	4.96184354184
3.3150852139	5.18517003403	3.3150852139	5.15095747073	3.3150852139	5.15124639209
3.32397284182	5.41119504014	3.32397284182	5.38022673825	3.32397284182	5.38046317239
3.33290825269	5.64972809069	3.33290825269	5.62167648966	3.33290825269	5.62187015164
3.34189183288	5.88405127006	3.34189183288	5.85879109207	3.34189183288	5.85894799419
3.35092397297	6.14521191568	3.35092397297	6.12264099044	3.35092397297	6.1227661066
3.36000506775	6.43709022454	3.36000506775	6.41723456021	3.36000506775	6.41733128132
3.3691355163	6.73299623418	3.3691355163	6.7154737063	3.3691355163	6.71554892728
3.37831572207	7.04607640418	3.37831572207	7.03080235039	3.37831572207	7.03085945544
3.3875460929	7.38444968489	3.3875460929	7.37122964684	3.3875460929	7.37127237371
3.3968270411	7.74774111482	3.3968270411	7.73648370401	3.3968270411	7.73651466645
3.40615898352	8.13833997521	3.40615898352	8.12885426536	3.40615898352	8.12887623304
3.4155423416	8.55375752801	3.4155423416	8.54582209959	3.4155423416	8.5458374578
3.42497754144	9.00138089934	3.42497754144	8.99487447663	3.42497754144	8.99488479767
3.43446501385	9.47846043595	3.43446501385	9.47318604654	3.43446501385	9.47319282587
3.44400519444	9.98867658987	3.44400519444	9.98445001481	3.44400519444	9.98445436489
3.45359852368	10.554672464	3.45359852368	10.5514093556	3.45359852368	10.5514119503
3.46324544693	11.1314643772	3.46324544693	11.1289291774	3.46324544693	11.1289307429
3.47294641457	11.7940750099	3.47294641457	11.792181765	3.47294641457	11.7921826378
3.48270188202	12.4358030001	3.48270188202	12.4343761676	3.48270188202	12.4343766626
3.49251230986	13.2701517679	3.49251230986	13.269164551	3.49251230986	13.2691647875
3.50237816384	14.0653587128	3.50237816384	14.0646640513	3.50237816384	14.0646641717
3.51229991501	14.907458958	3.51229991501	14.9069797674	3.51229991501	14.9069798257
3.52227803977	15.7456369019	3.52227803977	15.7453058198	3.52227803977	15.7453058475
3.53231301994	17.1133691053	3.53231301994	17.1131889088	3.53231301994	17.1131889673
3.54240534286	17.8221629418	3.54240534286	17.8220311675	3.54240534286	17.8220311085
3.55255550143	18.9899696099	3.55255550143	18.9898912895	3.55255550143	18.9898911432
3.56276399425	21.0497025652	3.56276399425	21.049670425	3.56276399425	21.049670614
3.57303132565	20.4001790135	3.57303132565	20.4001361887	3.57303132565	20.4001373242
3.58335800578	22.8949755089	3.58335800578	22.8949547502	3.58335800578	22.8949570652
3.59374455072	20.9268039374	3.59374455072	20.9267694479	3.59374455072	20.926770003
3.60419148256	21.6697659887	3.60419148256	21.6697419047	3.60419148256	21.6697422807
3.61469932945	20.9812583382	3.61469932945	20.9812252201	3.61469932945	20.9812252978
3.62526862573	20.2310477456	3.62526862573	20.2310017702	3.62526862573	20.2310011025
3.63589991202	21.0758614226	3.63589991202	21.0758292647	3.63589991202	21.075828108
3.64659373529	19.4793456304	3.64659373529	19.4792790332	3.64659373529	19.4792789094
