This data is constructed from the config file /home/vfurtula/Documents/Projects/Swanepoel_analysis/config_files/storeged/ek036-4.py
Interpolation method for Tmin and Tmax points is spline
Column 1: energy in eV
Column 2: k_eq12 *1e-3
Column 3: energy in eV
Column 4: k_eq15 *1e-3
0.277268191001	0.394909783161	0.277268191001	2.48954732645
0.308250524776	2.4913547216	0.308250524776	5.03331205701
0.339676468952	5.8270364639	0.339676468952	7.65962523541
0.371662144201	9.2728945268	0.371662144201	9.92611608422
0.402256254341	11.2200131558	0.402256254341	11.2567946522
0.433158407018	11.6199215692	0.433158407018	11.6918109932
0.464951976335	10.4982643348	0.464951976335	10.7359307491
0.496532587105	8.88845896652	0.496532587105	8.40017984299
0.526025400933	5.19624540013	0.526025400933	5.25189451124
0.555733693411	2.66478306685	0.555733693411	2.80452539444
0.586490950804	1.19424155767	0.586490950804	1.38459057567
0.616530019891	0.764408141169	0.616530019891	0.884092752239
0.647437007833	0.577719160253	0.647437007833	0.707172517935
0.677509218579	0.477102051621	0.677509218579	0.595551808223
0.708076453455	0.422100455444	0.708076453455	0.516741061159
0.738001113095	0.402116873113	0.738001113095	0.48481480522
0.768179597274	0.391229290764	0.768179597274	0.46879052132
0.798867184278	0.392159320276	0.798867184278	0.448963985803
0.828771303476	0.377633069766	0.828771303476	0.436357785061
0.859211275121	0.371703538258	0.859211275121	0.449296414415
0.889413106169	0.336121345835	0.889413106169	0.453658579696
0.919082186805	0.386513340655	0.919082186805	0.45311125016
0.949342932619	0.399802334446	0.949342932619	0.44136922392
0.979337969984	0.413715954506	0.979337969984	0.441950168362
1.00882170057	0.410656778307	1.00882170057	0.440495418737
1.03926393127	0.414205755939	1.03926393127	0.435983236851
1.06882919828	0.410533234445	1.06882919828	0.427957387859
1.09915059397	0.409802876529	1.09915059397	0.417724749048
1.12815456779	0.401667192736	1.12815456779	0.407542681072
1.15764880486	0.411892509507	1.15764880486	0.407638887324
1.18758799808	0.419355563592	1.18758799808	0.412491648661
1.21672411187	0.430107896518	1.21672411187	0.418728243323
1.24732582495	0.424583834969	1.24732582495	0.423515058568
1.27555747942	0.41803485493	1.27555747942	0.431997474997
1.30509670526	0.433228065689	1.30509670526	0.446191559617
1.33459835307	0.442394101505	1.33459835307	0.453898329062
1.36396245325	0.451469879709	1.36396245325	0.457689504044
1.39308075281	0.472959863567	1.39308075281	0.464625146314
1.42183700688	0.483730519605	1.42183700688	0.470924703791
1.45010745029	0.506873982374	1.45010745029	0.480336187617
1.47952490453	0.518899521062	1.47952490453	0.488530448399
1.50832344282	0.52061841841	1.50832344282	0.492051101302
1.53635919455	0.499870608393	1.53635919455	0.482310849003
1.56743599241	0.476894023206	1.56743599241	0.466390351898
1.59567808237	0.480608492127	1.59567808237	0.465994164055
1.62282967277	0.500245561848	1.62282967277	0.480113648682
1.65092126498	0.507794038691	1.65092126498	0.497095162157
1.68000253388	0.525765979687	1.68000253388	0.517657106762
1.7077711708	0.540230059185	1.7077711708	0.536165627382
1.73647320728	0.563381795937	1.73647320728	0.556241465933
1.7636441963	0.584662224189	1.7636441963	0.577053265359
1.79167900289	0.609278574107	1.79167900289	0.601270465701
1.82061948605	0.632141790524	1.82061948605	0.625325161995
1.84775241431	0.650627809058	1.84775241431	0.647156381866
1.87570630862	0.684443736274	1.87570630862	0.673208771748
1.90159796012	0.708183020264	1.90159796012	0.694632195366
1.93121786604	0.732030089507	1.93121786604	0.718135902385
1.95867593997	0.755224078838	1.95867593997	0.742399655373
1.983746992	0.773056687542	1.983746992	0.763327344282
2.01273030844	0.792471410979	2.01273030844	0.784193460118
2.03921360197	0.817380925164	2.03921360197	0.806392487305
2.06640311667	0.84500068827	2.06640311667	0.835611342901
2.09079573356	0.877925256511	2.09079573356	0.867112949517
2.11938781197	0.914424690914	2.11938781197	0.90352043951
2.14505513841	0.938238745135	2.14505513841	0.93245056735
2.17135178634	0.968449207209	2.17135178634	0.963976478311
2.19830118794	1.0128346799	2.19830118794	1.00344181113
2.22193883513	1.05339476246	2.22193883513	1.04096574922
2.25016673321	1.09692336083	2.25016673321	1.0867728461
2.27493921101	1.1357813366	2.27493921101	1.13200547537
2.30026320965	1.18954010009	2.30026320965	1.18549413372
2.3261573546	1.25430376763	2.3261573546	1.24318669104
2.35264111954	1.32147482857	2.35264111954	1.30502087884
2.37517599617	1.37883478022	2.37517599617	1.36165969346
2.40279432171	1.44368075298	2.40279432171	1.43426204042
2.42630502935	1.50909575729	2.42630502935	1.50321442972
2.45028037549	1.58318866321	2.45028037549	1.57944329334
2.47473427146	1.66877082409	2.47473427146	1.66022806633
2.49968118952	1.76158474442	2.49968118952	1.74424380811
2.52513619145	1.85302907156	2.52513619145	1.8320310707
2.55111495885	1.95736907108	2.55111495885	1.92815404871
2.57228603734	2.04433796653	2.57228603734	2.01104360875
2.59924920335	2.15857283308	2.59924920335	2.13049188369
2.62123016913	2.26114163207	2.62123016913	2.24570941418
2.64358607676	2.3744107026	2.64358607676	2.36873860357
2.66632660215	2.49305097488	2.66632660215	2.48647493306
2.68946175705	2.62028200553	2.68946175705	2.60697210478
2.71300190372	2.76607599876	2.71300190372	2.74704767472
2.73695777042	2.93968826654	2.73695777042	2.91377149515
2.76134046771	3.11714481676	2.76134046771	3.09373006499
2.77991450673	3.2441633767	2.77991450673	3.2240892094
2.80507210407	3.41543638102	2.80507210407	3.39223847535
2.82424116173	3.56641064885	2.82424116173	3.53615453978
2.8502111954	3.78395860597	2.8502111954	3.75938720209
2.8700043287	3.9367222974	2.8700043287	3.92714401867
2.89007428904	4.10605702694	2.89007428904	4.09364769776
2.91042692488	4.31389248836	2.91042692488	4.27767741121
2.93106825059	4.54343369618	2.93106825059	4.4836658511
2.95200445238	4.77995567332	2.95200445238	4.70911613491
2.97324189448	5.02086014701	2.97324189448	4.95744446764
2.9947871256	5.27501132872	2.9947871256	5.23272173886
3.01664688564	5.56845687631	3.01664688564	5.54477308403
3.03882811275	5.92522286108	3.03882811275	5.89953987003
3.05379770936	6.18562157259	3.05379770936	6.15116488082
3.07653069479	6.59643839485	3.07653069479	6.55257130671
3.099604675	7.05155700571	3.099604675	7.00949789519
3.11518057789	7.39905115637	3.11518057789	7.35934855391
3.13884017722	7.97926757993	3.13884017722	7.94944673812
3.15481391858	8.39198035701	3.15481391858	8.37134196033
3.17095107417	8.83578050859	3.17095107417	8.814135443
3.18725416452	9.33559978188	3.18725416452	9.29827090611
3.21202556995	10.2669535554	3.21202556995	10.1753788332
3.23718503916	11.4034118514	3.23718503916	11.2107870241
3.24565934555	11.6658616393	3.24565934555	11.4809440097
3.25417813648	12.1373392893	3.25417813648	11.9656266165
3.26274176316	12.6219967513	3.26274176316	12.4630748187
3.27135058047	12.9783739552	3.27135058047	12.8280827524
3.28000494709	13.3456207538	3.28000494709	13.2040999605
3.28870522546	13.8672917554	3.28870522546	13.7367623333
3.29745178191	14.4295929553	3.29745178191	14.3101795291
3.30624498667	14.9163033721	3.30624498667	14.8059015239
3.3150852139	15.4320897596	3.3150852139	15.3302664164
3.32397284182	16.0617238813	3.32397284182	15.9698025385
3.33290825269	16.7247880413	3.33290825269	16.6417473933
3.34189183288	17.3716269254	3.34189183288	17.2970506908
3.35092397297	18.0937557754	3.35092397297	18.0272987005
3.36000506775	18.9019277383	3.36000506775	18.8436233928
3.3691355163	19.7172492378	3.3691355163	19.6659353743
3.37831572207	20.5780182655	3.37831572207	20.5334104952
3.3875460929	21.5074715494	3.3875460929	21.4689677198
3.3968270411	22.503916156	3.3968270411	22.4712181315
3.40615898352	23.5736780482	3.40615898352	23.5462015517
3.4155423416	24.7089161856	3.4155423416	24.6859934133
3.42497754144	25.9303181926	3.42497754144	25.9115751116
3.43446501385	27.2292161546	3.43446501385	27.2140641698
3.44400519444	28.615450576	3.44400519444	28.6033423304
3.45359852368	30.1529179017	3.45359852368	30.1435957517
3.46324544693	31.7121336726	3.46324544693	31.7049112092
3.47294641457	33.5059732659	3.47294641457	33.5005947166
3.48270188202	35.2301074343	3.48270188202	35.2260652779
3.49251230986	37.4881819276	3.49251230986	37.4853930395
3.50237816384	39.6227131695	3.50237816384	39.6207562785
3.51229991501	41.8763155541	3.51229991501	41.8749694671
3.52227803977	44.1055286333	3.52227803977	44.1046012303
3.53231301994	47.8005363706	3.53231301994	47.8000330512
3.54240534286	49.6384932536	3.54240534286	49.6381262342
3.55255550143	52.7399644436	3.55255550143	52.7397469279
3.56276399425	58.2928573213	3.56276399425	58.2927683155
3.57303132565	56.3317948747	3.57303132565	56.3316766209
3.58335800578	63.0385794689	3.58335800578	63.0385223123
3.59374455072	57.4529239982	3.59374455072	57.4528293101
3.60419148256	59.3202264112	3.60419148256	59.3201604822
3.61469932945	57.2684972523	3.61469932945	57.2684068563
3.62526862573	55.0597984202	3.62526862573	55.0596732958
3.63589991202	57.1912843068	3.63589991202	57.1911970433
3.64659373529	52.7039804696	3.64659373529	52.703800282
