This data is constructed from the config file /home/vfurtula/Documents/Projects/Swanepoel_analysis/config_files/ek057-3_config.py
Column 1: wavelength in nm
Column 2: energy in eV
Column 3: Tr (filmRAW)
2600.0	0.476862257692	0.862628852808
2599.0	0.477045736822	0.85944390365
2598.0	0.477229357198	0.858531466908
2597.0	0.477413118983	0.854792556931
2596.0	0.477597022342	0.857468697587
2595.0	0.477781067437	0.855739558422
2594.0	0.477965254433	0.852657246628
2593.0	0.478149583494	0.855575526612
2592.0	0.478334054784	0.858152058493
2591.0	0.478518668468	0.860124936044
2590.0	0.47870342471	0.857927767036
2589.0	0.478888323677	0.862109752949
2588.0	0.479073365533	0.858616471948
2587.0	0.479258550445	0.856954024564
2586.0	0.479443878577	0.858399441829
2585.0	0.479629350097	0.855814253017
2584.0	0.47981496517	0.855062851771
2583.0	0.480000723964	0.858687829867
2582.0	0.480186626646	0.856229720342
2581.0	0.480372673382	0.855397583064
2580.0	0.480558864341	0.859394143283
2579.0	0.48074519969	0.858526471748
2578.0	0.480931679597	0.857051355442
2577.0	0.48111830423	0.855386059801
2576.0	0.481305073758	0.858714722048
2575.0	0.48149198835	0.859556879404
2574.0	0.481679048174	0.856611362931
2573.0	0.481866253401	0.857542069784
2572.0	0.482053604199	0.857316247728
2571.0	0.482241100739	0.858256154396
2570.0	0.482428743191	0.858529074334
2569.0	0.482616531724	0.859664631704
2568.0	0.482804466511	0.859320877169
2567.0	0.482992547721	0.860674777819
2566.0	0.483180775526	0.85967949528
2565.0	0.483369150097	0.856370456724
2564.0	0.483557671607	0.855994271537
2563.0	0.483746340226	0.85616850928
2562.0	0.483935156128	0.856151454298
2561.0	0.484124119485	0.856243563884
2560.0	0.484313230469	0.858078277673
2559.0	0.484502489254	0.859171973259
2558.0	0.484691896013	0.859701986196
2557.0	0.484881450919	0.859766545905
2556.0	0.485071154147	0.860108702548
2555.0	0.485261005871	0.860136749705
2554.0	0.485451006265	0.861576191218
2553.0	0.485641155503	0.859388172568
2552.0	0.485831453762	0.858865492974
2551.0	0.486021901215	0.858984057394
2550.0	0.486212498039	0.859943958385
2549.0	0.48640324441	0.859825396318
2548.0	0.486594140502	0.859288080223
2547.0	0.486785186494	0.859440747739
2546.0	0.486976382561	0.859755653755
2545.0	0.48716772888	0.860193390101
2544.0	0.487359225629	0.859541462075
2543.0	0.487550872985	0.859989590605
2542.0	0.487742671125	0.86025854173
2541.0	0.487934620228	0.860282522715
2540.0	0.488126720472	0.860821419459
2539.0	0.488318972036	0.860846148257
2538.0	0.488511375099	0.860990665283
2537.0	0.488703929838	0.859975489157
2536.0	0.488896636435	0.860670264688
2535.0	0.489089495069	0.860733855767
2534.0	0.489282505919	0.861662902041
2533.0	0.489475669167	0.861757708322
2532.0	0.489668984992	0.861851613755
2531.0	0.489862453576	0.862330822165
2530.0	0.490056075099	0.862472873869
2529.0	0.490249849743	0.862087553641
2528.0	0.49044377769	0.861736186361
2527.0	0.490637859121	0.861684721565
2526.0	0.49083209422	0.862340321343
2525.0	0.491026483168	0.861869993477
2524.0	0.491221026149	0.862219248332
2523.0	0.491415723345	0.862122819507
2522.0	0.491610574941	0.862871491946
2521.0	0.491805581119	0.862711727838
2520.0	0.492000742063	0.86246542588
2519.0	0.49219605796	0.86236614195
2518.0	0.492391528991	0.862662764566
2517.0	0.492587155344	0.86295827777
2516.0	0.492782937202	0.863495267392
2515.0	0.492978874751	0.863408161692
2514.0	0.493174968178	0.863187615047
2513.0	0.493371217668	0.86327792172
2512.0	0.493567623408	0.863352574196
2511.0	0.493764185583	0.863573082479
2510.0	0.493960904382	0.863858164589
2509.0	0.494157779992	0.863962392314
2508.0	0.4943548126	0.863817063463
2507.0	0.494552002393	0.863897472043
2506.0	0.494749349561	0.863789585377
2505.0	0.494946854291	0.864556134207
2504.0	0.495144516773	0.864103893433
2503.0	0.495342337195	0.869196451634
2502.0	0.495540315747	0.872345550434
2501.0	0.495738452619	0.875317789024
2500.0	0.495936748	0.880181503389
2499.0	0.496135202081	0.881590956014
2498.0	0.496333815052	0.879303977601
2497.0	0.496532587105	0.880363470557
2496.0	0.496731518429	0.880149639183
2495.0	0.496930609218	0.879913480708
2494.0	0.497129859663	0.879183137722
2493.0	0.497329269956	0.878647222402
2492.0	0.497528840289	0.878162836704
2491.0	0.497728570855	0.878355906695
2490.0	0.497928461847	0.878211471471
2489.0	0.498128513459	0.877664446783
2488.0	0.498328725884	0.877835198
2487.0	0.498529099316	0.876511683199
2486.0	0.49872963395	0.876531922267
2485.0	0.49893032998	0.875950040233
2484.0	0.499131187601	0.876597743673
2483.0	0.499332207008	0.87661359048
2482.0	0.499533388396	0.876102418868
2481.0	0.499734731963	0.875984765486
2480.0	0.499936237903	0.876551724634
2479.0	0.500137906414	0.876089462494
2478.0	0.500339737692	0.87587722674
2477.0	0.500541731934	0.875877729734
2476.0	0.500743889338	0.876134591791
2475.0	0.500946210101	0.875468998733
2474.0	0.501148694422	0.875322643948
2473.0	0.501351342499	0.874415019953
2472.0	0.501554154531	0.875010905907
2471.0	0.501757130716	0.87423093154
2470.0	0.501960271255	0.874011529553
2469.0	0.502163576347	0.873995663886
2468.0	0.502367046191	0.873705059291
2467.0	0.502570680989	0.87361704232
2466.0	0.502774480941	0.873869222808
2465.0	0.502978446247	0.873234602816
2464.0	0.50318257711	0.873128094919
2463.0	0.503386873731	0.872050911794
2462.0	0.503591336312	0.87238857445
2461.0	0.503795965055	0.872040369071
2460.0	0.504000760163	0.871925455797
2459.0	0.504205721838	0.872233371058
2458.0	0.504410850285	0.871765077872
2457.0	0.504616145706	0.872114045043
2456.0	0.504821608306	0.871811450563
2455.0	0.505027238289	0.871573849037
2454.0	0.50523303586	0.870466508373
2453.0	0.505439001223	0.870408832822
2452.0	0.505645134584	0.870600756631
2451.0	0.505851436149	0.870529604348
2450.0	0.506057906122	0.870565663707
2449.0	0.506264544712	0.87065059911
2448.0	0.506471352124	0.870662063229
2447.0	0.506678328566	0.870844634049
2446.0	0.506885474244	0.870080549706
2445.0	0.507092789366	0.870252730347
2444.0	0.507300274141	0.870160769969
2443.0	0.507507928776	0.87037053135
2442.0	0.507715753481	0.870238891009
2441.0	0.507923748464	0.870382516342
2440.0	0.508131913934	0.870564215328
2439.0	0.508340250103	0.870233363526
2438.0	0.508548757178	0.870063329601
2437.0	0.508757435371	0.869886024987
2436.0	0.508966284893	0.87001161977
2435.0	0.509175305955	0.870092863897
2434.0	0.509384498767	0.869584659266
2433.0	0.509593863543	0.869762893185
2432.0	0.509803400493	0.869763566352
2431.0	0.510013109831	0.869481392738
2430.0	0.51022299177	0.86963446062
2429.0	0.510433046521	0.869743957858
2428.0	0.5106432743	0.869340020809
2427.0	0.510853675319	0.869296094569
2426.0	0.511064249794	0.868948505379
2425.0	0.511274997938	0.869133678944
2424.0	0.511485919967	0.868936931986
2423.0	0.511697016096	0.86894281209
2422.0	0.51190828654	0.868974406981
2421.0	0.512119731516	0.868745366533
2420.0	0.51233135124	0.868965356834
2419.0	0.512543145928	0.868966489267
2418.0	0.512755115798	0.868786227411
2417.0	0.512967261067	0.869077965179
2416.0	0.513179581954	0.868614405601
2415.0	0.513392078675	0.868715997018
2414.0	0.51360475145	0.868495967368
2413.0	0.513817600497	0.868425854659
2412.0	0.514030626036	0.868562932918
2411.0	0.514243828287	0.868489927899
2410.0	0.514457207469	0.868322431963
2409.0	0.514670763802	0.868230032904
2408.0	0.514884497508	0.868342522565
2407.0	0.515098408808	0.868619481637
2406.0	0.515312497922	0.868202325722
2405.0	0.515526765073	0.8680571166
2404.0	0.515741210483	0.868093734202
2403.0	0.515955834374	0.86838542107
2402.0	0.516170636969	0.868700165599
2401.0	0.516385618492	0.868283605661
2400.0	0.516600779167	0.868182194774
2399.0	0.516816119216	0.868352168699
2398.0	0.517031638866	0.868411912563
2397.0	0.51724733834	0.868251213672
2396.0	0.517463217863	0.868224719561
2395.0	0.517679277662	0.86841682916
2394.0	0.517895517962	0.868214477335
2393.0	0.518111938989	0.868729328788
2392.0	0.51832854097	0.868256452882
2391.0	0.518545324132	0.868504262947
2390.0	0.518762288703	0.868313688025
2389.0	0.51897943491	0.86845165292
2388.0	0.519196762982	0.868452007507
2387.0	0.519414273146	0.868830369125
2386.0	0.519631965633	0.868281473722
2385.0	0.519849840671	0.868725031404
2384.0	0.52006789849	0.868670144551
2383.0	0.52028613932	0.868530161963
2382.0	0.520504563392	0.868572438689
2381.0	0.520723170937	0.868384486026
2380.0	0.520941962185	0.868306080257
2379.0	0.521160937369	0.868471145883
2378.0	0.52138009672	0.868317199048
2377.0	0.521599440471	0.868528056432
2376.0	0.521818968855	0.86839521711
2375.0	0.522038682105	0.868068468672
2374.0	0.522258580455	0.868592070147
2373.0	0.522478664138	0.868435577948
2372.0	0.52269893339	0.868307217825
2371.0	0.522919388444	0.868318491256
2370.0	0.523140029536	0.868626850094
2369.0	0.523360856902	0.868690753604
2368.0	0.523581870777	0.86873920155
2367.0	0.523803071398	0.868423088845
2366.0	0.524024459003	0.868570607865
2365.0	0.524246033827	0.868607210168
2364.0	0.524467796108	0.868322795755
2363.0	0.524689746085	0.868617761258
2362.0	0.524911883997	0.868598960869
2361.0	0.52513421008	0.868486730409
2360.0	0.525356724576	0.86830851854
2359.0	0.525579427724	0.86850020994
2358.0	0.525802319763	0.868212724841
2357.0	0.526025400933	0.868985305723
2356.0	0.526248671477	0.86845885594
2355.0	0.526472131635	0.868586071196
2354.0	0.526695781648	0.868428361673
2353.0	0.526919621759	0.868377406822
2352.0	0.527143652211	0.86862728148
2351.0	0.527367873245	0.86840056502
2350.0	0.527592285106	0.868568856126
2349.0	0.527816888037	0.868563263495
2348.0	0.528041682283	0.868780722436
2347.0	0.528266668087	0.868427742523
2346.0	0.528491845695	0.868422057679
2345.0	0.528717215352	0.868354460798
2344.0	0.528942777304	0.868342844946
2343.0	0.529168531797	0.868615086854
2342.0	0.529394479078	0.86837711561
2341.0	0.529620619393	0.868648569873
2340.0	0.529846952991	0.868222893637
2339.0	0.53007348012	0.868268500123
2338.0	0.530300201027	0.8684380345
2337.0	0.530527115961	0.868458943795
2336.0	0.530754225171	0.868442955859
2335.0	0.530981528908	0.868874588257
2334.0	0.531209027421	0.868279018489
2333.0	0.53143672096	0.868481195165
2332.0	0.531664609777	0.86850651673
2331.0	0.531892694123	0.868270162372
2330.0	0.532120974249	0.868113643273
2329.0	0.532349450408	0.868108767161
2328.0	0.532578122852	0.867967529519
2327.0	0.532806991835	0.868143231629
2326.0	0.53303605761	0.868097639441
2325.0	0.53326532043	0.868169605099
2324.0	0.533494780551	0.868029279573
2323.0	0.533724438226	0.86780948068
2322.0	0.533954293712	0.867871530238
2321.0	0.534184347264	0.867874282652
2320.0	0.534414599138	0.867777038484
2319.0	0.53464504959	0.867908057244
2318.0	0.534875698878	0.867872585137
2317.0	0.535106547259	0.867807692144
2316.0	0.535337594991	0.86764678801
2315.0	0.535568842333	0.867906758427
2314.0	0.535800289542	0.867914720326
2313.0	0.536031936879	0.86751804356
2312.0	0.536263784602	0.867615662826
2311.0	0.536495832973	0.867662601812
2310.0	0.536728082251	0.867961874806
2309.0	0.536960532698	0.867455651883
2308.0	0.537193184575	0.86723024762
2307.0	0.537426038145	0.867109415829
2306.0	0.537659093669	0.867412728154
2305.0	0.53789235141	0.867468579442
2304.0	0.538125811632	0.867466190862
2303.0	0.538359474598	0.867295974157
2302.0	0.538593340573	0.867494020119
2301.0	0.538827409822	0.867415533413
2300.0	0.539061682609	0.867040932418
2299.0	0.5392961592	0.867226226933
2298.0	0.539530839861	0.86703149872
2297.0	0.539765724859	0.867150128139
2296.0	0.54000081446	0.867232107483
2295.0	0.540236108932	0.86716051016
2294.0	0.540471608544	0.866814281149
2293.0	0.540707313563	0.867070575866
2292.0	0.540943224258	0.867220846966
2291.0	0.541179340899	0.867196062176
2290.0	0.541415663755	0.866793219742
2289.0	0.541652193097	0.866802862964
2288.0	0.541888929196	0.866446022242
2287.0	0.542125872322	0.866525163038
2286.0	0.542363022747	0.86609432423
2285.0	0.542600380744	0.866216041862
2284.0	0.542837946585	0.866248314078
2283.0	0.543075720543	0.86640913448
2282.0	0.543313702892	0.866294856461
2281.0	0.543551893906	0.866401962995
2280.0	0.54379029386	0.866314730748
2279.0	0.544028903028	0.866204817978
2278.0	0.544267721686	0.866179095926
2277.0	0.54450675011	0.866295504217
2276.0	0.544745988576	0.866387881651
2275.0	0.544985437363	0.865871498539
2274.0	0.545225096746	0.86598497611
2273.0	0.545464967004	0.866437717566
2272.0	0.545705048415	0.866148990822
2271.0	0.545945341259	0.866520712438
2270.0	0.546185845815	0.86656737331
2269.0	0.546426562362	0.866582924013
2268.0	0.546667491182	0.86672413793
2267.0	0.546908632554	0.866534272222
2266.0	0.547149986761	0.867015640809
2265.0	0.547391554084	0.867461674383
2264.0	0.547633334806	0.86739001891
2263.0	0.547875329209	0.867074076073
2262.0	0.548117537577	0.866800124563
2261.0	0.548359960195	0.867140056432
2260.0	0.548602597345	0.868096802855
2259.0	0.548845449314	0.868051778666
2258.0	0.549088516386	0.868336970946
2257.0	0.549331798848	0.868515873631
2256.0	0.549575296986	0.868476305716
2255.0	0.549819011086	0.868603079975
2254.0	0.550062941437	0.868691868064
2253.0	0.550307088327	0.869314571381
2252.0	0.550551452043	0.869539912505
2251.0	0.550796032874	0.869820855623
2250.0	0.551040831111	0.870188627319
2249.0	0.551285847043	0.869996707558
2248.0	0.551531080961	0.870678571283
2247.0	0.551776533155	0.870113416115
2246.0	0.552022203918	0.870887121639
2245.0	0.552268093541	0.871039913224
2244.0	0.552514202317	0.87143456301
2243.0	0.552760530539	0.871695115419
2242.0	0.553007078501	0.87050969016
2241.0	0.553253846497	0.870386050721
2240.0	0.553500834821	0.871654354061
2239.0	0.55374804377	0.871441505799
2238.0	0.553995473637	0.871440992521
2237.0	0.554243124721	0.871697116177
2236.0	0.554490997317	0.871522763713
2235.0	0.554739091723	0.870892381508
2234.0	0.554987408236	0.871571937065
2233.0	0.555235947156	0.871957356137
2232.0	0.555484708781	0.872588566048
2231.0	0.555733693411	0.871467879176
2230.0	0.555982901345	0.872153776537
2229.0	0.556232332885	0.871581246246
2228.0	0.55648198833	0.871017226412
2227.0	0.556731867984	0.872909261808
2226.0	0.556981972147	0.871550476678
2225.0	0.557232301124	0.871279298032
2224.0	0.557482855216	0.870951276806
2223.0	0.557733634728	0.871116873866
2222.0	0.557984639964	0.872533194246
2221.0	0.558235871229	0.870928135457
2220.0	0.558487328829	0.869563166072
2219.0	0.558739013069	0.864991108829
2218.0	0.558990924256	0.864068537185
2217.0	0.559243062697	0.86330526458
2216.0	0.5594954287	0.862818939729
2215.0	0.559748022573	0.862774811292
2214.0	0.560000844625	0.862391415151
2213.0	0.560253895165	0.86189361566
2212.0	0.560507174503	0.86201867955
2211.0	0.560760682949	0.861802900267
2210.0	0.561014420814	0.860733153754
2209.0	0.561268388411	0.861043457552
2208.0	0.561522586051	0.860906779493
2207.0	0.561777014046	0.861307340265
2206.0	0.562031672711	0.860684200821
2205.0	0.562286562358	0.860299163596
2204.0	0.562541683303	0.859829538141
2203.0	0.56279703586	0.86066632365
2202.0	0.563052620345	0.86098740077
2201.0	0.563308437074	0.867073212129
2200.0	0.563564486364	0.896527175315
2199.0	0.563820768531	0.885533351718
2198.0	0.564077283894	0.884157336348
2197.0	0.564334032772	0.881124237073
2196.0	0.564591015483	0.877202067173
2195.0	0.564848232346	0.873989371079
2194.0	0.565105683683	0.868863271289
2193.0	0.565363369813	0.86729012143
2192.0	0.565621291058	0.866960796797
2191.0	0.565879447741	0.866717366416
2190.0	0.566137840183	0.866314786379
2189.0	0.566396468707	0.865366282561
2188.0	0.566655333638	0.865393564202
2187.0	0.566914435299	0.865366048117
2186.0	0.567173774016	0.865370682594
2185.0	0.567433350114	0.86541612163
2184.0	0.567693163919	0.865416121827
2183.0	0.567953215758	0.865507321027
2182.0	0.568213505958	0.865541125776
2181.0	0.568474034846	0.865756416984
2180.0	0.568734802752	0.866159245304
2179.0	0.568995810005	0.866069146955
2178.0	0.569257056933	0.866035027884
2177.0	0.569518543868	0.86615789083
2176.0	0.56978027114	0.866359152457
2175.0	0.57004223908	0.866484773007
2174.0	0.570304448022	0.866540706853
2173.0	0.570566898297	0.8663694108
2172.0	0.570829590239	0.866817613454
2171.0	0.571092524182	0.866396901423
2170.0	0.571355700461	0.866360509775
2169.0	0.57161911941	0.866630656818
2168.0	0.571882781365	0.866763872653
2167.0	0.572146686664	0.866248104392
2166.0	0.572410835642	0.866495271854
2165.0	0.572675228637	0.866250009127
2164.0	0.572939865989	0.866180914662
2163.0	0.573204748035	0.866427796953
2162.0	0.573469875116	0.866297887438
2161.0	0.573735247571	0.866336277842
2160.0	0.574000865741	0.866173234455
2159.0	0.574266729968	0.866375180595
2158.0	0.574532840593	0.866183077532
2157.0	0.57479919796	0.866052788526
2156.0	0.575065802412	0.866393957011
2155.0	0.575332654292	0.86613492634
2154.0	0.575599753946	0.866321663744
2153.0	0.575867101719	0.866389121166
2152.0	0.576134697955	0.866007152903
2151.0	0.576402543003	0.866210039871
2150.0	0.576670637209	0.866179308009
2149.0	0.576938980921	0.866153273473
2148.0	0.577207574488	0.866097114408
2147.0	0.577476418258	0.865929463792
2146.0	0.577745512582	0.866051161194
2145.0	0.578014857809	0.865675321085
2144.0	0.578284454291	0.865770125325
2143.0	0.57855430238	0.865917442971
2142.0	0.578824402428	0.86590041642
2141.0	0.579094754787	0.865863286122
2140.0	0.579365359813	0.865932551213
2139.0	0.579636217859	0.866173917003
2138.0	0.57990732928	0.866071464296
2137.0	0.580178694431	0.865977287315
2136.0	0.58045031367	0.865941544771
2135.0	0.580722187354	0.865871070465
2134.0	0.580994315839	0.865810695015
2133.0	0.581266699484	0.865880726368
2132.0	0.581539338649	0.865847274171
2131.0	0.581812233693	0.865730258124
2130.0	0.582085384977	0.865833741633
2129.0	0.58235879286	0.866087903593
2128.0	0.582632457707	0.866228274652
2127.0	0.582906379878	0.866058239157
2126.0	0.583180559737	0.865980055888
2125.0	0.583454997647	0.86604359071
2124.0	0.583729693974	0.865864864414
2123.0	0.584004649081	0.866066366163
2122.0	0.584279863336	0.865963413891
2121.0	0.584555337105	0.865666826632
2120.0	0.584831070755	0.865726565196
2119.0	0.585107064653	0.865886248728
2118.0	0.585383319169	0.865951712088
2117.0	0.585659834672	0.865933923686
2116.0	0.585936611531	0.86588688915
2115.0	0.586213650118	0.866220328002
2114.0	0.586490950804	0.865958116161
2113.0	0.586768513961	0.866002879196
2112.0	0.587046339962	0.865906047735
2111.0	0.58732442918	0.86588545893
2110.0	0.587602781991	0.866055959212
2109.0	0.587881398767	0.865904557443
2108.0	0.588160279886	0.865633308613
2107.0	0.588439425724	0.865809981834
2106.0	0.588718836657	0.865824808193
2105.0	0.588998513064	0.865946027588
2104.0	0.589278455323	0.865738128822
2103.0	0.589558663814	0.865979128501
2102.0	0.589839138915	0.865645534701
2101.0	0.590119881009	0.865805809343
2100.0	0.590400890476	0.865759615123
2099.0	0.590682167699	0.865750830449
2098.0	0.59096371306	0.865547269122
2097.0	0.591245526943	0.865947725664
2096.0	0.591527609733	0.865774520647
2095.0	0.591809961814	0.865922964857
2094.0	0.592092583572	0.865845093014
2093.0	0.592375475394	0.865717085699
2092.0	0.592658637667	0.865702188284
2091.0	0.59294207078	0.865579201016
2090.0	0.59322577512	0.865820008482
2089.0	0.593509751077	0.865701096592
2088.0	0.593793999042	0.866104068481
2087.0	0.594078519406	0.8655649224
2086.0	0.59436331256	0.865681501713
2085.0	0.594648378897	0.865676172636
2084.0	0.59493371881	0.865750265922
2083.0	0.595219332693	0.865907749723
2082.0	0.595505220941	0.865550863204
2081.0	0.59579138395	0.865840610991
2080.0	0.596077822115	0.865616691165
2079.0	0.596364535835	0.865709369635
2078.0	0.596651525505	0.865768399107
2077.0	0.596938791526	0.865634469467
2076.0	0.597226334297	0.865573326886
2075.0	0.597514154217	0.865728760083
2074.0	0.597802251688	0.865681959282
2073.0	0.59809062711	0.865852189177
2072.0	0.598379280888	0.865496220723
2071.0	0.598668213423	0.865263769195
2070.0	0.598957425121	0.865847928156
2069.0	0.599246916385	0.86564538327
2068.0	0.599536687621	0.865519853068
2067.0	0.599826739236	0.865442773982
2066.0	0.600117071636	0.86580472062
2065.0	0.60040768523	0.865802097257
2064.0	0.600698580426	0.865505258727
2063.0	0.600989757635	0.865746627487
2062.0	0.601281217265	0.865557951874
2061.0	0.601572959728	0.865518221618
2060.0	0.601864985437	0.865363601555
2059.0	0.602157294803	0.86550440422
2058.0	0.602449888241	0.865553388105
2057.0	0.602742766164	0.865542752717
2056.0	0.603035928988	0.865539581911
2055.0	0.603329377129	0.865411141912
2054.0	0.603623111003	0.865456761423
2053.0	0.603917131028	0.865646015605
2052.0	0.604211437622	0.865283698368
2051.0	0.604506031204	0.865164771573
2050.0	0.604800912195	0.865611806839
2049.0	0.605096081015	0.865307148923
2048.0	0.605391538086	0.865350294709
2047.0	0.60568728383	0.865159521943
2046.0	0.605983318671	0.865198042618
2045.0	0.606279643032	0.865248254358
2044.0	0.606576257339	0.865249884862
2043.0	0.606873162017	0.865415487964
2042.0	0.607170357493	0.865041024787
2041.0	0.607467844194	0.865129315376
2040.0	0.607765622549	0.865197796271
2039.0	0.608063692987	0.865302455202
2038.0	0.608362055937	0.865242359553
2037.0	0.608660711831	0.865141126091
2036.0	0.6089596611	0.865371807349
2035.0	0.609258904177	0.865347693455
2034.0	0.609558441495	0.865166201258
2033.0	0.609858273487	0.865341873881
2032.0	0.610158400591	0.865194390667
2031.0	0.61045882324	0.865400350986
2030.0	0.610759541872	0.865258821541
2029.0	0.611060556925	0.865001490321
2028.0	0.611361868836	0.865432296472
2027.0	0.611663478046	0.865341350484
2026.0	0.611965384995	0.865079053808
2025.0	0.612267590123	0.865304117201
2024.0	0.612570093874	0.865060864829
2023.0	0.612872896688	0.865014851516
2022.0	0.613175999011	0.865215656927
2021.0	0.613479401286	0.865038424386
2020.0	0.61378310396	0.865114166914
2019.0	0.614087107479	0.86521623925
2018.0	0.614391412289	0.864712748485
2017.0	0.61469601884	0.86475606493
2016.0	0.615000927579	0.864931625566
2015.0	0.615306138958	0.865093028695
2014.0	0.615611653426	0.865314511627
2013.0	0.615917471436	0.865077667374
2012.0	0.616223593439	0.865077277562
2011.0	0.616530019891	0.865049716999
2010.0	0.616836751244	0.865076526442
2009.0	0.617143787954	0.865236110698
2008.0	0.617451130478	0.865119362928
2007.0	0.617758779273	0.86486441713
2006.0	0.618066734796	0.864974509507
2005.0	0.618374997506	0.864890439478
2004.0	0.618683567864	0.864759749132
2003.0	0.618992446331	0.864863693543
2002.0	0.619301633367	0.864987515577
2001.0	0.619611129435	0.864747761309
2000.0	0.619920935	0.864959953233
1999.0	0.620231050525	0.864753505122
1998.0	0.620541476476	0.864897372037
1997.0	0.62085221332	0.864942672272
1996.0	0.621163261523	0.864865547915
1995.0	0.621474621554	0.864832667206
1994.0	0.621786293882	0.865115989886
1993.0	0.622098278976	0.864891088031
1992.0	0.622410577309	0.864715190638
1991.0	0.622723189352	0.864872593705
1990.0	0.623036115578	0.865263601587
1989.0	0.623349356461	0.86500794507
1988.0	0.623662912475	0.86496921405
1987.0	0.623976784097	0.865161212958
1986.0	0.624290971803	0.865477208505
1985.0	0.624605476071	0.86487743026
1984.0	0.624920297379	0.864850195332
1983.0	0.625235436208	0.865014786254
1982.0	0.625550893037	0.86502485675
1981.0	0.625866668349	0.8649293362
1980.0	0.626182762626	0.864768000064
1979.0	0.626499176352	0.865026259746
1978.0	0.62681591001	0.864858474768
1977.0	0.627132964087	0.864738785366
1976.0	0.627450339069	0.86480828662
1975.0	0.627768035443	0.865098723618
1974.0	0.628086053698	0.865037483693
1973.0	0.628404394323	0.8648709081
1972.0	0.628723057809	0.864751385764
1971.0	0.629042044647	0.865051725322
1970.0	0.62936135533	0.864800232972
1969.0	0.62968099035	0.864896810496
1968.0	0.630000950203	0.864863797115
1967.0	0.630321235384	0.864838622013
1966.0	0.630641846389	0.864756729857
1965.0	0.630962783715	0.86507094422
1964.0	0.631284047862	0.864860011499
1963.0	0.631605639328	0.864935812818
1962.0	0.631927558614	0.864619362206
1961.0	0.632249806221	0.865033423925
1960.0	0.632572382653	0.865139002199
1959.0	0.632895288412	0.865054315663
1958.0	0.633218524004	0.865158881462
1957.0	0.633542089934	0.865051168821
1956.0	0.633865986708	0.864800729388
1955.0	0.634190214834	0.864640655211
1954.0	0.634514774821	0.86493510143
1953.0	0.634839667179	0.865067898337
1952.0	0.635164892418	0.864661463043
1951.0	0.635490451051	0.864692346693
1950.0	0.63581634359	0.864397161049
1949.0	0.636142570549	0.864465728755
1948.0	0.636469132444	0.864798484597
1947.0	0.636796029789	0.864746680816
1946.0	0.637123263104	0.864554202293
1945.0	0.637450832905	0.864680401452
1944.0	0.637778739712	0.864443660542
1943.0	0.638106984045	0.864636454511
1942.0	0.638435566426	0.864625674223
1941.0	0.638764487378	0.864290119762
1940.0	0.639093747423	0.864581558377
1939.0	0.639423347086	0.864229464895
1938.0	0.639753286894	0.864615726817
1937.0	0.640083567372	0.864436770484
1936.0	0.64041418905	0.864349336272
1935.0	0.640745152455	0.86509496023
1934.0	0.641076458118	0.864662648608
1933.0	0.64140810657	0.864664079072
1932.0	0.641740098344	0.864522888719
1931.0	0.642072433972	0.86424975319
1930.0	0.64240511399	0.864739937139
1929.0	0.642738138932	0.864176694325
1928.0	0.643071509336	0.86443452935
1927.0	0.643405225739	0.864438726601
1926.0	0.643739288681	0.865015597622
1925.0	0.644073698701	0.864477396364
1924.0	0.644408456341	0.864231357069
1923.0	0.644743562142	0.865146579179
1922.0	0.645079016649	0.865178482084
1921.0	0.645414820406	0.86354970027
1920.0	0.645750973958	0.864181203192
1919.0	0.646087477853	0.865464091836
1918.0	0.646424332638	0.865269590735
1917.0	0.646761538863	0.863645728161
1916.0	0.647099097077	0.864164969028
1915.0	0.647437007833	0.864679265327
1914.0	0.647775271682	0.863752254649
1913.0	0.648113889179	0.864707346796
1912.0	0.648452860879	0.865236778412
1911.0	0.648792187336	0.864368022274
1910.0	0.64913186911	0.864637574643
1909.0	0.649471906757	0.86478569753
1908.0	0.649812300839	0.863866042797
1907.0	0.650153051914	0.864233111472
1906.0	0.650494160546	0.864346676335
1905.0	0.650835627297	0.865091402221
1904.0	0.651177452731	0.865430524478
1903.0	0.651519637415	0.86414134627
1902.0	0.651862181914	0.864153769323
1901.0	0.652205086796	0.864830475522
1900.0	0.652548352632	0.863782735182
1899.0	0.652891979989	0.864911538266
1898.0	0.653235969442	0.865226444262
1897.0	0.65358032156	0.86448916008
1896.0	0.65392503692	0.86440133273
1895.0	0.654270116095	0.864290866634
1894.0	0.654615559662	0.864158045136
1893.0	0.654961368199	0.864310209128
1892.0	0.655307542283	0.864482135802
1891.0	0.655654082496	0.864541134445
1890.0	0.656000989418	0.864318455135
1889.0	0.656348263632	0.864797981044
1888.0	0.65669590572	0.864264927277
1887.0	0.657043916269	0.863685692929
1886.0	0.657392295864	0.864202762124
1885.0	0.657741045093	0.864523578553
1884.0	0.658090164544	0.864083234097
1883.0	0.658439654806	0.864542341156
1882.0	0.658789516472	0.864479392355
1881.0	0.659139750133	0.86371803899
1880.0	0.659490356383	0.864292810129
1879.0	0.659841335817	0.864221880555
1878.0	0.660192689031	0.863986582186
1877.0	0.660544416622	0.863799953806
1876.0	0.66089651919	0.864193061599
1875.0	0.661248997333	0.864080493278
1874.0	0.661601851654	0.86356048412
1873.0	0.661955082755	0.863643642118
1872.0	0.662308691239	0.864448870461
1871.0	0.662662677712	0.863741181812
1870.0	0.663017042781	0.86381168931
1869.0	0.663371787052	0.865055510218
1868.0	0.663726911135	0.863244935843
1867.0	0.66408241564	0.864626908253
1866.0	0.664438301179	0.865088420237
1865.0	0.664794568365	0.863196655846
1864.0	0.665151217811	0.86361656419
1863.0	0.665508250134	0.864223939727
1862.0	0.665865665951	0.864202735235
1861.0	0.666223465879	0.863700820518
1860.0	0.666581650538	0.863166762933
1859.0	0.666940220549	0.864986813995
1858.0	0.667299176534	0.864798037365
1857.0	0.667658519117	0.862957587399
1856.0	0.668018248922	0.863816344544
1855.0	0.668378366577	0.864169379109
1854.0	0.668738872708	0.862734215434
1853.0	0.669099767944	0.863846209529
1852.0	0.669461052916	0.864491624147
1851.0	0.669822728255	0.863869994396
1850.0	0.670184794595	0.863441597923
1849.0	0.670547252569	0.863289947785
1848.0	0.670910102814	0.862635240598
1847.0	0.671273345966	0.863312010346
1846.0	0.671636982665	0.864875290492
1845.0	0.67200101355	0.863700086629
1844.0	0.672365439262	0.862946530396
1843.0	0.672730260445	0.863032952905
1842.0	0.673095477742	0.862545354089
1841.0	0.673461091798	0.864399710455
1840.0	0.673827103261	0.864174311023
1839.0	0.674193512779	0.864211937011
1838.0	0.674560321001	0.863777270427
1837.0	0.674927528579	0.863016038837
1836.0	0.675295136166	0.864167527268
1835.0	0.675663144414	0.864266502607
1834.0	0.67603155398	0.86419418913
1833.0	0.676400365521	0.863290111581
1832.0	0.676769579694	0.863240104389
1831.0	0.67713919716	0.863450579492
1830.0	0.677509218579	0.864193804909
1829.0	0.677879644615	0.863769617899
1828.0	0.67825047593	0.863595195991
1827.0	0.678621713191	0.863161784116
1826.0	0.678993357065	0.863012019257
1825.0	0.679365408219	0.864973020774
1824.0	0.679737867325	0.864101392009
1823.0	0.680110735052	0.863401652214
1822.0	0.680484012075	0.863127758017
1821.0	0.680857699066	0.86325465606
1820.0	0.681231796703	0.86398960823
1819.0	0.681606305662	0.86429927937
1818.0	0.681981226623	0.863387631263
1817.0	0.682356560264	0.86323609331
1816.0	0.682732307269	0.863212326423
1815.0	0.68310846832	0.863496362381
1814.0	0.683485044101	0.86402648804
1813.0	0.683862035301	0.863733130398
1812.0	0.684239442605	0.863809955766
1811.0	0.684617266703	0.863428818749
1810.0	0.684995508287	0.863792267293
1809.0	0.685374168049	0.86373302876
1808.0	0.685753246681	0.863867088314
1807.0	0.686132744881	0.8634111003
1806.0	0.686512663344	0.863661011997
1805.0	0.68689300277	0.863771117988
1804.0	0.687273763858	0.863830540219
1803.0	0.68765494731	0.863111346891
1802.0	0.688036553829	0.86367459427
1801.0	0.68841858412	0.86319307234
1800.0	0.688801038889	0.863916421894
1799.0	0.689183918844	0.863868159024
1798.0	0.689567224694	0.863570751861
1797.0	0.689950957151	0.863297870647
1796.0	0.690335116927	0.863349369255
1795.0	0.690719704735	0.863778953549
1794.0	0.691104721293	0.863550109707
1793.0	0.691490167317	0.86334052672
1792.0	0.691876043527	0.863502262735
1791.0	0.692262350642	0.863141130515
1790.0	0.692649089385	0.863725998914
1789.0	0.693036260481	0.863216710003
1788.0	0.693423864653	0.863510926704
1787.0	0.69381190263	0.863867883444
1786.0	0.69420037514	0.863169002548
1785.0	0.694589282913	0.86327222781
1784.0	0.694978626682	0.863021659393
1783.0	0.695368407179	0.863627653798
1782.0	0.69575862514	0.863201659816
1781.0	0.696149281303	0.863359163107
1780.0	0.696540376404	0.863519323775
1779.0	0.696931911186	0.86334473852
1778.0	0.697323886389	0.863293134323
1777.0	0.697716302757	0.863425484786
1776.0	0.698109161036	0.863320758238
1775.0	0.698502461972	0.863486094217
1774.0	0.698896206313	0.863446458631
1773.0	0.699290394811	0.863413172627
1772.0	0.699685028217	0.863595021679
1771.0	0.700080107284	0.863745230756
1770.0	0.700475632768	0.863598876663
1769.0	0.700871605427	0.863307978596
1768.0	0.701268026018	0.863535822693
1767.0	0.701664895303	0.86364864688
1766.0	0.702062214043	0.863595623195
1765.0	0.702459983003	0.863551193615
1764.0	0.702858202948	0.863715119438
1763.0	0.703256874645	0.863286827364
1762.0	0.703655998865	0.863772749314
1761.0	0.704055576377	0.863322050073
1760.0	0.704455607955	0.863402125046
1759.0	0.704856094372	0.863607225646
1758.0	0.705257036405	0.863381899312
1757.0	0.705658434832	0.863599638561
1756.0	0.706060290433	0.863774432903
1755.0	0.706462603989	0.86352649215
1754.0	0.706865376283	0.863455489411
1753.0	0.7072686081	0.863433966037
1752.0	0.707672300228	0.863187873149
1751.0	0.708076453455	0.863661608389
1750.0	0.708481068571	0.863556049828
1749.0	0.708886146369	0.863456006752
1748.0	0.709291687643	0.863429448877
1747.0	0.709697693188	0.863496855389
1746.0	0.710104163803	0.86372780093
1745.0	0.710511100287	0.863536669347
1744.0	0.71091850344	0.863616650199
1743.0	0.711326374068	0.863482832442
1742.0	0.711734712974	0.863191722282
1741.0	0.712143520965	0.863367285644
1740.0	0.712552798851	0.863612282037
1739.0	0.712962547441	0.863510191508
1738.0	0.713372767549	0.863933230256
1737.0	0.713783459988	0.863770517704
1736.0	0.714194625576	0.86387185452
1735.0	0.71460626513	0.863551068776
1734.0	0.715018379469	0.863438694844
1733.0	0.715430969417	0.863660701432
1732.0	0.715844035797	0.863600034691
1731.0	0.716257579434	0.863533431218
1730.0	0.716671601156	0.863988632026
1729.0	0.717086101793	0.864129250217
1728.0	0.717501082176	0.863816207562
1727.0	0.717916543138	0.86411388482
1726.0	0.718332485516	0.864031495915
1725.0	0.718748910145	0.86354385211
1724.0	0.719165817865	0.863457214143
1723.0	0.719583209518	0.863661133883
1722.0	0.720001085947	0.863507044555
1721.0	0.720419447995	0.863801592986
1720.0	0.720838296512	0.863738560954
1719.0	0.721257632344	0.86390617527
1718.0	0.721677456345	0.863968431212
1717.0	0.722097769365	0.863582547497
1716.0	0.722518572261	0.863888737855
1715.0	0.722939865889	0.863352666672
1714.0	0.723361651109	0.863543809922
1713.0	0.72378392878	0.86368449357
1712.0	0.724206699766	0.863911995351
1711.0	0.724629964933	0.863696294323
1710.0	0.725053725146	0.863970407543
1709.0	0.725477981276	0.8633075808
1708.0	0.725902734192	0.863329490317
1707.0	0.726327984769	0.863941340714
1706.0	0.72675373388	0.8638722988
1705.0	0.727179982405	0.863606109178
1704.0	0.727606731221	0.863466611559
1703.0	0.72803398121	0.863524656637
1702.0	0.728461733255	0.86323414254
1701.0	0.728889988242	0.86359516264
1700.0	0.729318747059	0.863427783402
1699.0	0.729748010594	0.863831585177
1698.0	0.730177779741	0.863199973312
1697.0	0.730608055392	0.86370676
1696.0	0.731038838443	0.863422372582
1695.0	0.731470129794	0.863540159027
1694.0	0.731901930342	0.863438861214
1693.0	0.732334240992	0.863444458533
1692.0	0.732767062648	0.863684758264
1691.0	0.733200396215	0.863537019834
1690.0	0.733634242604	0.863610611237
1689.0	0.734068602724	0.863555277815
1688.0	0.734503477488	0.863341173823
1687.0	0.734938867813	0.863520124228
1686.0	0.735374774614	0.863249644263
1685.0	0.735811198813	0.86353916207
1684.0	0.73624814133	0.863098403504
1683.0	0.73668560309	0.86344305661
1682.0	0.737123585018	0.863645945176
1681.0	0.737562088043	0.863482481983
1680.0	0.738001113095	0.863372064576
1679.0	0.738440661108	0.863393516935
1678.0	0.738880733015	0.863078569982
1677.0	0.739321329756	0.863255380055
1676.0	0.739762452267	0.863753085195
1675.0	0.740204101493	0.863305753893
1674.0	0.740646278375	0.863264688125
1673.0	0.741088983861	0.863448996752
1672.0	0.7415322189	0.863568301932
1671.0	0.74197598444	0.863508248624
1670.0	0.742420281437	0.863705146161
1669.0	0.742865110845	0.863318901502
1668.0	0.743310473621	0.863555446469
1667.0	0.743756370726	0.863460508022
1666.0	0.744202803121	0.863416192861
1665.0	0.744649771772	0.86311632462
1664.0	0.745097277644	0.863270994222
1663.0	0.745545321708	0.863287846179
1662.0	0.745993904934	0.863143567934
1661.0	0.746443028296	0.863246566384
1660.0	0.746892692771	0.863370654103
1659.0	0.747342899337	0.86325745239
1658.0	0.747793648975	0.863639825768
1657.0	0.748244942667	0.863214848248
1656.0	0.748696781401	0.86335354274
1655.0	0.749149166163	0.86280906303
1654.0	0.749602097944	0.863070529766
1653.0	0.750055577737	0.862860436518
1652.0	0.750509606538	0.863286410203
1651.0	0.750964185342	0.863125984135
1650.0	0.751419315152	0.863237220479
1649.0	0.751874996968	0.862742815825
1648.0	0.752331231796	0.862902529983
1647.0	0.752788020644	0.863334884767
1646.0	0.75324536452	0.862947228001
1645.0	0.753703264438	0.862946445418
1644.0	0.754161721411	0.86309321238
1643.0	0.754620736458	0.86273182031
1642.0	0.755080310597	0.863092667799
1641.0	0.755540444851	0.863084785722
1640.0	0.756001140244	0.863111585467
1639.0	0.756462397804	0.86257233806
1638.0	0.756924218559	0.862798269446
1637.0	0.757386603543	0.862830376105
1636.0	0.75784955379	0.862953580278
1635.0	0.758313070336	0.86296003565
1634.0	0.758777154223	0.863395171357
1633.0	0.759241806491	0.863470007838
1632.0	0.759707028186	0.862976691745
1631.0	0.760172820356	0.863278156737
1630.0	0.760639184049	0.862987041577
1629.0	0.761106120319	0.862822233335
1628.0	0.761573630221	0.863366951917
1627.0	0.762041714813	0.863156054925
1626.0	0.762510375154	0.863002627364
1625.0	0.762979612308	0.863045927422
1624.0	0.76344942734	0.863259693025
1623.0	0.763919821319	0.863040052418
1622.0	0.764390795314	0.86332159342
1621.0	0.764862350401	0.862639087809
1620.0	0.765334487654	0.863229217829
1619.0	0.765807208153	0.862836511346
1618.0	0.766280512979	0.862715665471
1617.0	0.766754403216	0.863169704357
1616.0	0.76722887995	0.863172517491
1615.0	0.767703944272	0.863121750749
1614.0	0.768179597274	0.862995374914
1613.0	0.76865584005	0.863035572579
1612.0	0.769132673697	0.863091681938
1611.0	0.769610099317	0.862916822543
1610.0	0.770088118012	0.863025103559
1609.0	0.770566730889	0.862805730266
1608.0	0.771045939055	0.863061022795
1607.0	0.771525743622	0.863119445942
1606.0	0.772006145704	0.863295602895
1605.0	0.772487146417	0.863488376268
1604.0	0.772968746883	0.863172507942
1603.0	0.773450948222	0.863023758237
1602.0	0.773933751561	0.863241467547
1601.0	0.774417158026	0.862537678829
1600.0	0.77490116875	0.863068877135
1599.0	0.775385784866	0.863123597793
1598.0	0.775871007509	0.862989719043
1597.0	0.776356837821	0.862741487506
1596.0	0.776843276942	0.862966500854
1595.0	0.777330326019	0.862917520129
1594.0	0.777817986198	0.862947313355
1593.0	0.778306258632	0.862656622808
1592.0	0.778795144472	0.862815194495
1591.0	0.779284644877	0.862877071518
1590.0	0.779774761006	0.862895411197
1589.0	0.780265494021	0.86289291448
1588.0	0.780756845088	0.862784471446
1587.0	0.781248815375	0.862651045438
1586.0	0.781741406053	0.862994344816
1585.0	0.782234618297	0.863218985182
1584.0	0.782728453283	0.8630045792
1583.0	0.783222912192	0.862803018349
1582.0	0.783717996207	0.863066807205
1581.0	0.784213706515	0.862781370333
1580.0	0.784710044304	0.862834740327
1579.0	0.785207010766	0.862633900161
1578.0	0.785704607098	0.862570776063
1577.0	0.786202834496	0.862687886392
1576.0	0.786701694162	0.862941551345
1575.0	0.787201187302	0.862993861533
1574.0	0.787701315121	0.862877913946
1573.0	0.78820207883	0.862888107794
1572.0	0.788703479644	0.863115359566
1571.0	0.789205518778	0.862818781933
1570.0	0.789708197452	0.862559509316
1569.0	0.79021151689	0.863084860546
1568.0	0.790715478316	0.862398591594
1567.0	0.791220082961	0.862680655244
1566.0	0.791725332056	0.862444562566
1565.0	0.792231226837	0.862658614894
1564.0	0.792737768542	0.862705682358
1563.0	0.793244958413	0.862986201114
1562.0	0.793752797695	0.863089521044
1561.0	0.794261287636	0.862831156481
1560.0	0.794770429487	0.863494125649
1559.0	0.795280224503	0.862744221907
1558.0	0.795790673941	0.862842987705
1557.0	0.796301779062	0.862925017122
1556.0	0.796813541131	0.862362569254
1555.0	0.797325961415	0.863077787385
1554.0	0.797839041184	0.863113907338
1553.0	0.798352781713	0.863080343139
1552.0	0.798867184278	0.862955602697
1551.0	0.799382250161	0.862574488615
1550.0	0.799897980645	0.863095331052
1549.0	0.800414377017	0.862697974151
1548.0	0.800931440568	0.863109827303
1547.0	0.801449172592	0.863124057552
1546.0	0.801967574386	0.86265578424
1545.0	0.802486647249	0.862756397303
1544.0	0.803006392487	0.862571453012
1543.0	0.803526811406	0.862762757262
1542.0	0.804047905318	0.862792432831
1541.0	0.804569675535	0.862948573783
1540.0	0.805092123377	0.86300988521
1539.0	0.805615250162	0.863070380237
1538.0	0.806139057217	0.863163736643
1537.0	0.806663545869	0.862682505098
1536.0	0.807188717448	0.862846801338
1535.0	0.80771457329	0.862968683448
1534.0	0.808241114733	0.862821903476
1533.0	0.808768343118	0.863083477494
1532.0	0.809296259791	0.863018435458
1531.0	0.809824866101	0.862895064206
1530.0	0.810354163399	0.863368481853
1529.0	0.810884153041	0.862747289094
1528.0	0.811414836387	0.862666649842
1527.0	0.8119462148	0.863088864147
1526.0	0.812478289646	0.863148494047
1525.0	0.813011062295	0.862893805471
1524.0	0.813544534121	0.863343107735
1523.0	0.8140787065	0.862770282963
1522.0	0.814613580815	0.86269681436
1521.0	0.815149158448	0.863104768159
1520.0	0.815685440789	0.863237537434
1519.0	0.81622242923	0.863181109491
1518.0	0.816760125165	0.862768078815
1517.0	0.817298529993	0.863010047104
1516.0	0.817837645119	0.86322654423
1515.0	0.818377471947	0.862994482336
1514.0	0.818918011889	0.863438002803
1513.0	0.819459266358	0.86299732644
1512.0	0.820001236772	0.862823818246
1511.0	0.820543924553	0.862761186412
1510.0	0.821087331126	0.862707221101
1509.0	0.821631457919	0.862864653256
1508.0	0.822176306366	0.862676770397
1507.0	0.822721877903	0.863240106405
1506.0	0.823268173971	0.862885605442
1505.0	0.823815196013	0.862709803031
1504.0	0.824362945479	0.863151137883
1503.0	0.824911423819	0.862687809243
1502.0	0.82546063249	0.863070312202
1501.0	0.826010572951	0.862524871303
1500.0	0.826561246667	0.862485870164
1499.0	0.827112655103	0.862861137829
1498.0	0.827664799733	0.862386665055
1497.0	0.828217682031	0.862845097228
1496.0	0.828771303476	0.862504731171
1495.0	0.829325665552	0.862484921042
1494.0	0.829880769746	0.86246997808
1493.0	0.830436617549	0.862666147429
1492.0	0.830993210456	0.863067958484
1491.0	0.831550549966	0.862676268903
1490.0	0.832108637584	0.86262273576
1489.0	0.832667474815	0.862743345545
1488.0	0.833227063172	0.862806221944
1487.0	0.833787404169	0.862737671181
1486.0	0.834348499327	0.86226208314
1485.0	0.834910350168	0.862806629402
1484.0	0.835472958221	0.862697506862
1483.0	0.836036325017	0.862951072804
1482.0	0.836600452092	0.862743907223
1481.0	0.837165340986	0.862704720493
1480.0	0.837730993243	0.862426268773
1479.0	0.838297410412	0.862911797982
1478.0	0.838864594046	0.862381689892
1477.0	0.839432545701	0.862718695292
1476.0	0.840001266938	0.862551990488
1475.0	0.840570759322	0.86240386662
1474.0	0.841141024423	0.862266486755
1473.0	0.841712063815	0.862364863092
1472.0	0.842283879076	0.862390488316
1471.0	0.842856471788	0.86266465695
1470.0	0.843429843537	0.86245515836
1469.0	0.844003995916	0.862646837581
1468.0	0.844578930518	0.863060062403
1467.0	0.845154648943	0.862509868823
1466.0	0.845731152797	0.862589526571
1465.0	0.846308443686	0.862685373505
1464.0	0.846886523224	0.862639525892
1463.0	0.847465393028	0.861868027988
1462.0	0.84804505472	0.862329263893
1461.0	0.848625509925	0.862166108235
1460.0	0.849206760274	0.862254884698
1459.0	0.849788807402	0.862207575385
1458.0	0.850371652949	0.862705703087
1457.0	0.850955298559	0.862710603128
1456.0	0.851539745879	0.862743749992
1455.0	0.852124996564	0.862479016595
1454.0	0.85271105227	0.862330283603
1453.0	0.853297914659	0.862065897651
1452.0	0.853885585399	0.862607491028
1451.0	0.854474066161	0.862470215111
1450.0	0.855063358621	0.86255535447
1449.0	0.855653464458	0.862996456452
1448.0	0.856244385359	0.862620263512
1447.0	0.856836123013	0.862659450436
1446.0	0.857428679115	0.862646646291
1445.0	0.858022055363	0.862717393688
1444.0	0.858616253463	0.862693665545
1443.0	0.859211275121	0.862383567116
1442.0	0.859807122053	0.862056615951
1441.0	0.860403795975	0.862392489007
1440.0	0.861001298611	0.86255888541
1439.0	0.861599631689	0.862667873736
1438.0	0.86219879694	0.862497322931
1437.0	0.862798796103	0.861920943333
1436.0	0.863399630919	0.86252772749
1435.0	0.864001303136	0.862344843497
1434.0	0.864603814505	0.862406031375
1433.0	0.865207166783	0.862611876334
1432.0	0.865811361732	0.861971576132
1431.0	0.866416401118	0.862406854452
1430.0	0.867022286713	0.862146501822
1429.0	0.867629020294	0.862053443063
1428.0	0.868236603641	0.862182971598
1427.0	0.868845038542	0.862804081551
1426.0	0.869454326788	0.86231762232
1425.0	0.870064470175	0.862070980485
1424.0	0.870675470506	0.862292598535
1423.0	0.871287329585	0.862727317977
1422.0	0.871900049226	0.862209977085
1421.0	0.872513631246	0.862256849838
1420.0	0.873128077465	0.862310994234
1419.0	0.873743389711	0.862024415041
1418.0	0.874359569817	0.862171676198
1417.0	0.874976619619	0.862035768685
1416.0	0.87559454096	0.861890401607
1415.0	0.876213335689	0.86202309775
1414.0	0.876833005658	0.861716827342
1413.0	0.877453552725	0.861962898842
1412.0	0.878074978754	0.86218413127
1411.0	0.878697285613	0.861768825104
1410.0	0.879320475177	0.861336307732
1409.0	0.879944549326	0.861480427754
1408.0	0.880569509943	0.861210091533
1407.0	0.88119535892	0.860993529358
1406.0	0.881822098151	0.861880238781
1405.0	0.882449729537	0.860547581769
1404.0	0.883078254986	0.862087520323
1403.0	0.883707676408	0.861770194057
1402.0	0.88433799572	0.860886149974
1401.0	0.884969214847	0.859986528796
1400.0	0.885601335714	0.861313020196
1399.0	0.886234360257	0.861188691103
1398.0	0.886868290415	0.860552293667
1397.0	0.887503128132	0.86030192554
1396.0	0.888138875358	0.860210181234
1395.0	0.88877553405	0.860582836767
1394.0	0.889413106169	0.860912409789
1393.0	0.890051593683	0.860307827605
1392.0	0.890690998563	0.859807548431
1391.0	0.891331322789	0.860751741795
1390.0	0.891972568345	0.860099627085
1389.0	0.892614737221	0.859605767022
1388.0	0.893257831412	0.859636179632
1387.0	0.89390185292	0.860377980687
1386.0	0.894546803752	0.859425368244
1385.0	0.895192685921	0.859513728121
1384.0	0.895839501445	0.859911907782
1383.0	0.89648725235	0.859421256364
1382.0	0.897135940666	0.859867163165
1381.0	0.897785568429	0.859510698746
1380.0	0.898436137681	0.86003953494
1379.0	0.899087650471	0.860117734443
1378.0	0.899740108853	0.86024060519
1377.0	0.900393514887	0.860417163906
1376.0	0.90104787064	0.859866525725
1375.0	0.901703178182	0.860578606327
1374.0	0.902359439592	0.860921020772
1373.0	0.903016656956	0.860592008805
1372.0	0.903674832362	0.861346757298
1371.0	0.904333967907	0.861638889822
1370.0	0.904994065693	0.862122644265
1369.0	0.905655127831	0.861731169911
1368.0	0.906317156433	0.862063602617
1367.0	0.906980153621	0.862339904913
1366.0	0.907644121523	0.862072763957
1365.0	0.908309062271	0.861880831501
1364.0	0.908974978006	0.863414903663
1363.0	0.909641870873	0.862239730057
1362.0	0.910309743025	0.862000395747
1361.0	0.91097859662	0.862917229088
1360.0	0.911648433824	0.862651482098
1359.0	0.912319256806	0.862421339872
1358.0	0.912991067747	0.862704788222
1357.0	0.913663868828	0.862452917123
1356.0	0.914337662242	0.862446682865
1355.0	0.915012450185	0.862097849152
1354.0	0.91568823486	0.862450962591
1353.0	0.916365018477	0.861940048456
1352.0	0.917042803254	0.862042944101
1351.0	0.917721591414	0.862034635452
1350.0	0.918401385185	0.86226876055
1349.0	0.919082186805	0.862390786476
1348.0	0.919763998516	0.86214741731
1347.0	0.920446822569	0.862177769558
1346.0	0.921130661218	0.862319023236
1345.0	0.921815516729	0.862025968663
1344.0	0.922501391369	0.862113805427
1343.0	0.923188287416	0.861835063328
1342.0	0.923876207154	0.861883893929
1341.0	0.924565152871	0.861970724034
1340.0	0.925255126866	0.862011046509
1339.0	0.925946131441	0.861754117554
1338.0	0.926638168909	0.862242398423
1337.0	0.927331241586	0.862051988476
1336.0	0.928025351796	0.861946465253
1335.0	0.928720501873	0.861959033841
1334.0	0.929416694153	0.862162567777
1333.0	0.930113930983	0.861913318963
1332.0	0.930812214715	0.861868436484
1331.0	0.931511547708	0.861882006461
1330.0	0.932211932331	0.861886869981
1329.0	0.932913370956	0.862043002837
1328.0	0.933615865964	0.861654720458
1327.0	0.934319419744	0.862323606996
1326.0	0.935024034691	0.862002551442
1325.0	0.935729713208	0.862028408131
1324.0	0.936436457704	0.862008270399
1323.0	0.937144270597	0.861892678206
1322.0	0.937853154312	0.861737363603
1321.0	0.938563111279	0.861891223354
1320.0	0.939274143939	0.862339715955
1319.0	0.939986254738	0.861920663431
1318.0	0.940699446131	0.861699154198
1317.0	0.941413720577	0.861994910604
1316.0	0.942129080547	0.862084691275
1315.0	0.942845528517	0.861798549826
1314.0	0.943563066971	0.86189456732
1313.0	0.944281698401	0.861664459198
1312.0	0.945001425305	0.862299790077
1311.0	0.945722250191	0.862235207627
1310.0	0.946444175573	0.861862142289
1309.0	0.947167203972	0.861814133834
1308.0	0.94789133792	0.861718470333
1307.0	0.948616579954	0.861943072506
1306.0	0.949342932619	0.861888976448
1305.0	0.950070398467	0.862136407909
1304.0	0.950798980061	0.861663783875
1303.0	0.951528679969	0.862104206925
1302.0	0.952259500768	0.862263596929
1301.0	0.952991445042	0.862359740397
1300.0	0.953724515385	0.862346141968
1299.0	0.954458714396	0.862638791582
1298.0	0.955194044684	0.862120884986
1297.0	0.955930508867	0.86233060583
1296.0	0.956668109568	0.862336181926
1295.0	0.957406849421	0.862262964448
1294.0	0.958146731066	0.86250414958
1293.0	0.958887757154	0.862447885073
1292.0	0.959629930341	0.862236095449
1291.0	0.960373253292	0.862089645036
1290.0	0.961117728682	0.862853703108
1289.0	0.961863359193	0.862352471493
1288.0	0.962610147516	0.862362217334
1287.0	0.963358096348	0.86222752694
1286.0	0.964107208398	0.862445834513
1285.0	0.964857486381	0.862490190394
1284.0	0.965608933022	0.862473186205
1283.0	0.966361551052	0.862126986781
1282.0	0.967115343214	0.862421082152
1281.0	0.967870312256	0.862435778058
1280.0	0.968626460937	0.862406103756
1279.0	0.969383792025	0.862897162577
1278.0	0.970142308294	0.862393706522
1277.0	0.970902012529	0.862264573127
1276.0	0.971662907524	0.862253807201
1275.0	0.972424996078	0.862456846254
1274.0	0.973188281005	0.86254143178
1273.0	0.973952765122	0.862412528683
1272.0	0.974718451258	0.86191767862
1271.0	0.97548534225	0.8619152781
1270.0	0.976253440945	0.861293613652
1269.0	0.977022750197	0.861998657248
1268.0	0.977793272871	0.861456653661
1267.0	0.978565011839	0.861129202113
1266.0	0.979337969984	0.861666290298
1265.0	0.980112150198	0.861372389736
1264.0	0.98088755538	0.860870497743
1263.0	0.98166418844	0.861438377407
1262.0	0.982442052298	0.861588199337
1261.0	0.983221149881	0.861073545359
1260.0	0.984001484127	0.86142119177
1259.0	0.984783057983	0.861211146556
1258.0	0.985565874404	0.861232613639
1257.0	0.986349936356	0.861410418131
1256.0	0.987135246815	0.861719412403
1255.0	0.987921808765	0.861496041641
1254.0	0.988709625199	0.861252281147
1253.0	0.989498699122	0.861060213559
1252.0	0.990289033546	0.861555646227
1251.0	0.991080631495	0.861280805708
1250.0	0.991873496	0.861783418769
1249.0	0.992667630104	0.861304678141
1248.0	0.993463036859	0.861868040122
1247.0	0.994259719326	0.861382641566
1246.0	0.995057680578	0.861115815449
1245.0	0.995856923695	0.861602940472
1244.0	0.996657451768	0.861698579365
1243.0	0.9974592679	0.861481003643
1242.0	0.998262375201	0.86119647711
1241.0	0.999066776793	0.861446413228
1240.0	0.999872475806	0.860937769805
1239.0	1.00067947538	0.861639859723
1238.0	1.00148777868	0.861285446042
1237.0	1.00229738884	0.861526865482
1236.0	1.00310830906	0.861683799223
1235.0	1.00392054251	0.86120243836
1234.0	1.00473409238	0.861503704441
1233.0	1.00554896188	0.861581582923
1232.0	1.00636515422	0.862142877956
1231.0	1.00718267262	0.861654168559
1230.0	1.00800152033	0.861573794236
1229.0	1.00882170057	0.861583571943
1228.0	1.00964321661	0.861772141539
1227.0	1.01046607172	0.861909740159
1226.0	1.01129026917	0.861941498617
1225.0	1.01211581224	0.862003048084
1224.0	1.01294270425	0.861943258898
1223.0	1.01377094849	0.862106124213
1222.0	1.01460054828	0.861865754244
1221.0	1.01543150696	0.86146802254
1220.0	1.01626382787	0.862356755359
1219.0	1.01709751436	0.862218482022
1218.0	1.01793256979	0.862083957182
1217.0	1.01876899753	0.861994105651
1216.0	1.01960680099	0.861867783292
1215.0	1.02044598354	0.86176658835
1214.0	1.0212865486	0.861932696046
1213.0	1.02212849959	0.862396397966
1212.0	1.02297183993	0.86206485562
1211.0	1.02381657308	0.861997373707
1210.0	1.02466270248	0.861950676625
1209.0	1.0255102316	0.862159314541
1208.0	1.02635916391	0.861757821932
1207.0	1.0272095029	0.862120902515
1206.0	1.02806125207	0.861832924283
1205.0	1.02891441494	0.86150840645
1204.0	1.02976899502	0.861868392626
1203.0	1.03062499584	0.86198076388
1202.0	1.03148242097	0.861971409069
1201.0	1.03234127394	0.862604070641
1200.0	1.03320155833	0.862241464507
1199.0	1.03406327773	0.862395270446
1198.0	1.03492643573	0.862009638973
1197.0	1.03579103592	0.86230525573
1196.0	1.03665708194	0.862126963973
1195.0	1.03752457741	0.861878085279
1194.0	1.03839352596	0.861871815722
1193.0	1.03926393127	0.862109839741
1192.0	1.04013579698	0.861983124366
1191.0	1.04100912678	0.861676087053
1190.0	1.04188392437	0.861964117731
1189.0	1.04276019344	0.86160987177
1188.0	1.04363793771	0.861542842195
1187.0	1.04451716091	0.861647272936
1186.0	1.04539786678	0.861742720639
1185.0	1.04628005907	0.862118378095
1184.0	1.04716374155	0.861879911092
1183.0	1.04804891801	0.861793066901
1182.0	1.04893559222	0.861688231072
1181.0	1.04982376799	0.862114583225
1180.0	1.05071344915	0.861971645688
1179.0	1.05160463953	0.862508165724
1178.0	1.05249734295	0.862467115122
1177.0	1.0533915633	0.862243011568
1176.0	1.05428730442	0.862262460173
1175.0	1.05518457021	0.861970657594
1174.0	1.05608336457	0.862251522159
1173.0	1.05698369139	0.862061799501
1172.0	1.05788555461	0.861705618516
1171.0	1.05878895816	0.862095448066
1170.0	1.05969390598	0.861793557299
1169.0	1.06060040205	0.86201901935
1168.0	1.06150845034	0.862124463457
1167.0	1.06241805484	0.862151339024
1166.0	1.06332921955	0.861644800983
1165.0	1.0642419485	0.861902665225
1164.0	1.0651562457	0.861826658882
1163.0	1.06607211522	0.861861324539
1162.0	1.0669895611	0.861840808323
1161.0	1.06790858742	0.862269099428
1160.0	1.06882919828	0.861942697643
1159.0	1.06975139776	0.861692321451
1158.0	1.07067518998	0.861664922435
1157.0	1.07160057908	0.861890653355
1156.0	1.0725275692	0.861413099214
1155.0	1.0734561645	0.861761875917
1154.0	1.07438636915	0.861376213729
1153.0	1.07531818734	0.861827715173
1152.0	1.07625162326	0.861816304626
1151.0	1.07718668115	0.861901812667
1150.0	1.07812336522	0.861569713531
1149.0	1.07906167972	0.861897189653
1148.0	1.08000162892	0.862258539615
1147.0	1.08094321709	0.861801071011
1146.0	1.08188644852	0.861335371155
1145.0	1.08283132751	0.861927187216
1144.0	1.08377785839	0.861867232601
1143.0	1.08472604549	0.862073126542
1142.0	1.08567589317	0.862409657077
1141.0	1.08662740578	0.861660628156
1140.0	1.08758058772	0.861647852758
1139.0	1.08853544337	0.861669682388
1138.0	1.08949197715	0.861718495422
1137.0	1.09045019349	0.861683080608
1136.0	1.09141009683	0.861783239426
1135.0	1.09237169163	0.861650514039
1134.0	1.09333498236	0.861689573049
1133.0	1.09429997352	0.862102528593
1132.0	1.09526666961	0.861579810732
1131.0	1.09623507515	0.861597475713
1130.0	1.09720519469	0.86142730288
1129.0	1.09817703277	0.861965582797
1128.0	1.09915059397	0.861745102201
1127.0	1.10012588287	0.861918387092
1126.0	1.10110290409	0.861893092365
1125.0	1.10208166222	0.862132917136
1124.0	1.10306216192	0.861784916178
1123.0	1.10404440784	0.861458046845
1122.0	1.10502840463	0.861917141583
1121.0	1.106014157	0.861897851688
1120.0	1.10700166964	0.861603412967
1119.0	1.10799094727	0.86190575224
1118.0	1.10898199463	0.861956870351
1117.0	1.10997481647	0.861701129246
1116.0	1.11096941756	0.861698750733
1115.0	1.11196580269	0.861790160776
1114.0	1.11296397666	0.862110300934
1113.0	1.11396394429	0.861960985621
1112.0	1.11496571043	0.861713426969
1111.0	1.11596927993	0.862183031598
1110.0	1.11697465766	0.862224444686
1109.0	1.11798184851	0.861554237063
1108.0	1.1189908574	0.861467155746
1107.0	1.12000168925	0.861417583104
1106.0	1.12101434901	0.861683599086
1105.0	1.12202884163	0.861668577372
1104.0	1.1230451721	0.861176262283
1103.0	1.12406334542	0.861727150743
1102.0	1.12508336661	0.861641840378
1101.0	1.12610524069	0.861580421636
1100.0	1.12712897273	0.861340928401
1099.0	1.12815456779	0.861297498429
1098.0	1.12918203097	0.861652202072
1097.0	1.13021136737	0.861853344968
1096.0	1.13124258212	0.861466298898
1095.0	1.13227568037	0.861385528016
1094.0	1.13331066728	0.861509952058
1093.0	1.13434754803	0.861720180132
1092.0	1.13538632784	0.861624611289
1091.0	1.13642701192	0.861352414222
1090.0	1.1374696055	0.861496079078
1089.0	1.13851411387	0.861360889079
1088.0	1.13956054228	0.86154513174
1087.0	1.14060889604	0.86113602504
1086.0	1.14165918048	0.8615946698
1085.0	1.14271140092	0.861645812777
1084.0	1.14376556273	0.861591602678
1083.0	1.14482167128	0.861569955736
1082.0	1.14587973198	0.861609725193
1081.0	1.14693975023	0.861853682558
1080.0	1.14800173148	0.861639192076
1079.0	1.14906568119	0.861906226065
1078.0	1.15013160482	0.861446125188
1077.0	1.15119950789	0.861432542118
1076.0	1.15226939591	0.861656459811
1075.0	1.15334127442	0.861668830905
1074.0	1.15441514898	0.860916357874
1073.0	1.15549102516	0.861613387406
1072.0	1.15656890858	0.861432639062
1071.0	1.15764880486	0.861663179144
1070.0	1.15873071963	0.861532975974
1069.0	1.15981465856	0.861738302685
1068.0	1.16090062734	0.861687413669
1067.0	1.16198863168	0.861678565043
1066.0	1.1630786773	0.861654363573
1065.0	1.16417076995	0.861207188267
1064.0	1.16526491541	0.861277255702
1063.0	1.16636111947	0.861390352315
1062.0	1.16745938795	0.861320140594
1061.0	1.16855972667	0.861354997355
1060.0	1.16966214151	0.861010488039
1059.0	1.17076663834	0.861351682053
1058.0	1.17187322306	0.861313162663
1057.0	1.17298190161	0.861290741395
1056.0	1.17409267992	0.861786839571
1055.0	1.17520556398	0.861298067082
1054.0	1.17632055977	0.861516168625
1053.0	1.17743767331	0.861563949189
1052.0	1.17855691065	0.861569327083
1051.0	1.17967827783	0.861666822561
1050.0	1.18080178095	0.861546383385
1049.0	1.18192742612	0.86161485896
1048.0	1.18305521947	0.861259564738
1047.0	1.18418516714	0.861540890169
1046.0	1.18531727533	0.861435996236
1045.0	1.18645155024	0.861183458926
1044.0	1.18758799808	0.861560451437
1043.0	1.18872662512	0.861038042921
1042.0	1.18986743762	0.86139635653
1041.0	1.19101044188	0.861402795969
1040.0	1.19215564423	0.861295793895
1039.0	1.19330305101	0.861814798948
1038.0	1.19445266859	0.86153962409
1037.0	1.19560450338	0.861468369873
1036.0	1.19675856178	0.861678228659
1035.0	1.19791485024	0.861316328986
1034.0	1.19907337524	0.861624551388
1033.0	1.20023414327	0.861479755702
1032.0	1.20139716085	0.861054316091
1031.0	1.20256243453	0.861225777536
1030.0	1.20372997087	0.861521742983
1029.0	1.20489977648	0.86155525171
1028.0	1.20607185798	0.861430848772
1027.0	1.20724622201	0.861179981477
1026.0	1.20842287524	0.861277439721
1025.0	1.20960182439	0.861430212051
1024.0	1.21078307617	0.861657228339
1023.0	1.21196663734	0.86165352314
1022.0	1.21315251468	0.86132010648
1021.0	1.21434071499	0.86172492709
1020.0	1.2155312451	0.861626675578
1019.0	1.21672411187	0.86159106851
1018.0	1.2179193222	0.861383688886
1017.0	1.21911688299	0.861436850924
1016.0	1.22031680118	0.861513831022
1015.0	1.22151908374	0.860671701137
1014.0	1.22272373767	0.861480230778
1013.0	1.22393076999	0.861009399306
1012.0	1.22514018775	0.861140776094
1011.0	1.22635199802	0.861860343796
1010.0	1.22756620792	0.861336441326
1009.0	1.22878282458	0.861721772963
1008.0	1.23000185516	0.861429174299
1007.0	1.23122330685	0.861798199297
1006.0	1.23244718688	0.861317338961
1005.0	1.23367350249	0.861372376184
1004.0	1.23490226096	0.861351572157
1003.0	1.23613346959	0.861825019369
1002.0	1.23736713573	0.861420774596
1001.0	1.23860326673	0.86132575584
1000.0	1.23984187	0.861556698879
999.0	1.24108295295	0.861432526683
998.0	1.24232652305	0.861552362301
997.0	1.24357258776	0.861757076566
996.0	1.24482115462	0.861399907711
995.0	1.24607223116	0.861296103964
994.0	1.24732582495	0.860902482424
993.0	1.24858194361	0.861522495647
992.0	1.24984059476	0.860918160133
991.0	1.25110178607	0.861494461518
990.0	1.25236552525	0.861428377596
989.0	1.25363182002	0.861231690473
988.0	1.25490067814	0.861644428033
987.0	1.2561721074	0.861466698741
986.0	1.25744611562	0.861591914255
985.0	1.25872271066	0.861320841739
984.0	1.26000190041	0.860948240194
983.0	1.26128369278	0.861046818398
982.0	1.26256809572	0.860794148784
981.0	1.26385511723	0.860817805117
980.0	1.26514476531	0.860673807026
979.0	1.26643704801	0.860924153749
978.0	1.26773197342	0.860493702483
977.0	1.26902954964	0.86029544904
976.0	1.27032978484	0.860459156704
975.0	1.27163268718	0.860245470413
974.0	1.27293826489	0.860292782505
973.0	1.27424652621	0.860163766165
972.0	1.27555747942	0.86008101244
971.0	1.27687113285	0.860159886316
970.0	1.27818749485	0.859825264911
969.0	1.27950657379	0.859864162225
968.0	1.2808283781	0.859811561875
967.0	1.28215291624	0.860349997199
966.0	1.28348019669	0.860356143388
965.0	1.28481022798	0.85996920218
964.0	1.28614301867	0.860407551036
963.0	1.28747857736	0.860105797355
962.0	1.28881691268	0.860375945085
961.0	1.2901580333	0.860316853082
960.0	1.29150194792	0.860215306408
959.0	1.29284866528	0.860210421785
958.0	1.29419819415	0.860188823518
957.0	1.29555054336	0.859972545883
956.0	1.29690572176	0.860270505125
955.0	1.29826373822	0.860568364189
954.0	1.29962460168	0.860195653984
953.0	1.30098832109	0.860174025324
952.0	1.30235490546	0.860216157448
951.0	1.30372436383	0.859861208253
950.0	1.30509670526	0.860134029086
949.0	1.30647193888	0.860206414081
948.0	1.30785007384	0.860131173771
947.0	1.30923111932	0.860101339189
946.0	1.31061508457	0.860202325343
945.0	1.31200197884	0.860148080538
944.0	1.31339181144	0.860611200327
943.0	1.31478459173	0.860371835154
942.0	1.31618032909	0.860126995944
941.0	1.31757903294	0.859574161397
940.0	1.31898071277	0.86009566245
939.0	1.32038537806	0.859858135754
938.0	1.32179303838	0.860297598192
937.0	1.32320370331	0.860518432163
936.0	1.32461738248	0.86029174671
935.0	1.32603408556	0.860405527771
934.0	1.32745382227	0.859773989503
933.0	1.32887660236	0.860071740055
932.0	1.33030243562	0.859940265068
931.0	1.3317313319	0.860149718275
930.0	1.33316330108	0.859850267781
929.0	1.33459835307	0.859787240347
928.0	1.33603649784	0.859770763514
927.0	1.33747774542	0.859702240086
926.0	1.33892210583	0.86008660916
925.0	1.34036958919	0.860550897903
924.0	1.34182020563	0.859585561978
923.0	1.34327396533	0.860442126629
922.0	1.34473087852	0.859580368255
921.0	1.34619095548	0.860610392361
920.0	1.34765420652	0.859902955277
919.0	1.349120642	0.860211753457
918.0	1.35059027233	0.860074636844
917.0	1.35206310796	0.859605661861
916.0	1.35353915939	0.860006110213
915.0	1.35501843716	0.860152090734
914.0	1.35650095186	0.859902506354
913.0	1.35798671413	0.860430700623
912.0	1.35947573465	0.859697956325
911.0	1.36096802415	0.859987278753
910.0	1.36246359341	0.860035187382
909.0	1.36396245325	0.859655333242
908.0	1.36546461454	0.860420050852
907.0	1.3669700882	0.86013992674
906.0	1.36847888521	0.860234408831
905.0	1.36999101657	0.859713494814
904.0	1.37150649336	0.860270966908
903.0	1.37302532669	0.860199674346
902.0	1.37454752772	0.860429809352
901.0	1.37607310766	0.860555761071
900.0	1.37760207778	0.860455154508
899.0	1.37913444939	0.8595544731
898.0	1.38067023385	0.860037870565
897.0	1.38220944259	0.860220342214
896.0	1.38375208705	0.86009056515
895.0	1.38529817877	0.859908725317
894.0	1.38684772931	0.860055642609
893.0	1.38840075028	0.859694924388
892.0	1.38995725336	0.859886457928
891.0	1.39151725028	0.860857201999
890.0	1.39308075281	0.860276763391
889.0	1.39464777278	0.859684057148
888.0	1.39621832207	0.860044510044
887.0	1.39779241263	0.859888105127
886.0	1.39937005643	0.860315192988
885.0	1.40095126554	0.860346300066
884.0	1.40253605204	0.860521569077
883.0	1.40412442809	0.860240573381
882.0	1.4057164059	0.859986524453
881.0	1.40731199773	0.860487228113
880.0	1.40891121591	0.860399830274
879.0	1.41051407281	0.860239142834
878.0	1.41212058087	0.859792514198
877.0	1.41373075257	0.860343568477
876.0	1.41534460046	0.859828860971
875.0	1.41696213714	0.859836942173
874.0	1.41858337529	0.859840375553
873.0	1.42020832761	0.860034379678
872.0	1.42183700688	0.859963468297
871.0	1.42346942595	0.860223883389
870.0	1.4251055977	0.860111218116
869.0	1.4267455351	0.860191050744
868.0	1.42838925115	0.860134001748
867.0	1.43003675894	0.859555576204
866.0	1.43168807159	0.859929009804
865.0	1.43334320231	0.860042571346
864.0	1.43500216435	0.859694672969
863.0	1.43666497103	0.860509193052
862.0	1.43833163573	0.860512365803
861.0	1.44000217189	0.860169975511
860.0	1.44167659302	0.860446094526
859.0	1.44335491269	0.860195788794
858.0	1.44503714452	0.860038736808
857.0	1.44672330222	0.860203424797
856.0	1.44841339953	0.860027778076
855.0	1.45010745029	0.860252208025
854.0	1.45180546838	0.86049207082
853.0	1.45350746776	0.859864579767
852.0	1.45521346244	0.860036354674
851.0	1.45692346651	0.859819504112
850.0	1.45863749412	0.860055143459
849.0	1.46035555948	0.860095879785
848.0	1.46207767689	0.860368929486
847.0	1.46380386068	0.860343862942
846.0	1.4655341253	0.860100039477
845.0	1.46726848521	0.860341096719
844.0	1.46900695498	0.859704945266
843.0	1.47074954923	0.859941828674
842.0	1.47249628266	0.860057274236
841.0	1.47424717004	0.859694571766
840.0	1.47600222619	0.859396467217
839.0	1.47776146603	0.86002941354
838.0	1.47952490453	0.859873178956
837.0	1.48129255675	0.86002215294
836.0	1.4830644378	0.860313151072
835.0	1.48484056287	0.860238107581
834.0	1.48662094724	0.859898562461
833.0	1.48840560624	0.859899212849
832.0	1.49019455529	0.859851129282
831.0	1.49198780987	0.860167571895
830.0	1.49378538554	0.860373410135
829.0	1.49558729795	0.859727965919
828.0	1.4973935628	0.860286054837
827.0	1.49920419589	0.859769042497
826.0	1.50101921308	0.860054725564
825.0	1.5028386303	0.859866473872
824.0	1.50466246359	0.860230085906
823.0	1.50649072904	0.859766808883
822.0	1.50832344282	0.859818527968
821.0	1.51016062119	0.860245174553
820.0	1.51200228049	0.859849322927
819.0	1.51384843712	0.860101671353
818.0	1.51569910758	0.85965900353
817.0	1.51755430845	0.860019518717
816.0	1.51941405637	0.860002161037
815.0	1.5212783681	0.859776710859
814.0	1.52314726044	0.860425523365
813.0	1.52502075031	0.860098659034
812.0	1.52689885468	0.859704747568
811.0	1.52878159063	0.860029264871
810.0	1.53066897531	0.859671761642
809.0	1.53256102596	0.860144837528
808.0	1.5344577599	0.860245339003
807.0	1.53635919455	0.859662623508
806.0	1.53826534739	0.860091047178
805.0	1.54017623602	0.859933702854
804.0	1.54209187811	0.860188571837
803.0	1.54401229141	0.859777495798
802.0	1.54593749377	0.859549372084
801.0	1.54786750312	0.859637725201
800.0	1.5498023375	0.860334792286
799.0	1.55174201502	0.859925059961
798.0	1.55368655388	0.860141977768
797.0	1.5556359724	0.859250944269
796.0	1.55759028894	0.859229953701
795.0	1.55954952201	0.859228504642
794.0	1.56151369018	0.859346356893
793.0	1.56348281211	0.859404548532
792.0	1.56545690657	0.859297681899
791.0	1.56743599241	0.859329752592
790.0	1.56942008861	0.859408987235
789.0	1.5714092142	0.859301039486
788.0	1.57340338832	0.859211285863
787.0	1.57540263024	0.859258712665
786.0	1.57740695929	0.859351754216
785.0	1.5794163949	0.859250314401
784.0	1.58143095663	0.859272333041
783.0	1.58345066411	0.859396372791
782.0	1.58547553708	0.859338444882
781.0	1.58750559539	0.859194954487
780.0	1.58954085897	0.859469917153
779.0	1.59158134788	0.859206571159
778.0	1.59362708226	0.859193366633
777.0	1.59567808237	0.859062285287
776.0	1.59773436856	0.859030621723
775.0	1.59979596129	0.859135488321
774.0	1.60186288114	0.859096010233
773.0	1.60393514877	0.858999466799
772.0	1.60601278497	0.858917883028
771.0	1.60809581064	0.859073672436
770.0	1.61018424675	0.859025789415
769.0	1.61227811443	0.858860580932
768.0	1.6143774349	0.858986415001
767.0	1.61648222947	0.858901196099
766.0	1.61859251958	0.859125383806
765.0	1.6207083268	0.85895640721
764.0	1.62282967277	0.859128795091
763.0	1.62495657929	0.859006342114
762.0	1.62708906824	0.858768687108
761.0	1.62922716163	0.858857323705
760.0	1.63137088158	0.85871243825
759.0	1.63352025033	0.858774699519
758.0	1.63567529024	0.858751273629
757.0	1.63783602378	0.858820795416
756.0	1.64000247354	0.85882047346
755.0	1.64217466225	0.858977874206
754.0	1.64435261273	0.858798039227
753.0	1.64653634794	0.858764155067
752.0	1.64872589096	0.858757298931
751.0	1.65092126498	0.8583975781
750.0	1.65312249333	0.858429109985
749.0	1.65532959947	0.858090317438
748.0	1.65754260695	0.858435556945
747.0	1.65976153949	0.858618901102
746.0	1.66198642091	0.858533856319
745.0	1.66421727517	0.858595221036
744.0	1.66645412634	0.858572620528
743.0	1.66869699865	0.858506173304
742.0	1.67094591644	0.858518156571
741.0	1.67320090418	0.858477259287
740.0	1.67546198649	0.85828400554
739.0	1.67772918809	0.85844383662
738.0	1.68000253388	0.858525315125
737.0	1.68228204885	0.858355373057
736.0	1.68456775815	0.858403761426
735.0	1.68685968707	0.858360173435
734.0	1.68915786104	0.858223008811
733.0	1.69146230559	0.858347416992
732.0	1.69377304645	0.858054921123
731.0	1.69609010944	0.858035663258
730.0	1.69841352055	0.858115246879
729.0	1.7007433059	0.858066613014
728.0	1.70307949176	0.858365329285
727.0	1.70542210454	0.85823388713
726.0	1.7077711708	0.858328055687
725.0	1.71012671724	0.858293449959
724.0	1.71248877072	0.858064518495
723.0	1.71485735823	0.858386877627
722.0	1.71723250693	0.858260967314
721.0	1.71961424411	0.858075102063
720.0	1.72200259722	0.858093219798
719.0	1.72439759388	0.858150321145
718.0	1.72679926184	0.858124292775
717.0	1.72920762901	0.8582361581
716.0	1.73162272346	0.857995462628
715.0	1.73404457343	0.8581336866
714.0	1.73647320728	0.85836996474
713.0	1.73890865358	0.85829456274
712.0	1.74135094101	0.858122710732
711.0	1.74380009845	0.858080859269
710.0	1.74625615493	0.858260443261
709.0	1.74871913963	0.858107420218
708.0	1.75118908192	0.858067714321
707.0	1.75366601132	0.857828352376
706.0	1.75614995751	0.858084118094
705.0	1.75864095035	0.857993358501
704.0	1.76113901989	0.858125704106
703.0	1.7636441963	0.857892690629
702.0	1.76615650997	0.85786509888
701.0	1.76867599144	0.857860111302
700.0	1.77120267143	0.857665548712
699.0	1.77373658083	0.858076712445
698.0	1.77627775072	0.85784820818
697.0	1.77882621234	0.857876549722
696.0	1.78138199713	0.857803212179
695.0	1.78394513669	0.857756154319
694.0	1.78651566282	0.857568100185
693.0	1.7890936075	0.857709490113
692.0	1.79167900289	0.857633072572
691.0	1.79427188133	0.857837528872
690.0	1.79687227536	0.857622807713
689.0	1.79948021771	0.857686465985
688.0	1.80209574128	0.857899141127
687.0	1.80471887918	0.857774070754
686.0	1.80734966472	0.857736503381
685.0	1.80998813139	0.857970673204
684.0	1.81263431287	0.85774726453
683.0	1.81528824305	0.857448089567
682.0	1.81794995601	0.857740678154
681.0	1.82061948605	0.85762735148
680.0	1.82329686765	0.857640606736
679.0	1.82598213549	0.85754824622
678.0	1.82867532448	0.857441859616
677.0	1.83137646972	0.857517998118
676.0	1.83408560651	0.857652291871
675.0	1.83680277037	0.857633376214
674.0	1.83952799703	0.857611095655
673.0	1.84226132244	0.85775409859
672.0	1.84500278274	0.857565454507
671.0	1.84775241431	0.857288362385
670.0	1.85051025373	0.857352473318
669.0	1.85327633782	0.857350399458
668.0	1.85605070359	0.857655538714
667.0	1.85883338831	0.857222015035
666.0	1.86162442943	0.857362641283
665.0	1.86442386466	0.857349405648
664.0	1.86723173193	0.857244489737
663.0	1.87004806938	0.857381024627
662.0	1.87287291541	0.857463508975
661.0	1.87570630862	0.857589314824
660.0	1.87854828788	0.857174468121
659.0	1.88139889226	0.85724338826
658.0	1.88425816109	0.857370118609
657.0	1.88712613394	0.857073928022
656.0	1.89000285061	0.857201663571
655.0	1.89288835115	0.857199014538
654.0	1.89578267584	0.856953581678
653.0	1.89868586524	0.857425672507
652.0	1.90159796012	0.857116609659
651.0	1.90451900154	0.857354801142
650.0	1.90744903077	0.857113933716
649.0	1.91038808937	0.856629699466
648.0	1.91333621914	0.857162460814
647.0	1.91629346213	0.856983078477
646.0	1.91925986068	0.856935979647
645.0	1.92223545736	0.857188869188
644.0	1.92522029503	0.856720400046
643.0	1.9282144168	0.856782645544
642.0	1.93121786604	0.856732976154
641.0	1.93423068643	0.856949862676
640.0	1.93725292187	0.856794178271
639.0	1.94028461659	0.857046825251
638.0	1.94332581505	0.85671885273
637.0	1.94637656201	0.856921506819
636.0	1.94943690252	0.856662353983
635.0	1.95250688189	0.856805552375
634.0	1.95558654574	0.8567143186
633.0	1.95867593997	0.856780233403
632.0	1.96177511076	0.856495492832
631.0	1.9648841046	0.856367552041
630.0	1.96800296825	0.856747581325
629.0	1.97113174881	0.856584434848
628.0	1.97427049363	0.856727248451
627.0	1.9774192504	0.85634155798
626.0	1.98057806709	0.856466328488
625.0	1.983746992	0.856566412658
624.0	1.98692607372	0.856477888462
623.0	1.99011536116	0.856447889411
622.0	1.99331490354	0.856337166494
621.0	1.9965247504	0.856068921425
620.0	1.99974495161	0.856261542476
619.0	2.00297555735	0.85624630632
618.0	2.00621661812	0.856252699882
617.0	2.00946818476	0.856152756452
616.0	2.01273030844	0.856043711942
615.0	2.01600304065	0.855734159797
614.0	2.01928643322	0.856144181082
613.0	2.02258053834	0.85603065699
612.0	2.0258854085	0.856140865643
611.0	2.02920109656	0.855937586074
610.0	2.03252765574	0.856124909941
609.0	2.03586513957	0.85608623525
608.0	2.03921360197	0.855907035765
607.0	2.0425730972	0.855952896576
606.0	2.04594367987	0.855855307144
605.0	2.04932540496	0.855633615355
604.0	2.05271832781	0.855744442033
603.0	2.05612250415	0.855827735998
602.0	2.05953799003	0.855812697163
601.0	2.06296484193	0.855671623576
600.0	2.06640311667	0.855532153065
599.0	2.06985287145	0.855954057692
598.0	2.07331416388	0.8557446219
597.0	2.07678705193	0.855738012499
596.0	2.08027159396	0.855681857982
595.0	2.08376784874	0.855848392822
594.0	2.08727587542	0.855491332316
593.0	2.09079573356	0.855625820461
592.0	2.09432748311	0.85534373544
591.0	2.09787118443	0.855654663218
590.0	2.10142689831	0.855445934069
589.0	2.10499468591	0.855660320446
588.0	2.10857460884	0.855326384917
587.0	2.11216672913	0.855471968808
586.0	2.11577110922	0.855415037977
585.0	2.11938781197	0.855692699044
584.0	2.12301690068	0.855594687872
583.0	2.12665843911	0.855453922164
582.0	2.13031249141	0.855475207397
581.0	2.1339791222	0.855462535355
580.0	2.13765839655	0.855418869443
579.0	2.14135037997	0.855793001071
578.0	2.14505513841	0.855367525095
577.0	2.1487727383	0.855304938356
576.0	2.15250324653	0.855257140385
575.0	2.15624673043	0.855269434768
574.0	2.16000325784	0.85521338346
573.0	2.16377289703	0.855121002795
572.0	2.16755571678	0.85525569734
571.0	2.17135178634	0.855198903911
570.0	2.17516117544	0.855442054524
569.0	2.17898395431	0.855463922208
568.0	2.18282019366	0.855169356464
567.0	2.18666996473	0.855326804955
566.0	2.19053333922	0.85485479047
565.0	2.19441038938	0.855085175422
564.0	2.19830118794	0.855137946061
563.0	2.20220580817	0.855040075111
562.0	2.20612432384	0.855017830878
561.0	2.21005680927	0.855358784056
560.0	2.21400333929	0.855059070951
559.0	2.21796398927	0.85506827616
558.0	2.22193883513	0.855030745278
557.0	2.22592795332	0.855049720445
556.0	2.22993142086	0.85498145171
555.0	2.23394931532	0.855048476632
554.0	2.2379817148	0.854917546036
553.0	2.24202869801	0.854969529775
552.0	2.2460903442	0.855016077402
551.0	2.25016673321	0.855051847715
550.0	2.25425794545	0.854857336292
549.0	2.25836406193	0.854839213768
548.0	2.26248516423	0.854568029038
547.0	2.26662133455	0.854687542648
546.0	2.27077265568	0.854657015625
545.0	2.27493921101	0.854790781975
544.0	2.27912108456	0.854662276674
543.0	2.28331836096	0.854861550086
542.0	2.28753112546	0.85467965659
541.0	2.29175946396	0.854583241572
540.0	2.29600346296	0.854499559108
539.0	2.30026320965	0.854705568937
538.0	2.30453879182	0.854628553806
537.0	2.30883029795	0.854422131742
536.0	2.31313781716	0.854546542368
535.0	2.31746143925	0.854548936165
534.0	2.32180125468	0.854720279052
533.0	2.3261573546	0.854653122048
532.0	2.33052983083	0.854503530659
531.0	2.33491877589	0.854338285627
530.0	2.33932428302	0.854627847771
529.0	2.34374644612	0.854394180068
528.0	2.34818535985	0.854196074704
527.0	2.35264111954	0.854326815574
526.0	2.35711382129	0.854141391031
525.0	2.3616035619	0.854435350619
524.0	2.36611043893	0.854167775266
523.0	2.37063455067	0.854295583502
522.0	2.37517599617	0.854261431054
521.0	2.37973487524	0.854226924632
520.0	2.38431128846	0.854181851456
519.0	2.38890533719	0.85434804101
518.0	2.39351712355	0.854371775474
517.0	2.39814675048	0.85407678233
516.0	2.40279432171	0.853990963095
515.0	2.40745994175	0.854068069293
514.0	2.41214371595	0.854128925366
513.0	2.41684575049	0.854282358615
512.0	2.42156615234	0.854263700432
511.0	2.42630502935	0.854287045286
510.0	2.4310624902	0.854511711765
509.0	2.4358386444	0.854083573962
508.0	2.44063360236	0.854319761484
507.0	2.44544747535	0.854350338861
506.0	2.45028037549	0.853914279051
505.0	2.45513241584	0.853908985735
504.0	2.46000371032	0.853908675257
503.0	2.46489437376	0.854146986948
502.0	2.46980452191	0.853745089761
501.0	2.47473427146	0.853732633261
500.0	2.47968374	0.853866686982
499.0	2.48465304609	0.854058450634
498.0	2.48964230924	0.853804002611
497.0	2.4946516499	0.854127045581
496.0	2.49968118952	0.854025356309
495.0	2.50473105051	0.854067641393
494.0	2.50980135628	0.853678055697
493.0	2.51489223124	0.853648792989
492.0	2.52000380081	0.853807198158
491.0	2.52513619145	0.853606022625
490.0	2.53028953061	0.85349322699
489.0	2.53546394683	0.853777806379
488.0	2.54065956967	0.85379330024
487.0	2.54587652977	0.853637047868
486.0	2.55111495885	0.853922245122
485.0	2.55637498969	0.853937483743
484.0	2.5616567562	0.853569902024
483.0	2.56696039337	0.853941418073
482.0	2.57228603734	0.853909518789
481.0	2.57763382536	0.853504956922
480.0	2.58300389583	0.853434037305
479.0	2.58839638831	0.853401839219
478.0	2.59381144351	0.853361577399
477.0	2.59924920335	0.853559103639
476.0	2.60470981092	0.853282608886
475.0	2.61019341053	0.853371154067
474.0	2.61570014768	0.8532359114
473.0	2.62123016913	0.853492596125
472.0	2.62678362288	0.853478973955
471.0	2.63236065817	0.853502854763
470.0	2.63796142553	0.853358876854
469.0	2.64358607676	0.853406925277
468.0	2.64923476496	0.853049638039
467.0	2.65490764454	0.853208250998
466.0	2.66060487124	0.852995545921
465.0	2.66632660215	0.852944248902
464.0	2.67207299569	0.852820018232
463.0	2.67784421166	0.852964421253
462.0	2.68364041126	0.852877251623
461.0	2.68946175705	0.852761749936
460.0	2.69530841304	0.853060292632
459.0	2.70118054466	0.853116328024
458.0	2.70707831878	0.852893931161
457.0	2.71300190372	0.852697385154
456.0	2.7189514693	0.852775503207
455.0	2.72492718681	0.852649414801
454.0	2.73092922907	0.852657326687
453.0	2.73695777042	0.852758904475
452.0	2.74301298673	0.852600624994
451.0	2.74909505543	0.852566951474
450.0	2.75520415556	0.85267216138
449.0	2.76134046771	0.852318624492
448.0	2.76750417411	0.852567829184
447.0	2.77369545861	0.85236643184
446.0	2.77991450673	0.852497048827
445.0	2.78616150562	0.85261208926
444.0	2.79243664414	0.852036136638
443.0	2.79874011287	0.852277705296
442.0	2.80507210407	0.85215944673
441.0	2.81143281179	0.852283113966
440.0	2.81782243182	0.852312054538
439.0	2.82424116173	0.852019530079
438.0	2.83068920091	0.8521968291
437.0	2.83716675057	0.852468028174
436.0	2.84367401376	0.852177134839
435.0	2.8502111954	0.852393867733
434.0	2.8567785023	0.851723169105
433.0	2.86337614319	0.851955549956
432.0	2.8700043287	0.851958949543
431.0	2.87666327146	0.8519492311
430.0	2.88335318605	0.851759001376
429.0	2.89007428904	0.851875736662
428.0	2.89682679907	0.851395315484
427.0	2.90361093677	0.852019655563
426.0	2.91042692488	0.851869016654
425.0	2.91727498824	0.851757264874
424.0	2.92415535377	0.851701815916
423.0	2.93106825059	0.851306185611
422.0	2.93801390995	0.851389905593
421.0	2.94499256532	0.851615768565
420.0	2.95200445238	0.851374588775
419.0	2.95904980907	0.851193510776
418.0	2.9661288756	0.851198633429
417.0	2.97324189448	0.851428744299
416.0	2.98038911058	0.850916634573
415.0	2.98757077108	0.850938787684
414.0	2.9947871256	0.851052484567
413.0	3.00203842615	0.850799576116
412.0	3.00932492718	0.850699731634
411.0	3.01664688564	0.850600239499
410.0	3.02400456098	0.850534710856
409.0	3.03139821516	0.850686423429
408.0	3.03882811275	0.850499749178
407.0	3.04629452088	0.850264607874
406.0	3.05379770936	0.850134580305
405.0	3.06133795062	0.85044329726
404.0	3.0689155198	0.850212256057
403.0	3.07653069479	0.850244890595
402.0	3.08418375622	0.850189250901
401.0	3.09187498753	0.84998581345
400.0	3.099604675	0.850054171058
399.0	3.10737310777	0.850051073366
398.0	3.11518057789	0.849839211088
397.0	3.12302738035	0.849577717388
396.0	3.13091381313	0.849574821015
395.0	3.13884017722	0.849723066464
394.0	3.14680677665	0.849261015161
393.0	3.15481391858	0.849625898837
392.0	3.16286191327	0.849262249817
391.0	3.17095107417	0.849268453451
390.0	3.17908171795	0.848964773061
389.0	3.18725416452	0.849062932138
388.0	3.19546873711	0.849193888694
387.0	3.20372576227	0.849104442183
386.0	3.21202556995	0.849208846238
385.0	3.22036849351	0.849002148028
384.0	3.22875486979	0.848980752702
383.0	3.23718503916	0.848937439492
382.0	3.24565934555	0.849110300196
381.0	3.25417813648	0.849009322281
380.0	3.26274176316	0.848749714425
379.0	3.27135058047	0.848890244458
378.0	3.28000494709	0.848664171274
377.0	3.28870522546	0.848866793328
376.0	3.29745178191	0.848814138022
375.0	3.30624498667	0.84868329095
374.0	3.3150852139	0.848913451737
373.0	3.32397284182	0.848560626274
372.0	3.33290825269	0.849181683746
371.0	3.34189183288	0.848566903097
370.0	3.35092397297	0.848614523001
369.0	3.36000506775	0.848362883237
368.0	3.3691355163	0.848882748129
367.0	3.37831572207	0.848654218018
366.0	3.3875460929	0.849091104805
365.0	3.3968270411	0.848694083561
364.0	3.40615898352	0.848554920966
363.0	3.4155423416	0.849033599705
362.0	3.42497754144	0.848579117401
361.0	3.43446501385	0.848403271175
360.0	3.44400519444	0.848752161877
359.0	3.45359852368	0.847078882582
358.0	3.46324544693	0.84721200428
357.0	3.47294641457	0.847146469588
356.0	3.48270188202	0.847032478076
355.0	3.49251230986	0.847035262153
354.0	3.50237816384	0.846912105966
353.0	3.51229991501	0.846969901534
352.0	3.52227803977	0.846983743297
351.0	3.53231301994	0.846699014219
350.0	3.54240534286	0.846609098346
349.0	3.55255550143	0.846946987562
348.0	3.56276399425	0.846793200748
347.0	3.57303132565	0.846693906515
346.0	3.58335800578	0.846348445838
345.0	3.59374455072	0.846413374766
344.0	3.60419148256	0.846425767442
343.0	3.61469932945	0.846320869184
342.0	3.62526862573	0.846440923765
341.0	3.63589991202	0.846128581752
340.0	3.64659373529	0.846226982722
