Your edit line - do NOT delete this line
X-pos [um], Y-pos [um], Max voltage [V]
1000	100.0	0.005685
1000	0.0	0.005374
1000	-100.0	0.004852
1000	-200.0	0.004438
1000	-300.0	0.003944
800	-400.0	0.00354
800	-500.0	0.003144
800	-600.0	0.002815
800	-700.0	0.002479
600	-800.0	0.002232
600	-900.0	0.002107
600	-1000.0	0.001883
400	-1100.0	0.001756
400	-1200.0	0.001663
600	-1300.0	0.001529
400	-1400.0	0.001485
400	-1500.0	0.00133
400	-1600.0	0.001213
200	-1700.0	0.001151
200	-1800.0	0.001055
200	-1900.0	0.000992
200	-2000.0	0.000923
200	-2100.0	0.000853
0	-2200.0	0.000802
0	-2300.0	0.000756
0	-2400.0	0.000715
0	-2500.0	0.000681
0	-2600.0	0.000632
-200	-2700.0	0.000598
-200	-2800.0	0.00056
-200	-2900.0	0.000541
-200	-3000.0	0.000511
-200	-3100.0	0.000505
-400	-3200.0	0.00051
-400	-3300.0	0.000497
-400	-3400.0	0.000515
-400	-3500.0	0.000529
-400	-3600.0	0.00053
-400	-3700.0	0.000549
-600	-3800.0	0.00052
-600	-3900.0	0.000471
1800	-4000.0	0.000457
1800	-4100.0	0.000471
1800	-4200.0	0.000501
1800	-4300.0	0.000502
1800	-4400.0	0.000511
1800	-4500.0	0.000524
1800	-4600.0	0.000528
1800	-4700.0	0.00052
1800	-4800.0	0.00053
1800	-4900.0	0.000518
1800	-5000.0	0.000519
1800	-5100.0	0.0005
1800	-5200.0	0.000493
1800	-5300.0	0.000471
1800	-5400.0	0.000451
1800	-5500.0	0.000447
1800	-5600.0	0.000431
1800	-5700.0	0.000399
1800	-5800.0	0.000392
1800	-5900.0	0.000362
1800	-6000.0	0.000349

Y_new [um], Max voltage [V]
100.856317477	0.005685
0.0	0.005374
-100.856317477	0.004852
-201.712634954	0.004438
-302.568952432	0.003944
-403.425269909	0.00354
-504.281587386	0.003144
-605.137904863	0.002815
-705.99422234	0.002479
-806.850539818	0.002232
-907.706857295	0.002107
-1008.56317477	0.001883
-1109.41949225	0.001756
-1210.27580973	0.001663
-1311.1321272	0.001529
-1411.98844468	0.001485
-1512.84476216	0.00133
-1613.70107964	0.001213
-1714.55739711	0.001151
-1815.41371459	0.001055
-1916.27003207	0.000992
-2017.12634954	0.000923
-2117.98266702	0.000853
-2218.8389845	0.000802
-2319.69530198	0.000756
-2420.55161945	0.000715
-2521.40793693	0.000681
-2622.26425441	0.000632
-2723.12057188	0.000598
-2823.97688936	0.00056
-2924.83320684	0.000541
-3025.68952432	0.000511
-3126.54584179	0.000505
-3227.40215927	0.00051
-3328.25847675	0.000497
-3429.11479422	0.000515
-3529.9711117	0.000529
-3630.82742918	0.00053
-3731.68374666	0.000549
-3832.54006413	0.00052
-3933.39638161	0.000471
-4034.25269909	0.000457
-4135.10901656	0.000471
-4235.96533404	0.000501
-4336.82165152	0.000502
-4437.677969	0.000511
-4538.53428647	0.000524
-4639.39060395	0.000528
-4740.24692143	0.00052
-4841.10323891	0.00053
-4941.95955638	0.000518
-5042.81587386	0.000519
-5143.67219134	0.0005
-5244.52850881	0.000493
-5345.38482629	0.000471
-5446.24114377	0.000451
-5547.09746125	0.000447
-5647.95377872	0.000431
-5748.8100962	0.000399
-5849.66641368	0.000392
-5950.52273115	0.000362
-6051.37904863	0.000349
