Your edit line - do NOT delete this line
X-pos [um], Y-pos [um], Max voltage [V]
800	0.0	0.002538
800	-100.0	0.002601
800	-200.0	0.002481
800	-300.0	0.002486
600	-400.0	0.002538
600	-500.0	0.002472
600	-600.0	0.002363
600	-700.0	0.002293
600	-800.0	0.002336
600	-900.0	0.002138
600	-1000.0	0.001856
600	-1100.0	0.001632
400	-1200.0	0.001613
400	-1300.0	0.001571
400	-1400.0	0.001512
400	-1500.0	0.001504
400	-1600.0	0.001504
400	-1700.0	0.001443
400	-1800.0	0.001365
200	-1900.0	0.001262
200	-2000.0	0.001139
200	-2100.0	0.001046
200	-2200.0	0.001014
200	-2300.0	0.000906
200	-2400.0	0.000823
1600	-2500.0	7.5e-05

Y_new [um], Max voltage [V]
0.0	0.002538
-104.995237987	0.002601
-209.990475975	0.002481
-314.985713962	0.002486
-419.980951949	0.002538
-524.976189936	0.002472
-629.971427924	0.002363
-734.966665911	0.002293
-839.961903898	0.002336
-944.957141885	0.002138
-1049.95237987	0.001856
-1154.94761786	0.001632
-1259.94285585	0.001613
-1364.93809383	0.001571
-1469.93333182	0.001512
-1574.92856981	0.001504
-1679.9238078	0.001504
-1784.91904578	0.001443
-1889.91428377	0.001365
-1994.90952176	0.001262
-2099.90475975	0.001139
-2204.89999773	0.001046
-2309.89523572	0.001014
-2414.89047371	0.000906
-2519.88571169	0.000823
-2624.88094968	7.5e-05
