Your edit line - do NOT delete this line
X-pos [um], Y-pos [um], Max voltage [V]
600	-600.0	0.003831
600	-650.0	0.00383
600	-700.0	0.003663
600	-750.0	0.003551
600	-800.0	0.003633
600	-850.0	0.003656
600	-900.0	0.003645
600	-950.0	0.003538
600	-1000.0	0.003442
600	-1050.0	0.003114
600	-1100.0	0.002893
600	-1150.0	0.002687
600	-1200.0	0.002581
400	-1250.0	0.002559
400	-1300.0	0.002522
400	-1350.0	0.002438
400	-1400.0	0.00245
400	-1450.0	0.002404
400	-1500.0	0.002409
400	-1550.0	0.002435
400	-1600.0	0.002409

Y_new [um], Max voltage [V]
-611.882341631	0.003831
-662.872536767	0.00383
-713.862731903	0.003663
-764.852927039	0.003551
-815.843122175	0.003633
-866.833317311	0.003656
-917.823512447	0.003645
-968.813707583	0.003538
-1019.80390272	0.003442
-1070.79409785	0.003114
-1121.78429299	0.002893
-1172.77448813	0.002687
-1223.76468326	0.002581
-1274.7548784	0.002559
-1325.74507353	0.002522
-1376.73526867	0.002438
-1427.72546381	0.00245
-1478.71565894	0.002404
-1529.70585408	0.002409
-1580.69604921	0.002435
-1631.68624435	0.002409
