Interpolation method used: linear
Column 1: energy in eV
Column 2: alpha *1e3 in 1/cm
Column 3: lambda in nm
Column 4: alpha *1e3 in 1/cm
0.270707831878	0.0494736641833	4580.0	0.0494736641833
0.29661288756	0.0121904845454	4180.0	0.0121904845454
0.319546873711	-0.00930015934004	3880.0	-0.00930015934004
0.343446501385	-0.0150277652116	3610.0	-0.0150277652116
0.367905599407	-0.0167344536296	3370.0	-0.0167344536296
0.392355022152	-0.0163004733198	3160.0	-0.0163004733198
0.417455175084	-0.0147417466296	2970.0	-0.0147417466296
0.441224864769	-0.0173489139018	2810.0	-0.0173489139018
0.464360250936	-0.0208977457132	2670.0	-0.0208977457132
0.490056075099	-0.0163447614306	2530.0	-0.0163447614306
0.515312497922	-0.0149337573675	2406.0	-0.0149337573675
0.539765724859	-0.00411767861372	2297.0	-0.00411767861372
0.560760682949	0.00137127154223	2211.0	0.00137127154223
0.588160279886	-0.00296627571688	2108.0	-0.00296627571688
0.612570093874	-0.0120828278213	2024.0	-0.0120828278213
0.636796029789	-0.00978006022577	1947.0	-0.00978006022577
0.661248997333	-0.00607560732308	1875.0	-0.00607560732308
0.685374168049	-0.00223243450177	1809.0	-0.00223243450177
0.709697693188	0.00095810504245	1747.0	0.00095810504245
0.733634242604	0.00212282275185	1690.0	0.00212282275185
0.75784955379	0.00266329996581	1636.0	0.00266329996581
0.782234618297	0.00227483826573	1585.0	0.00227483826573
0.806139057217	0.00107097565836	1538.0	0.00107097565836
0.830436617549	-0.000252461639392	1493.0	-0.000252461639392
0.854474066161	-0.00120269996199	1451.0	-0.00120269996199
0.878697285613	-0.00226294017662	1411.0	-0.00226294017662
0.902359439592	-0.00242922440032	1374.0	-0.00242922440032
0.926638168909	-0.00121247790042	1338.0	-0.00121247790042
0.950070398467	-0.000816437914923	1305.0	-0.000816437914923
0.973952765122	0.000966100546177	1273.0	0.000966100546177
0.998262375201	0.00310233793495	1242.0	0.00310233793495
1.02212849959	0.00487315368264	1213.0	0.00487315368264
1.04628005907	0.00662619021275	1185.0	0.00662619021275
1.06975139776	0.00871489729166	1159.0	0.00871489729166
1.09333498236	0.0104950058937	1134.0	0.0104950058937
1.11697465766	0.0120975313178	1110.0	0.0120975313178
1.14060889604	0.0141342077271	1087.0	0.0141342077271
1.16417076995	0.0163597733407	1065.0	0.0163597733407
1.18758799808	0.0179506122979	1044.0	0.0179506122979
1.21196663734	0.0213728988647	1023.0	0.0213728988647
1.23490226096	0.0228585484305	1004.0	0.0228585484305
1.25872271066	0.0257169538972	985.0	0.0257169538972
1.28215291624	0.0306133662466	967.0	0.0306133662466
1.30509670526	0.0341043990149	950.0	0.0341043990149
1.32887660236	0.0379271797837	933.0	0.0379271797837
1.35206310796	0.0400922551787	917.0	0.0400922551787
1.37607310766	0.0432472341281	901.0	0.0432472341281
1.39937005643	0.0462918454664	886.0	0.0462918454664
1.42183700688	0.0483979612426	872.0	0.0483979612426
1.44503714452	0.0507310178263	858.0	0.0507310178263
1.46726848521	0.0523312988426	845.0	0.0523312988426
1.49198780987	0.0583072124215	831.0	0.0583072124215
1.51384843712	0.0613546785237	819.0	0.0613546785237
1.53635919455	0.0726583259554	807.0	0.0726583259554
1.55954952201	0.0925125341272	795.0	0.0925125341272
1.58143095663	0.102997108977	784.0	0.102997108977
1.60393514877	0.106696673525	773.0	0.106696673525
1.62708906824	0.111017840552	762.0	0.111017840552
1.65092126498	0.115574140047	751.0	0.115574140047
1.67320090418	0.118892305047	741.0	0.118892305047
1.69609010944	0.123323818289	731.0	0.123323818289
1.71723250693	0.126271176175	722.0	0.126271176175
1.73890865358	0.129560570297	713.0	0.129560570297
1.7636441963	0.135704142761	703.0	0.135704142761
1.78394513669	0.138565759456	695.0	0.138565759456
1.80734966472	0.143627774227	686.0	0.143627774227
1.82867532448	0.14768968477	678.0	0.14768968477
1.85051025373	0.152144800583	670.0	0.152144800583
1.87287291541	0.156640315351	662.0	0.156640315351
1.89578267584	0.161564659788	654.0	0.161564659788
1.91629346213	0.164932274107	647.0	0.164932274107
1.94028461659	0.17100076907	639.0	0.17100076907
1.96177511076	0.175751396375	632.0	0.175751396375
1.983746992	0.181421294473	625.0	0.181421294473
2.00297555735	0.184345417056	619.0	0.184345417056
2.0258854085	0.190132082862	612.0	0.190132082862
2.04594367987	0.194074508706	606.0	0.194074508706
2.06985287145	0.201045708219	599.0	0.201045708219
2.09079573356	0.206169345748	593.0	0.206169345748
2.11216672913	0.211456300202	587.0	0.211456300202
2.13031249141	0.214041825568	582.0	0.214041825568
2.15250324653	0.220497498091	576.0	0.220497498091
2.17516117544	0.22754320138	570.0	0.22754320138
2.19441038938	0.231663067138	565.0	0.231663067138
2.21796398927	0.238864526909	559.0	0.238864526909
2.2379817148	0.244329198045	554.0	0.244329198045
2.25836406193	0.250564527485	549.0	0.250564527485
2.27912108456	0.256380698556	544.0	0.256380698556
2.30026320965	0.263129412407	539.0	0.263129412407
2.31746143925	0.267594778937	535.0	0.267594778937
2.33932428302	0.274871456981	530.0	0.274871456981
2.3616035619	0.282892517481	525.0	0.282892517481
2.37973487524	0.288099865219	521.0	0.288099865219
2.40279432171	0.297047853563	516.0	0.297047853563
2.42156615234	0.30256380437	512.0	0.30256380437
2.44063360236	0.308962239944	508.0	0.308962239944
2.46000371032	0.316000035868	504.0	0.316000035868
2.47968374	0.323617696497	500.0	0.323617696497
2.49968118952	0.331950854597	496.0	0.331950854597
2.52000380081	0.340504149382	492.0	0.340504149382
2.54065956967	0.350519063216	488.0	0.350519063216
2.55637498969	0.356954720557	485.0	0.356954720557
2.57763382536	0.368779110035	481.0	0.368779110035
2.59924920335	0.380711211727	477.0	0.380711211727
2.61570014768	0.388449789138	474.0	0.388449789138
2.63236065817	0.397401704143	471.0	0.397401704143
2.65490764454	0.412003053774	467.0	0.412003053774
2.67207299569	0.421683357874	464.0	0.421683357874
2.68946175705	0.433002499291	461.0	0.433002499291
2.71300190372	0.452304661166	457.0	0.452304661166
2.73092922907	0.46532396998	454.0	0.46532396998
2.74909505543	0.479647602294	451.0	0.479647602294
2.76750417411	0.495245755897	448.0	0.495245755897
2.78616150562	0.511532919594	445.0	0.511532919594
2.79874011287	0.51977533676	443.0	0.51977533676
2.81782243182	0.53759405305	440.0	0.53759405305
2.83716675057	0.556953504738	437.0	0.556953504738
2.8567785023	0.576775395972	434.0	0.576775395972
2.8700043287	0.588341487506	432.0	0.588341487506
2.89007428904	0.611616669288	429.0	0.611616669288
2.91042692488	0.63612727965	426.0	0.63612727965
2.92415535377	0.650849604087	424.0	0.650849604087
2.94499256532	0.677892295437	421.0	0.677892295437
2.95904980907	0.694563675107	419.0	0.694563675107
2.97324189448	0.713305625062	417.0	0.713305625062
2.9947871256	0.748500164011	414.0	0.748500164011
3.00932492718	0.771492344688	412.0	0.771492344688
3.02400456098	0.796058647946	410.0	0.796058647946
3.03882811275	0.822919522441	408.0	0.822919522441
3.06133795062	0.872854146693	405.0	0.872854146693
3.07653069479	0.907114137194	403.0	0.907114137194
3.09187498753	0.945107507498	401.0	0.945107507498
3.40615898352	3.95631819082	364.0	3.95631819082
3.4155423416	4.16610716907	363.0	4.16610716907
3.42497754144	4.38901444127	362.0	4.38901444127
3.43446501385	4.62760231557	361.0	4.62760231557
3.44400519444	4.8829700904	360.0	4.8829700904
3.45359852368	5.20468005601	359.0	5.20468005601
3.46324544693	5.50787968877	358.0	5.50787968877
3.47294641457	5.82981946708	357.0	5.82981946708
3.48270188202	6.18963285929	356.0	6.18963285929
3.49251230986	6.56679582423	355.0	6.56679582423
3.50237816384	6.97439795666	354.0	6.97439795666
3.51229991501	7.42051105527	353.0	7.42051105527
3.52227803977	7.90883149308	352.0	7.90883149308
3.53231301994	8.42821949286	351.0	8.42821949286
3.54240534286	9.0110009165	350.0	9.0110009165
3.55255550143	9.65562515057	349.0	9.65562515057
3.56276399425	10.3698452631	348.0	10.3698452631
3.57303132565	11.1485952291	347.0	11.1485952291
3.58335800578	11.9944900389	346.0	11.9944900389
3.59374455072	13.1706347307	345.0	13.1706347307
3.60419148256	14.2661099447	344.0	14.2661099447
3.61469932945	15.5412215205	343.0	15.5412215205
3.62526862573	17.8696892863	342.0	17.8696892863
3.63589991202	20.2246743805	341.0	20.2246743805
3.64659373529	17.8116783351	340.0	17.8116783351
3.65735064897	17.7309753267	339.0	17.7309753267
3.66817121302	16.6710205366	338.0	16.6710205366
3.67905599407	18.1912047467	337.0	18.1912047467
3.69000556548	20.1623153441	336.0	20.1623153441
3.70102050746	16.3794812022	335.0	16.3794812022
3.71210140719	17.3804659054	334.0	17.3804659054
3.72324885886	17.1315662869	333.0	17.1315662869
3.73446346386	16.6513988249	332.0	16.6513988249
3.74574583082	20.2165417957	331.0	20.2165417957
3.75709657576	20.476005707	330.0	20.476005707
3.76851632219	17.6205056154	329.0	17.6205056154
3.78000570122	19.121808581	328.0	19.121808581
3.79156535168	16.8795753195	327.0	16.8795753195
3.80319592025	17.0590331457	326.0	17.0590331457
3.81489806154	17.9684529959	325.0	17.9684529959
3.82667243827	17.0685984384	324.0	17.0685984384
3.83851972136	17.5501028497	323.0	17.5501028497
3.85044059006	17.0709039684	322.0	17.0709039684
3.86243573209	16.6061626794	321.0	16.6061626794
3.87450584375	17.1640707052	320.0	17.1640707052
3.88665163009	15.7715583171	319.0	15.7715583171
3.89887380503	16.5473246615	318.0	16.5473246615
3.91117309148	18.7306264138	317.0	18.7306264138
3.92355022152	18.7634825185	316.0	18.7634825185
3.93600593651	20.4018363936	315.0	20.4018363936
3.94854098726	17.4384187238	314.0	17.4384187238
3.96115613419	17.6295780737	313.0	17.6295780737
3.97385214744	16.7071538175	312.0	16.7071538175
3.98662980707	18.5438235032	311.0	18.5438235032
3.99948990323	17.1358945539	310.0	17.1358945539
4.01243323625	17.2328866501	309.0	17.2328866501
4.02546061688	17.5803796677	308.0	17.5803796677
4.03857286645	20.559785209	307.0	20.559785209
4.05177081699	17.6239625599	306.0	17.6239625599
4.06505531148	16.3931629671	305.0	16.3931629671
4.07842720395	16.6494609763	304.0	16.6494609763
4.09188735974	18.4664752012	303.0	18.4664752012
4.10543665563	19.2548835412	302.0	19.2548835412
4.11907598007	17.223340098	301.0	17.223340098
4.13280623333	18.0568306636	300.0	18.0568306636
4.14662832776	18.45617939	299.0	18.45617939
4.16054318792	18.1347099301	298.0	18.1347099301
4.17455175084	17.8525247377	297.0	17.8525247377
4.18865496622	19.5235474211	296.0	19.5235474211
4.20285379661	19.4214643989	295.0	19.4214643989
4.21714921769	21.4118644717	294.0	21.4118644717
4.23154221843	16.848028312	293.0	16.848028312
4.24603380137	17.3299609181	292.0	17.3299609181
4.26062498282	21.6580242206	291.0	21.6580242206
4.2753167931	17.7432906595	290.0	17.7432906595
4.29011027682	18.4567423722	289.0	18.4567423722
4.30500649306	16.4683418563	288.0	16.4683418563
4.32000651568	17.4273424868	287.0	17.4273424868
4.33511143357	16.7290815242	286.0	16.7290815242
4.35032235088	18.1127264604	285.0	18.1127264604
4.36564038732	20.2407227092	284.0	20.2407227092
4.38106667845	17.7483344009	283.0	17.7483344009
4.39660237589	16.763795469	282.0	16.763795469
4.41224864769	16.0970269248	281.0	16.0970269248
4.42800667857	18.3258936548	280.0	18.3258936548
4.44387767025	17.4118601703	279.0	17.4118601703
4.45986284173	16.6422456377	278.0	16.6422456377
4.4759634296	16.9967761139	277.0	16.9967761139
4.49218068841	17.2029265042	276.0	17.2029265042
4.50851589091	20.3445056158	275.0	20.3445056158
4.52497032847	19.1640485399	274.0	19.1640485399
4.54154531136	18.436724291	273.0	18.436724291
4.55824216912	20.5065020182	272.0	20.5065020182
4.57506225092	26.3169345611	271.0	26.3169345611
4.59200692593	18.9553181108	270.0	18.9553181108
4.60907758364	17.8874531271	269.0	17.8874531271
4.62627563433	18.2363369099	268.0	18.2363369099
4.64360250936	18.4065324265	267.0	18.4065324265
4.66105966165	21.4240339328	266.0	21.4240339328
4.67864856604	18.8024418022	265.0	18.8024418022
4.6963707197	17.6344898814	264.0	17.6344898814
4.71422764259	20.4998345856	263.0	20.4998345856
4.73222087786	18.1231224928	262.0	18.1231224928
4.75035199234	16.8696707279	261.0	16.8696707279
4.76862257692	17.9549403629	260.0	17.9549403629
4.7870342471	18.8590428921	259.0	18.8590428921
4.80558864341	18.5366471782	258.0	18.5366471782
4.82428743191	17.1833832796	257.0	17.1833832796
4.84313230469	17.0958498199	256.0	17.0958498199
4.86212498039	16.5100052328	255.0	16.5100052328
4.88126720472	17.9838737575	254.0	17.9838737575
4.90056075099	16.976470389	253.0	16.976470389
4.92000742063	18.1870545613	252.0	18.1870545613
4.93960904382	16.2428752902	251.0	16.2428752902
4.95936748	16.6987909733	250.0	16.6987909733
