Your comment line - do NOT delete this line
Col 0: Axis index
Col 1: S_path [m]
Col 2: Max voltage X-pos[m]
Col 3: Max voltage Y-pos[m]
Col 4: Max voltage [V]
Col 5: Full width half maximum (FWHM) [m]

Col 0	Col 1	Col 2	Col 3	Col 4	Col 5
0	0	0.0323	-0.005	0.00046158	0.00120086000234
0	0.0	0.0323	-0.005	0.00046158	0.00120086000234
1	0.000901332352687	0.03155	-0.0054999	0.000434877	0.00151164009023
0	0.0	0.0323	-0.005	0.00046158	0.00120086000234
1	0.000860583736524	0.03155	-0.0054999	0.000434877	0.00151164009023
2	0.00121756121937	0.0316	-0.0059999	0.00580981	0.000480326945972
0	0.0	0.0323	-0.005	0.00046158	0.00120086000234
1	0.000769626489469	0.03155	-0.0054999	0.000434877	0.00151164009023
2	0.00120186853555	0.0316	-0.0059999	0.00580981	0.000480326945972
3	0.00165520277602	0.0316	-0.0064999	0.0263749	0.000476396529516
0	0.0	0.0323	-0.005	0.00046158	0.00120086000234
1	0.000691494131004	0.03155	-0.0054999	0.000434877	0.00151164009023
2	0.00115697613417	0.0316	-0.0059999	0.00580981	0.000480326945972
3	0.00163658989049	0.0316	-0.0064999	0.0263749	0.000476396529516
4	0.00211620364682	0.0316	-0.0069999	0.0339816	0.000486676811785
0	0.0	0.0323	-0.005	0.00046158	0.00120086000234
1	0.00063919095317	0.03155	-0.0054999	0.000434877	0.00151164009023
2	0.0011192315352	0.0316	-0.0059999	0.00580981	0.000480326945972
3	0.00160922514035	0.0316	-0.0064999	0.0263749	0.000476396529516
4	0.00209921874549	0.0316	-0.0069999	0.0339816	0.000486676811785
5	0.00258921235064	0.0316	-0.0074999	0.0292817	0.000496364651829
0	0.0	0.0323	-0.005	0.00046158	0.00120086000234
1	0.000597733314427	0.03155	-0.0054999	0.000434877	0.00151164009023
2	0.00108620436324	0.0316	-0.0059999	0.00580981	0.000480326945972
3	0.00158151049498	0.0316	-0.0064999	0.0263749	0.000476396529516
4	0.00207681662671	0.0316	-0.0069999	0.0339816	0.000486676811785
5	0.00257212275845	0.0316	-0.0074999	0.0292817	0.000496364651829
6	0.00306069286849	0.03165	-0.008	0.0171281	0.00051149985943
0	0.0	0.0323	-0.005	0.00046158	0.00120086000234
1	0.000571712386092	0.03155	-0.0054999	0.000434877	0.00151164009023
2	0.00106430351331	0.0316	-0.0059999	0.00580981	0.000480326945972
3	0.00156184593849	0.0316	-0.0064999	0.0263749	0.000476396529516
4	0.00205938836366	0.0316	-0.0069999	0.0339816	0.000486676811785
5	0.00255693078884	0.0316	-0.0074999	0.0292817	0.000496364651829
6	0.00304962142454	0.03165	-0.008	0.0171281	0.00051149985943
7	0.00354716384972	0.03165	-0.0085	0.0118561	0.000516862742788
0	0.0	0.0323	-0.005	0.00046158	0.00120086000234
1	0.000554636422591	0.03155	-0.0054999	0.000434877	0.00151164009023
2	0.00104949117235	0.0316	-0.0059999	0.00580981	0.000480326945972
3	0.00154808850913	0.0316	-0.0064999	0.0263749	0.000476396529516
4	0.0020466858459	0.0316	-0.0069999	0.0339816	0.000486676811785
5	0.00254528318268	0.0316	-0.0074999	0.0292817	0.000496364651829
6	0.0030402376519	0.03165	-0.008	0.0171281	0.00051149985943
7	0.00353883498868	0.03165	-0.0085	0.0118561	0.000516862742788
8	0.00403733260599	0.03165	-0.0089999	0.0110093	0.000519498068744
0	0.0	0.0323	-0.005	0.00046158	0.00120086000234
1	0.000542917150102	0.03155	-0.0054999	0.000434877	0.00151164009023
2	0.00103913604421	0.0316	-0.0059999	0.00580981	0.000480326945972
3	0.00153827981861	0.0316	-0.0064999	0.0263749	0.000476396529516
4	0.00203742359301	0.0316	-0.0069999	0.0339816	0.000486676811785
5	0.00253656736742	0.0316	-0.0074999	0.0292817	0.000496364651829
6	0.00303288609028	0.03165	-0.008	0.0171281	0.00051149985943
7	0.00353202986468	0.03165	-0.0085	0.0118561	0.000516862742788
8	0.00403107381033	0.03165	-0.0089999	0.0110093	0.000519498068744
9	0.00453021758473	0.03165	-0.0094999	0.00734714	0.000536990985215
0	0.0	0.0323	-0.005	0.00046158	0.00120086000234
1	0.000534557508354	0.03155	-0.0054999	0.000434877	0.00151164009023
2	0.00103165900529	0.0316	-0.0059999	0.00580981	0.000480326945972
3	0.00153110774604	0.0316	-0.0064999	0.0263749	0.000476396529516
4	0.0020305564868	0.0316	-0.0069999	0.0339816	0.000486676811785
5	0.00253000522756	0.0316	-0.0074999	0.0292817	0.000496364651829
6	0.00302720661424	0.03165	-0.008	0.0171281	0.00051149985943
7	0.003526655355	0.03165	-0.0085	0.0118561	0.000516862742788
8	0.00402600420601	0.03165	-0.0089999	0.0110093	0.000519498068744
9	0.00452545294676	0.03165	-0.0094999	0.00734714	0.000536990985215
10	0.00502490168752	0.03165	-0.0099999	0.00455859	0.000533224155545
0	0.0	0.0323	-0.005	0.00046158	0.00120086000234
1	0.000528398066553	0.03155	-0.0054999	0.000434877	0.00151164009023
2	0.0010261029645	0.0316	-0.0059999	0.00580981	0.000480326945972
3	0.00152573243085	0.0316	-0.0064999	0.0263749	0.000476396529516
4	0.0020253618972	0.0316	-0.0069999	0.0339816	0.000486676811785
5	0.00252499136355	0.0316	-0.0074999	0.0292817	0.000496364651829
6	0.00302279618738	0.03165	-0.008	0.0171281	0.00051149985943
7	0.00352242565373	0.03165	-0.0085	0.0118561	0.000516862742788
8	0.00402195519419	0.03165	-0.0089999	0.0110093	0.000519498068744
9	0.00452158466054	0.03165	-0.0094999	0.00734714	0.000536990985215
10	0.00502121412689	0.03165	-0.0099999	0.00455859	0.000533224155545
11	0.00552084359324	0.03165	-0.0104999	0.00617793	0.000524683954778
0	0.0	0.0323	-0.005	0.00046158	0.00120086000234
1	0.000521298851608	0.03155	-0.0054999	0.000434877	0.00151164009023
2	0.00101965090457	0.0316	-0.0059999	0.00580981	0.000480326945972
3	0.00151944337986	0.0316	-0.0064999	0.0263749	0.000476396529516
4	0.00201923585515	0.0316	-0.0069999	0.0339816	0.000486676811785
5	0.00251902833044	0.0316	-0.0074999	0.0292817	0.000496364651829
6	0.0030174803419	0.03165	-0.008	0.0171281	0.00051149985943
7	0.00351727281718	0.03165	-0.0085	0.0118561	0.000516862742788
8	0.00401696533398	0.03165	-0.0089999	0.0110093	0.000519498068744
9	0.00451675780926	0.03165	-0.0094999	0.00734714	0.000536990985215
10	0.00501655028455	0.03165	-0.0099999	0.00455859	0.000533224155545
11	0.00551634275984	0.03165	-0.0104999	0.00617793	0.000524683954778
12	0.0060147947713	0.0317	-0.011	0.00691035	0.000517163768903
0	0.0	0.0323	-0.005	0.00046158	0.00120086000234
1	0.00051621133288	0.03155	-0.0054999	0.000434877	0.00151164009023
2	0.00101499590251	0.0316	-0.0059999	0.00580981	0.000480326945972
3	0.00151487589335	0.0316	-0.0064999	0.0263749	0.000476396529516
4	0.00201475588419	0.0316	-0.0069999	0.0339816	0.000486676811785
5	0.00251463587502	0.0316	-0.0074999	0.0292817	0.000496364651829
6	0.00301352042066	0.03165	-0.008	0.0171281	0.00051149985943
7	0.00351340041149	0.03165	-0.0085	0.0118561	0.000516862742788
8	0.00401318042633	0.03165	-0.0089999	0.0110093	0.000519498068744
9	0.00451306041717	0.03165	-0.0094999	0.00734714	0.000536990985215
10	0.005012940408	0.03165	-0.0099999	0.00455859	0.000533224155545
11	0.00551282039884	0.03165	-0.0104999	0.00617793	0.000524683954778
12	0.00601170494447	0.0317	-0.011	0.00691035	0.000517163768903
13	0.00651148495931	0.0317	-0.0114999	0.00711063	0.000523496336142
0	0.0	0.0323	-0.005	0.00046158	0.00120086000234
1	0.000512490509841	0.03155	-0.0054999	0.000434877	0.00151164009023
2	0.00101157513449	0.0316	-0.0059999	0.00580981	0.000480326945972
3	0.00151150387607	0.0316	-0.0064999	0.0263749	0.000476396529516
4	0.00201143261765	0.0316	-0.0069999	0.0339816	0.000486676811785
5	0.00251136135924	0.0316	-0.0074999	0.0292817	0.000496364651829
6	0.00301054596963	0.03165	-0.008	0.0171281	0.00051149985943
7	0.00351047471122	0.03165	-0.0085	0.0118561	0.000516862742788
8	0.00401030346705	0.03165	-0.0089999	0.0110093	0.000519498068744
9	0.00451023220863	0.03165	-0.0094999	0.00734714	0.000536990985215
10	0.00501016095022	0.03165	-0.0099999	0.00455859	0.000533224155545
11	0.0055100896918	0.03165	-0.0104999	0.00617793	0.000524683954778
12	0.00600927430219	0.0317	-0.011	0.00691035	0.000517163768903
13	0.00650910305803	0.0317	-0.0114999	0.00711063	0.000523496336142
14	0.00700903179961	0.0317	-0.0119999	0.0049496	0.000528571305206
0	0.0	0.0323	-0.005	0.00046158	0.00120086000234
1	0.000509720223326	0.03155	-0.0054999	0.000434877	0.00151164009023
2	0.00100901941875	0.0316	-0.0059999	0.00580981	0.000480326945972
3	0.00150897617788	0.0316	-0.0064999	0.0263749	0.000476396529516
4	0.00200893293701	0.0316	-0.0069999	0.0339816	0.000486676811785
5	0.00250888969613	0.0316	-0.0074999	0.0292817	0.000496364651829
6	0.00300828888291	0.03165	-0.008	0.0171281	0.00051149985943
7	0.00350824564204	0.03165	-0.0085	0.0118561	0.000516862742788
8	0.00400810240981	0.03165	-0.0089999	0.0110093	0.000519498068744
9	0.00450805916894	0.03165	-0.0094999	0.00734714	0.000536990985215
10	0.00500801592807	0.03165	-0.0099999	0.00455859	0.000533224155545
11	0.0055079726872	0.03165	-0.0104999	0.00617793	0.000524683954778
12	0.00600737187397	0.0317	-0.011	0.00691035	0.000517163768903
13	0.00650722864175	0.0317	-0.0114999	0.00711063	0.000523496336142
14	0.00700718540088	0.0317	-0.0119999	0.0049496	0.000528571305206
15	0.00750714216001	0.0317	-0.0124999	0.00263025	0.000540262746624
0	0.0	0.0323	-0.005	0.00046158	0.00120086000234
1	0.000506158296058	0.03155	-0.0054999	0.000434877	0.00151164009023
2	0.00100572240452	0.0316	-0.0059999	0.00580981	0.000480326945972
3	0.00150570489949	0.0316	-0.0064999	0.0263749	0.000476396529516
4	0.00200568739445	0.0316	-0.0069999	0.0339816	0.000486676811785
5	0.00250566988942	0.0316	-0.0074999	0.0292817	0.000496364651829
6	0.00300533399438	0.03165	-0.008	0.0171281	0.00051149985943
7	0.00350531648935	0.03165	-0.0085	0.0118561	0.000516862742788
8	0.00400519898781	0.03165	-0.0089999	0.0110093	0.000519498068744
9	0.00450518148278	0.03165	-0.0094999	0.00734714	0.000536990985215
10	0.00500516397775	0.03165	-0.0099999	0.00455859	0.000533224155545
11	0.00550514647271	0.03165	-0.0104999	0.00617793	0.000524683954778
12	0.00600481057767	0.0317	-0.011	0.00691035	0.000517163768903
13	0.00650469307614	0.0317	-0.0114999	0.00711063	0.000523496336142
14	0.00700467557111	0.0317	-0.0119999	0.0049496	0.000528571305206
15	0.00750465806607	0.0317	-0.0124999	0.00263025	0.000540262746624
16	0.00800432217103	0.03175	-0.013	0.00165177	0.000543997140006
0	0.0	0.0323	-0.005	0.00046158	0.00120086000234
1	0.000503544608948	0.03155	-0.0054999	0.000434877	0.00151164009023
2	0.00100329531737	0.0316	-0.0059999	0.00580981	0.000480326945972
3	0.0015032893945	0.0316	-0.0064999	0.0263749	0.000476396529516
4	0.00200328347164	0.0316	-0.0069999	0.0339816	0.000486676811785
5	0.00250327754877	0.0316	-0.0074999	0.0292817	0.000496364651829
6	0.00300312825601	0.03165	-0.008	0.0171281	0.00051149985943
7	0.00350312233314	0.03165	-0.0085	0.0118561	0.000516862742788
8	0.00400301641145	0.03165	-0.0089999	0.0110093	0.000519498068744
9	0.00450301048859	0.03165	-0.0094999	0.00734714	0.000536990985215
10	0.00500300456572	0.03165	-0.0099999	0.00455859	0.000533224155545
11	0.00550299864285	0.03165	-0.0104999	0.00617793	0.000524683954778
12	0.00600284935009	0.0317	-0.011	0.00691035	0.000517163768903
13	0.00650274342841	0.0317	-0.0114999	0.00711063	0.000523496336142
14	0.00700273750554	0.0317	-0.0119999	0.0049496	0.000528571305206
15	0.00750273158267	0.0317	-0.0124999	0.00263025	0.000540262746624
16	0.00800258228991	0.03175	-0.013	0.00165177	0.000543997140006
17	0.00850247636823	0.03175	-0.0134999	0.00225069	0.000527998438169
0	0.0	0.0323	-0.005	0.00046158	0.00120086000234
1	0.000501614130379	0.03155	-0.0054999	0.000434877	0.00151164009023
2	0.00100149845996	0.0316	-0.0059999	0.00580981	0.000480326945972
3	0.00150149715208	0.0316	-0.0064999	0.0263749	0.000476396529516
4	0.0020014958442	0.0316	-0.0069999	0.0339816	0.000486676811785
5	0.00250149453632	0.0316	-0.0074999	0.0292817	0.000496364651829
6	0.00300147886565	0.03165	-0.008	0.0171281	0.00051149985943
7	0.00350147755777	0.03165	-0.0085	0.0118561	0.000516862742788
8	0.00400137625015	0.03165	-0.0089999	0.0110093	0.000519498068744
9	0.00450137494227	0.03165	-0.0094999	0.00734714	0.000536990985215
10	0.00500137363439	0.03165	-0.0099999	0.00455859	0.000533224155545
11	0.00550137232651	0.03165	-0.0104999	0.00617793	0.000524683954778
12	0.00600135665583	0.0317	-0.011	0.00691035	0.000517163768903
13	0.00650125534821	0.0317	-0.0114999	0.00711063	0.000523496336142
14	0.00700125404033	0.0317	-0.0119999	0.0049496	0.000528571305206
15	0.00750125273245	0.0317	-0.0124999	0.00263025	0.000540262746624
16	0.00800123706178	0.03175	-0.013	0.00165177	0.000543997140006
17	0.00850113575416	0.03175	-0.0134999	0.00225069	0.000527998438169
18	0.00900113444628	0.03175	-0.0139999	0.00321771	0.000520319339188
0	0.0	0.0323	-0.005	0.00046158	0.00120086000234
1	0.000500182386071	0.03155	-0.0054999	0.000434877	0.00151164009023
2	0.00100016352252	0.0316	-0.0059999	0.00580981	0.000480326945972
3	0.00150016348707	0.0316	-0.0064999	0.0263749	0.000476396529516
4	0.00200016345162	0.0316	-0.0069999	0.0339816	0.000486676811785
5	0.00250016341617	0.0316	-0.0074999	0.0292817	0.000496364651829
6	0.00300024455261	0.03165	-0.008	0.0171281	0.00051149985943
7	0.00350024451716	0.03165	-0.0085	0.0118561	0.000516862742788
8	0.00400014448172	0.03165	-0.0089999	0.0110093	0.000519498068744
9	0.00450014444627	0.03165	-0.0094999	0.00734714	0.000536990985215
10	0.00500014441082	0.03165	-0.0099999	0.00455859	0.000533224155545
11	0.00550014437537	0.03165	-0.0104999	0.00617793	0.000524683954778
12	0.00600022551181	0.0317	-0.011	0.00691035	0.000517163768903
13	0.00650012547637	0.0317	-0.0114999	0.00711063	0.000523496336142
14	0.00700012544092	0.0317	-0.0119999	0.0049496	0.000528571305206
15	0.00750012540547	0.0317	-0.0124999	0.00263025	0.000540262746624
16	0.00800020654191	0.03175	-0.013	0.00165177	0.000543997140006
17	0.00850010650647	0.03175	-0.0134999	0.00225069	0.000527998438169
18	0.00900010647102	0.03175	-0.0139999	0.00321771	0.000520319339188
19	0.00950020643556	0.03175	-0.0145	0.00180436	0.000525503830419
0	0.0	0.0323	-0.005	0.00046158	0.00120086000234
1	0.00049911830124	0.03155	-0.0054999	0.000434877	0.00151164009023
2	0.000999170125011	0.0316	-0.0059999	0.00580981	0.000480326945972
3	0.00149916985362	0.0316	-0.0064999	0.0263749	0.000476396529516
4	0.00199916958223	0.0316	-0.0069999	0.0339816	0.000486676811785
5	0.00249916931084	0.0316	-0.0074999	0.0292817	0.000496364651829
6	0.00299932113456	0.03165	-0.008	0.0171281	0.00051149985943
7	0.00349932086317	0.03165	-0.0085	0.0118561	0.000516862742788
8	0.00399922059183	0.03165	-0.0089999	0.0110093	0.000519498068744
9	0.00449922032044	0.03165	-0.0094999	0.00734714	0.000536990985215
10	0.00499922004905	0.03165	-0.0099999	0.00455859	0.000533224155545
11	0.00549921977766	0.03165	-0.0104999	0.00617793	0.000524683954778
12	0.00599937160137	0.0317	-0.011	0.00691035	0.000517163768903
13	0.00649927133004	0.0317	-0.0114999	0.00711063	0.000523496336142
14	0.00699927105865	0.0317	-0.0119999	0.0049496	0.000528571305206
15	0.00749927078726	0.0317	-0.0124999	0.00263025	0.000540262746624
16	0.00799942261097	0.03175	-0.013	0.00165177	0.000543997140006
17	0.00849932233964	0.03175	-0.0134999	0.00225069	0.000527998438169
18	0.00899932206825	0.03175	-0.0139999	0.00321771	0.000520319339188
19	0.0094994217968	0.03175	-0.0145	0.00180436	0.000525503830419
20	0.00999932152546	0.03175	-0.0149999	0.00101853	0.000531266074453
0	0.0	0.0323	-0.005	0.00046158	0.00120086000234
1	0.000498328561612	0.03155	-0.0054999	0.000434877	0.00151164009023
2	0.000998432155129	0.0316	-0.0059999	0.00580981	0.000480326945972
3	0.00149843105914	0.0316	-0.0064999	0.0263749	0.000476396529516
4	0.00199842996315	0.0316	-0.0069999	0.0339816	0.000486676811785
5	0.00249842886716	0.0316	-0.0074999	0.0292817	0.000496364651829
6	0.00299863246046	0.03165	-0.008	0.0171281	0.00051149985943
7	0.00349863136447	0.03165	-0.0085	0.0118561	0.000516862742788
8	0.00399853026869	0.03165	-0.0089999	0.0110093	0.000519498068744
9	0.0044985291727	0.03165	-0.0094999	0.00734714	0.000536990985215
10	0.00499852807671	0.03165	-0.0099999	0.00455859	0.000533224155545
11	0.00549852698072	0.03165	-0.0104999	0.00617793	0.000524683954778
12	0.00599873057402	0.0317	-0.011	0.00691035	0.000517163768903
13	0.00649862947825	0.0317	-0.0114999	0.00711063	0.000523496336142
14	0.00699862838226	0.0317	-0.0119999	0.0049496	0.000528571305206
15	0.00749862728627	0.0317	-0.0124999	0.00263025	0.000540262746624
16	0.00799883087957	0.03175	-0.013	0.00165177	0.000543997140006
17	0.00849872978379	0.03175	-0.0134999	0.00225069	0.000527998438169
18	0.0089987286878	0.03175	-0.0139999	0.00321771	0.000520319339188
19	0.00949882759159	0.03175	-0.0145	0.00180436	0.000525503830419
20	0.00999872649582	0.03175	-0.0149999	0.00101853	0.000531266074453
21	0.0104988253996	0.03175	-0.0155	0.000675205	0.000539950520601
0	0.0	0.0323	-0.005	0.00046158	0.00120086000234
1	0.00049692605381	0.03155	-0.0054999	0.000434877	0.00151164009023
2	0.00099712013509	0.0316	-0.0059999	0.00580981	0.000480326945972
3	0.0014971162146	0.0316	-0.0064999	0.0263749	0.000476396529516
4	0.00199711229412	0.0316	-0.0069999	0.0339816	0.000486676811785
5	0.00249710837363	0.0316	-0.0074999	0.0292817	0.000496364651829
6	0.00299740245413	0.03165	-0.008	0.0171281	0.00051149985943
7	0.00349739853365	0.03165	-0.0085	0.0118561	0.000516862742788
8	0.00399729461394	0.03165	-0.0089999	0.0110093	0.000519498068744
9	0.00449729069346	0.03165	-0.0094999	0.00734714	0.000536990985215
10	0.00499728677297	0.03165	-0.0099999	0.00455859	0.000533224155545
11	0.00549728285249	0.03165	-0.0104999	0.00617793	0.000524683954778
12	0.00599757693298	0.0317	-0.011	0.00691035	0.000517163768903
13	0.00649747301328	0.0317	-0.0114999	0.00711063	0.000523496336142
14	0.0069974690928	0.0317	-0.0119999	0.0049496	0.000528571305206
15	0.00749746517231	0.0317	-0.0124999	0.00263025	0.000540262746624
16	0.00799775925281	0.03175	-0.013	0.00165177	0.000543997140006
17	0.00849765533311	0.03175	-0.0134999	0.00225069	0.000527998438169
18	0.00899765141262	0.03175	-0.0139999	0.00321771	0.000520319339188
19	0.00949774749135	0.03175	-0.0145	0.00180436	0.000525503830419
20	0.00999764357165	0.03175	-0.0149999	0.00101853	0.000531266074453
21	0.0104977396504	0.03175	-0.0155	0.000675205	0.000539950520601
22	0.0109979337317	0.0318	-0.016	0.000516895	0.000544601760156
0	0.0	0.0323	-0.005	0.00046158	0.00120086000234
1	0.000495875402323	0.03155	-0.0054999	0.000434877	0.00151164009023
2	0.000996136057458	0.0316	-0.0059999	0.00580981	0.000480326945972
3	0.0014961288842	0.0316	-0.0064999	0.0263749	0.000476396529516
4	0.00199612171095	0.0316	-0.0069999	0.0339816	0.000486676811785
5	0.00249611453769	0.0316	-0.0074999	0.0292817	0.000496364651829
6	0.00299647519139	0.03165	-0.008	0.0171281	0.00051149985943
7	0.00349646801813	0.03165	-0.0085	0.0118561	0.000516862742788
8	0.00399636084631	0.03165	-0.0089999	0.0110093	0.000519498068744
9	0.00449635367306	0.03165	-0.0094999	0.00734714	0.000536990985215
10	0.0049963464998	0.03165	-0.0099999	0.00455859	0.000533224155545
11	0.00549633932654	0.03165	-0.0104999	0.00617793	0.000524683954778
12	0.00599669998024	0.0317	-0.011	0.00691035	0.000517163768903
13	0.00649659280842	0.0317	-0.0114999	0.00711063	0.000523496336142
14	0.00699658563516	0.0317	-0.0119999	0.0049496	0.000528571305206
15	0.00749657846191	0.0317	-0.0124999	0.00263025	0.000540262746624
16	0.00799693911561	0.03175	-0.013	0.00165177	0.000543997140006
17	0.00849683194379	0.03175	-0.0134999	0.00225069	0.000527998438169
18	0.00899682477053	0.03175	-0.0139999	0.00321771	0.000520319339188
19	0.00949691759584	0.03175	-0.0145	0.00180436	0.000525503830419
20	0.00999681042402	0.03175	-0.0149999	0.00101853	0.000531266074453
21	0.0104969032493	0.03175	-0.0155	0.000675205	0.000539950520601
22	0.0109971639045	0.0318	-0.016	0.000516895	0.000544601760156
23	0.0114970567326	0.0318	-0.0164999	0.000509266	0.000531348778819
0	0.0	0.0323	-0.005	0.00046158	0.00120086000234
1	0.000494397885932	0.03155	-0.0054999	0.000434877	0.00151164009023
2	0.000994750411509	0.0316	-0.0059999	0.00580981	0.000480326945972
3	0.00149473702194	0.0316	-0.0064999	0.0263749	0.000476396529516
4	0.00199472363237	0.0316	-0.0069999	0.0339816	0.000486676811785
5	0.0024947102428	0.0316	-0.0074999	0.0292817	0.000496364651829
6	0.0029951627657	0.03165	-0.008	0.0171281	0.00051149985943
7	0.00349514937613	0.03165	-0.0085	0.0118561	0.000516862742788
8	0.00399503598924	0.03165	-0.0089999	0.0110093	0.000519498068744
9	0.00449502259967	0.03165	-0.0094999	0.00734714	0.000536990985215
10	0.0049950092101	0.03165	-0.0099999	0.00455859	0.000533224155545
11	0.00549499582054	0.03165	-0.0104999	0.00617793	0.000524683954778
12	0.00599544834343	0.0317	-0.011	0.00691035	0.000517163768903
13	0.00649533495654	0.0317	-0.0114999	0.00711063	0.000523496336142
14	0.00699532156698	0.0317	-0.0119999	0.0049496	0.000528571305206
15	0.00749530817741	0.0317	-0.0124999	0.00263025	0.000540262746624
16	0.00799576070031	0.03175	-0.013	0.00165177	0.000543997140006
17	0.00849564731341	0.03175	-0.0134999	0.00225069	0.000527998438169
18	0.00899563392385	0.03175	-0.0139999	0.00321771	0.000520319339188
19	0.0094957205316	0.03175	-0.0145	0.00180436	0.000525503830419
20	0.00999560714471	0.03175	-0.0149999	0.00101853	0.000531266074453
21	0.0104956937525	0.03175	-0.0155	0.000675205	0.000539950520601
22	0.010996046278	0.0318	-0.016	0.000516895	0.000544601760156
23	0.0114959328911	0.0318	-0.0164999	0.000509266	0.000531348778819
24	0.011996385414	0.03185	-0.017	0.000455858	0.000513346511012
0	0.0	0.0323	-0.005	0.00046158	0.00120086000234
1	0.000493282426114	0.03155	-0.0054999	0.000434877	0.00151164009023
2	0.000993702957987	0.0316	-0.0059999	0.00580981	0.000480326945972
3	0.00149368360801	0.0316	-0.0064999	0.0263749	0.000476396529516
4	0.00199366425803	0.0316	-0.0069999	0.0339816	0.000486676811785
5	0.00249364490805	0.0316	-0.0074999	0.0292817	0.000496364651829
6	0.00299416543605	0.03165	-0.008	0.0171281	0.00051149985943
7	0.00349414608608	0.03165	-0.0085	0.0118561	0.000516862742788
8	0.00399402673997	0.03165	-0.0089999	0.0110093	0.000519498068744
9	0.00449400738999	0.03165	-0.0094999	0.00734714	0.000536990985215
10	0.00499398804001	0.03165	-0.0099999	0.00455859	0.000533224155545
11	0.00549396869003	0.03165	-0.0104999	0.00617793	0.000524683954778
12	0.00599448921803	0.0317	-0.011	0.00691035	0.000517163768903
13	0.00649436987192	0.0317	-0.0114999	0.00711063	0.000523496336142
14	0.00699435052195	0.0317	-0.0119999	0.0049496	0.000528571305206
15	0.00749433117197	0.0317	-0.0124999	0.00263025	0.000540262746624
16	0.00799485169997	0.03175	-0.013	0.00165177	0.000543997140006
17	0.00849473235386	0.03175	-0.0134999	0.00225069	0.000527998438169
18	0.00899471300388	0.03175	-0.0139999	0.00321771	0.000520319339188
19	0.00949479365003	0.03175	-0.0145	0.00180436	0.000525503830419
20	0.00999467430392	0.03175	-0.0149999	0.00101853	0.000531266074453
21	0.0104947549501	0.03175	-0.0155	0.000675205	0.000539950520601
22	0.0109951754819	0.0318	-0.016	0.000516895	0.000544601760156
23	0.0114950561358	0.0318	-0.0164999	0.000509266	0.000531348778819
24	0.0119955766638	0.03185	-0.017	0.000455858	0.000513346511012
25	0.0124955573139	0.03185	-0.0175	0.000364305	0.000531294076006
0	0.0	0.0323	-0.005	0.00046158	0.00120086000234
1	0.000492449424017	0.03155	-0.0054999	0.000434877	0.00151164009023
2	0.00099291998523	0.0316	-0.0059999	0.00580981	0.000480326945972
3	0.00149289547506	0.0316	-0.0064999	0.0263749	0.000476396529516
4	0.00199287096489	0.0316	-0.0069999	0.0339816	0.000486676811785
5	0.00249284645473	0.0316	-0.0074999	0.0292817	0.000496364651829
6	0.00299341701104	0.03165	-0.008	0.0171281	0.00051149985943
7	0.00349339250087	0.03165	-0.0085	0.0118561	0.000516862742788
8	0.0039932679956	0.03165	-0.0089999	0.0110093	0.000519498068744
9	0.00449324348544	0.03165	-0.0094999	0.00734714	0.000536990985215
10	0.00499321897527	0.03165	-0.0099999	0.00455859	0.000533224155545
11	0.0054931944651	0.03165	-0.0104999	0.00617793	0.000524683954778
12	0.00599376502141	0.0317	-0.011	0.00691035	0.000517163768903
13	0.00649364051614	0.0317	-0.0114999	0.00711063	0.000523496336142
14	0.00699361600598	0.0317	-0.0119999	0.0049496	0.000528571305206
15	0.00749359149581	0.0317	-0.0124999	0.00263025	0.000540262746624
16	0.00799416205212	0.03175	-0.013	0.00165177	0.000543997140006
17	0.00849403754685	0.03175	-0.0134999	0.00225069	0.000527998438169
18	0.00899401303669	0.03175	-0.0139999	0.00321771	0.000520319339188
19	0.00949408852162	0.03175	-0.0145	0.00180436	0.000525503830419
20	0.00999396401635	0.03175	-0.0149999	0.00101853	0.000531266074453
21	0.0104940395013	0.03175	-0.0155	0.000675205	0.000539950520601
22	0.0109945100625	0.0318	-0.016	0.000516895	0.000544601760156
23	0.0114943855572	0.0318	-0.0164999	0.000509266	0.000531348778819
24	0.0119949561135	0.03185	-0.017	0.000455858	0.000513346511012
25	0.0124949316034	0.03185	-0.0175	0.000364305	0.000531294076006
26	0.0129948070981	0.03185	-0.0179999	0.000232697	0.000529222817147
0	0.0	0.0323	-0.005	0.00046158	0.00120086000234
1	0.000491837714999	0.03155	-0.0054999	0.000434877	0.00151164009023
2	0.000992344603986	0.0316	-0.0059999	0.00580981	0.000480326945972
3	0.00149231591924	0.0316	-0.0064999	0.0263749	0.000476396529516
4	0.0019922872345	0.0316	-0.0069999	0.0339816	0.000486676811785
5	0.00249225854975	0.0316	-0.0074999	0.0292817	0.000496364651829
6	0.002992865433	0.03165	-0.008	0.0171281	0.00051149985943
7	0.00349283674826	0.03165	-0.0085	0.0118561	0.000516862742788
8	0.00399270806925	0.03165	-0.0089999	0.0110093	0.000519498068744
9	0.0044926793845	0.03165	-0.0094999	0.00734714	0.000536990985215
10	0.00499265069976	0.03165	-0.0099999	0.00455859	0.000533224155545
11	0.00549262201501	0.03165	-0.0104999	0.00617793	0.000524683954778
12	0.00599322889826	0.0317	-0.011	0.00691035	0.000517163768903
13	0.00649310021926	0.0317	-0.0114999	0.00711063	0.000523496336142
14	0.00699307153451	0.0317	-0.0119999	0.0049496	0.000528571305206
15	0.00749304284977	0.0317	-0.0124999	0.00263025	0.000540262746624
16	0.00799364973302	0.03175	-0.013	0.00165177	0.000543997140006
17	0.00849352105401	0.03175	-0.0134999	0.00225069	0.000527998438169
18	0.00899349236926	0.03175	-0.0139999	0.00321771	0.000520319339188
19	0.00949356367878	0.03175	-0.0145	0.00180436	0.000525503830419
20	0.00999343499977	0.03175	-0.0149999	0.00101853	0.000531266074453
21	0.0104935063093	0.03175	-0.0155	0.000675205	0.000539950520601
22	0.0109940131983	0.0318	-0.016	0.000516895	0.000544601760156
23	0.0114938845193	0.0318	-0.0164999	0.000509266	0.000531348778819
24	0.0119944914025	0.03185	-0.017	0.000455858	0.000513346511012
25	0.0124944627178	0.03185	-0.0175	0.000364305	0.000531294076006
26	0.0129943340388	0.03185	-0.0179999	0.000232697	0.000529222817147
27	0.013494305354	0.03185	-0.0184999	0.000127793	0.000551205837808
0	0.0	0.0323	-0.005	0.00046158	0.00120086000234
1	0.000491399899303	0.03155	-0.0054999	0.000434877	0.00151164009023
2	0.000991932575701	0.0316	-0.0059999	0.00580981	0.000480326945972
3	0.00149190070313	0.0316	-0.0064999	0.0263749	0.000476396529516
4	0.00199186883056	0.0316	-0.0069999	0.0339816	0.000486676811785
5	0.00249183695799	0.0316	-0.0074999	0.0292817	0.000496364651829
6	0.00299246962802	0.03165	-0.008	0.0171281	0.00051149985943
7	0.00349243775545	0.03165	-0.0085	0.0118561	0.000516862742788
8	0.00399230588925	0.03165	-0.0089999	0.0110093	0.000519498068744
9	0.00449227401668	0.03165	-0.0094999	0.00734714	0.000536990985215
10	0.00499224214411	0.03165	-0.0099999	0.00455859	0.000533224155545
11	0.00549221027154	0.03165	-0.0104999	0.00617793	0.000524683954778
12	0.00599284294157	0.0317	-0.011	0.00691035	0.000517163768903
13	0.00649271107537	0.0317	-0.0114999	0.00711063	0.000523496336142
14	0.0069926792028	0.0317	-0.0119999	0.0049496	0.000528571305206
15	0.00749264733023	0.0317	-0.0124999	0.00263025	0.000540262746624
16	0.00799328000025	0.03175	-0.013	0.00165177	0.000543997140006
17	0.00849314813406	0.03175	-0.0134999	0.00225069	0.000527998438169
18	0.00899311626149	0.03175	-0.0139999	0.00321771	0.000520319339188
19	0.00949318438255	0.03175	-0.0145	0.00180436	0.000525503830419
20	0.00999305251635	0.03175	-0.0149999	0.00101853	0.000531266074453
21	0.0104931206374	0.03175	-0.0155	0.000675205	0.000539950520601
22	0.0109936533138	0.0318	-0.016	0.000516895	0.000544601760156
23	0.0114935214476	0.0318	-0.0164999	0.000509266	0.000531348778819
24	0.0119941541176	0.03185	-0.017	0.000455858	0.000513346511012
25	0.0124941222451	0.03185	-0.0175	0.000364305	0.000531294076006
26	0.0129939903789	0.03185	-0.0179999	0.000232697	0.000529222817147
27	0.0134939585063	0.03185	-0.0184999	0.000127793	0.000551205837808
28	0.0139939266337	0.03185	-0.0189999	9.15532e-05	0.000532760125641
0	0.0	0.0323	-0.005	0.00046158	0.00120086000234
1	0.000490122471311	0.03155	-0.0054999	0.000434877	0.00151164009023
2	0.000990729373319	0.0316	-0.0059999	0.00580981	0.000480326945972
3	0.00149068724788	0.0316	-0.0064999	0.0263749	0.000476396529516
4	0.00199064512245	0.0316	-0.0069999	0.0339816	0.000486676811785
5	0.00249060299701	0.0316	-0.0074999	0.0292817	0.000496364651829
6	0.00299130989059	0.03165	-0.008	0.0171281	0.00051149985943
7	0.00349126776515	0.03165	-0.0085	0.0118561	0.000516862742788
8	0.00399112564814	0.03165	-0.0089999	0.0110093	0.000519498068744
9	0.00449108352271	0.03165	-0.0094999	0.00734714	0.000536990985215
10	0.00499104139727	0.03165	-0.0099999	0.00455859	0.000533224155545
11	0.00549099927183	0.03165	-0.0104999	0.00617793	0.000524683954778
12	0.00599170616541	0.0317	-0.011	0.00691035	0.000517163768903
13	0.0064915640484	0.0317	-0.0114999	0.00711063	0.000523496336142
14	0.00699152192297	0.0317	-0.0119999	0.0049496	0.000528571305206
15	0.00749147979753	0.0317	-0.0124999	0.00263025	0.000540262746624
16	0.00799218669111	0.03175	-0.013	0.00165177	0.000543997140006
17	0.0084920445741	0.03175	-0.0134999	0.00225069	0.000527998438169
18	0.00899200244866	0.03175	-0.0139999	0.00321771	0.000520319339188
19	0.0094920603148	0.03175	-0.0145	0.00180436	0.000525503830419
20	0.00999191819779	0.03175	-0.0149999	0.00101853	0.000531266074453
21	0.0104919760639	0.03175	-0.0155	0.000675205	0.000539950520601
22	0.0109925829659	0.0318	-0.016	0.000516895	0.000544601760156
23	0.0114924408489	0.0318	-0.0164999	0.000509266	0.000531348778819
24	0.0119931477425	0.03185	-0.017	0.000455858	0.000513346511012
25	0.0124931056171	0.03185	-0.0175	0.000364305	0.000531294076006
26	0.0129929635001	0.03185	-0.0179999	0.000232697	0.000529222817147
27	0.0134929213746	0.03185	-0.0184999	0.000127793	0.000551205837808
28	0.0139928792492	0.03185	-0.0189999	9.15532e-05	0.000532760125641
29	0.0144942351702	0.03195	-0.0195	7.82018e-05	0.000550457333119
0	0.0	0.0323	-0.005	0.00046158	0.00120086000234
1	0.000490051718801	0.03155	-0.0054999	0.000434877	0.00151164009023
2	0.000990662687797	0.0316	-0.0059999	0.00580981	0.000480326945972
3	0.00149061995312	0.0316	-0.0064999	0.0263749	0.000476396529516
4	0.00199057721845	0.0316	-0.0069999	0.0339816	0.000486676811785
5	0.00249053448377	0.0316	-0.0074999	0.0292817	0.000496364651829
6	0.00299124544422	0.03165	-0.008	0.0171281	0.00051149985943
7	0.00349120270955	0.03165	-0.0085	0.0118561	0.000516862742788
8	0.00399105998342	0.03165	-0.0089999	0.0110093	0.000519498068744
9	0.00449101724874	0.03165	-0.0094999	0.00734714	0.000536990985215
10	0.00499097451407	0.03165	-0.0099999	0.00455859	0.000533224155545
11	0.00549093177939	0.03165	-0.0104999	0.00617793	0.000524683954778
12	0.00599164273984	0.0317	-0.011	0.00691035	0.000517163768903
13	0.00649150001371	0.0317	-0.0114999	0.00711063	0.000523496336142
14	0.00699145727904	0.0317	-0.0119999	0.0049496	0.000528571305206
15	0.00749141454436	0.0317	-0.0124999	0.00263025	0.000540262746624
16	0.00799212550481	0.03175	-0.013	0.00165177	0.000543997140006
17	0.00849198277868	0.03175	-0.0134999	0.00225069	0.000527998438169
18	0.00899194004401	0.03175	-0.0139999	0.00321771	0.000520319339188
19	0.00949199730079	0.03175	-0.0145	0.00180436	0.000525503830419
20	0.00999185457466	0.03175	-0.0149999	0.00101853	0.000531266074453
21	0.0104919118314	0.03175	-0.0155	0.000675205	0.000539950520601
22	0.0109925228004	0.0318	-0.016	0.000516895	0.000544601760156
23	0.0114923800743	0.0318	-0.0164999	0.000509266	0.000531348778819
24	0.0119930910348	0.03185	-0.017	0.000455858	0.000513346511012
25	0.0124930483001	0.03185	-0.0175	0.000364305	0.000531294076006
26	0.0129929055739	0.03185	-0.0179999	0.000232697	0.000529222817147
27	0.0134928628393	0.03185	-0.0184999	0.000127793	0.000551205837808
28	0.0139928201046	0.03185	-0.0189999	9.15532e-05	0.000532760125641
29	0.0144941847687	0.03195	-0.0195	7.82018e-05	0.000550457333119
30	0.0149927346352	0.03185	-0.0199999	7.82018e-05	0.000525720842152
0	0.0	0.0323	-0.005	0.00046158	0.00120086000234
1	0.00048961951908	0.03155	-0.0054999	0.000434877	0.00151164009023
2	0.000990255231336	0.0316	-0.0059999	0.00580981	0.000480326945972
3	0.00149020868094	0.0316	-0.0064999	0.0263749	0.000476396529516
4	0.00199016213054	0.0316	-0.0069999	0.0339816	0.000486676811785
5	0.00249011558014	0.0316	-0.0074999	0.0292817	0.000496364651829
6	0.00299085128308	0.03165	-0.008	0.0171281	0.00051149985943
7	0.00349080473268	0.03165	-0.0085	0.0118561	0.000516862742788
8	0.00399065819159	0.03165	-0.0089999	0.0110093	0.000519498068744
9	0.00449061164119	0.03165	-0.0094999	0.00734714	0.000536990985215
10	0.00499056509079	0.03165	-0.0099999	0.00455859	0.000533224155545
11	0.00549051854039	0.03165	-0.0104999	0.00617793	0.000524683954778
12	0.00599125424334	0.0317	-0.011	0.00691035	0.000517163768903
13	0.00649110770225	0.0317	-0.0114999	0.00711063	0.000523496336142
14	0.00699106115185	0.0317	-0.0119999	0.0049496	0.000528571305206
15	0.00749101460145	0.0317	-0.0124999	0.00263025	0.000540262746624
16	0.00799175030439	0.03175	-0.013	0.00165177	0.000543997140006
17	0.0084916037633	0.03175	-0.0134999	0.00225069	0.000527998438169
18	0.0089915572129	0.03175	-0.0139999	0.00321771	0.000520319339188
19	0.00949161065319	0.03175	-0.0145	0.00180436	0.000525503830419
20	0.0099914641121	0.03175	-0.0149999	0.00101853	0.000531266074453
21	0.0104915175524	0.03175	-0.0155	0.000675205	0.000539950520601
22	0.0109921532646	0.0318	-0.016	0.000516895	0.000544601760156
23	0.0114920067236	0.0318	-0.0164999	0.000509266	0.000531348778819
24	0.0119927424265	0.03185	-0.017	0.000455858	0.000513346511012
25	0.0124926958761	0.03185	-0.0175	0.000364305	0.000531294076006
26	0.012992549335	0.03185	-0.0179999	0.000232697	0.000529222817147
27	0.0134925027846	0.03185	-0.0184999	0.000127793	0.000551205837808
28	0.0139924562342	0.03185	-0.0189999	9.15532e-05	0.000532760125641
29	0.0144938741998	0.03195	-0.0195	7.82018e-05	0.000550457333119
30	0.0149923631334	0.03185	-0.0199999	7.82018e-05	0.000525720842152
31	0.0154929988457	0.0319	-0.0204999	6.10356e-05	0
0	0.0	0.0323	-0.005	0.00046158	0.00120086000234
1	0.000489721413134	0.03155	-0.0054999	0.000434877	0.00151164009023
2	0.000990351307535	0.0316	-0.0059999	0.00580981	0.000480326945972
3	0.00149030567129	0.0316	-0.0064999	0.0263749	0.000476396529516
4	0.00199026003504	0.0316	-0.0069999	0.0339816	0.000486676811785
5	0.00249021439879	0.0316	-0.0074999	0.0292817	0.000496364651829
6	0.00299094428406	0.03165	-0.008	0.0171281	0.00051149985943
7	0.00349089864781	0.03165	-0.0085	0.0118561	0.000516862742788
8	0.00399075302069	0.03165	-0.0089999	0.0110093	0.000519498068744
9	0.00449070738444	0.03165	-0.0094999	0.00734714	0.000536990985215
10	0.0049906617482	0.03165	-0.0099999	0.00455859	0.000533224155545
11	0.00549061611195	0.03165	-0.0104999	0.00617793	0.000524683954778
12	0.00599134599722	0.0317	-0.011	0.00691035	0.000517163768903
13	0.0064912003701	0.0317	-0.0114999	0.00711063	0.000523496336142
14	0.00699115473385	0.0317	-0.0119999	0.0049496	0.000528571305206
15	0.0074911090976	0.0317	-0.0124999	0.00263025	0.000540262746624
16	0.00799183898288	0.03175	-0.013	0.00165177	0.000543997140006
17	0.00849169335576	0.03175	-0.0134999	0.00225069	0.000527998438169
18	0.00899164771951	0.03175	-0.0139999	0.00321771	0.000520319339188
19	0.00949170207413	0.03175	-0.0145	0.00180436	0.000525503830419
20	0.00999155644701	0.03175	-0.0149999	0.00101853	0.000531266074453
21	0.0104916108016	0.03175	-0.0155	0.000675205	0.000539950520601
22	0.010992240696	0.0318	-0.016	0.000516895	0.000544601760156
23	0.0114920950689	0.0318	-0.0164999	0.000509266	0.000531348778819
24	0.0119928249542	0.03185	-0.017	0.000455858	0.000513346511012
25	0.0124927793179	0.03185	-0.0175	0.000364305	0.000531294076006
26	0.0129926336908	0.03185	-0.0179999	0.000232697	0.000529222817147
27	0.0134925880546	0.03185	-0.0184999	0.000127793	0.000551205837808
28	0.0139925424183	0.03185	-0.0189999	9.15532e-05	0.000532760125641
29	0.0144939478342	0.03195	-0.0195	7.82018e-05	0.000550457333119
30	0.0149924511458	0.03185	-0.0199999	7.82018e-05	0.000525720842152
31	0.0154930810402	0.0319	-0.0204999	6.10356e-05	0
32	0.0159924598642	0.03185	-0.021	3.43325e-05	0.00055325786486
0	0.0	0.0323	-0.005	0.00046158	0.00120086000234
1	0.000489094307539	0.03155	-0.0054999	0.000434877	0.00151164009023
2	0.000989759855902	0.0316	-0.0059999	0.00580981	0.000480326945972
3	0.00148970845107	0.0316	-0.0064999	0.0263749	0.000476396529516
4	0.00198965704624	0.0316	-0.0069999	0.0339816	0.000486676811785
5	0.00248960564141	0.0316	-0.0074999	0.0292817	0.000496364651829
6	0.00299037117949	0.03165	-0.008	0.0171281	0.00051149985943
7	0.00349031977466	0.03165	-0.0085	0.0118561	0.000516862742788
8	0.00399016838011	0.03165	-0.0089999	0.0110093	0.000519498068744
9	0.00449011697528	0.03165	-0.0094999	0.00734714	0.000536990985215
10	0.00499006557045	0.03165	-0.0099999	0.00455859	0.000533224155545
11	0.00549001416562	0.03165	-0.0104999	0.00617793	0.000524683954778
12	0.0059907797037	0.0317	-0.011	0.00691035	0.000517163768903
13	0.00649062830915	0.0317	-0.0114999	0.00711063	0.000523496336142
14	0.00699057690432	0.0317	-0.0119999	0.0049496	0.000528571305206
15	0.00749052549949	0.0317	-0.0124999	0.00263025	0.000540262746624
16	0.00799129103757	0.03175	-0.013	0.00165177	0.000543997140006
17	0.00849113964302	0.03175	-0.0134999	0.00225069	0.000527998438169
18	0.00899108823819	0.03175	-0.0139999	0.00321771	0.000520319339188
19	0.00949113682308	0.03175	-0.0145	0.00180436	0.000525503830419
20	0.00999098542853	0.03175	-0.0149999	0.00101853	0.000531266074453
21	0.0104910340134	0.03175	-0.0155	0.000675205	0.000539950520601
22	0.0109916995618	0.0318	-0.016	0.000516895	0.000544601760156
23	0.0114915481672	0.0318	-0.0164999	0.000509266	0.000531348778819
24	0.0119923137053	0.03185	-0.017	0.000455858	0.000513346511012
25	0.0124922623005	0.03185	-0.0175	0.000364305	0.000531294076006
26	0.0129921109059	0.03185	-0.0179999	0.000232697	0.000529222817147
27	0.0134920595011	0.03185	-0.0184999	0.000127793	0.000551205837808
28	0.0139920080963	0.03185	-0.0189999	9.15532e-05	0.000532760125641
29	0.0144934905876	0.03195	-0.0195	7.82018e-05	0.000550457333119
30	0.0149919052866	0.03185	-0.0199999	7.82018e-05	0.000525720842152
31	0.015492570835	0.0319	-0.0204999	6.10356e-05	0
32	0.0159919024667	0.03185	-0.021	3.43325e-05	0.00055325786486
33	0.0164932849682	0.03195	-0.0215	2.86103e-05	0.000516180320053
0	0.0	0.0323	-0.005	0.00046158	0.00120086000234
1	0.000488620288535	0.03155	-0.0054999	0.000434877	0.00151164009023
2	0.000989312546568	0.0316	-0.0059999	0.00580981	0.000480326945972
3	0.00148925655581	0.0316	-0.0064999	0.0263749	0.000476396529516
4	0.00198920056505	0.0316	-0.0069999	0.0339816	0.000486676811785
5	0.00248914457429	0.0316	-0.0074999	0.0292817	0.000496364651829
6	0.00298993682112	0.03165	-0.008	0.0171281	0.00051149985943
7	0.00348988083036	0.03165	-0.0085	0.0118561	0.000516862742788
8	0.0039897248508	0.03165	-0.0089999	0.0110093	0.000519498068744
9	0.00448966886004	0.03165	-0.0094999	0.00734714	0.000536990985215
10	0.00498961286928	0.03165	-0.0099999	0.00455859	0.000533224155545
11	0.00548955687852	0.03165	-0.0104999	0.00617793	0.000524683954778
12	0.00599034912535	0.0317	-0.011	0.00691035	0.000517163768903
13	0.00649019314579	0.0317	-0.0114999	0.00711063	0.000523496336142
14	0.00699013715503	0.0317	-0.0119999	0.0049496	0.000528571305206
15	0.00749008116427	0.0317	-0.0124999	0.00263025	0.000540262746624
16	0.0079908734111	0.03175	-0.013	0.00165177	0.000543997140006
17	0.00849071743154	0.03175	-0.0134999	0.00225069	0.000527998438169
18	0.00899066144078	0.03175	-0.0139999	0.00321771	0.000520319339188
19	0.00949070543882	0.03175	-0.0145	0.00180436	0.000525503830419
20	0.00999054945926	0.03175	-0.0149999	0.00101853	0.000531266074453
21	0.0104905934573	0.03175	-0.0155	0.000675205	0.000539950520601
22	0.0109912857153	0.0318	-0.016	0.000516895	0.000544601760156
23	0.0114911297358	0.0318	-0.0164999	0.000509266	0.000531348778819
24	0.0119919219826	0.03185	-0.017	0.000455858	0.000513346511012
25	0.0124918659918	0.03185	-0.0175	0.000364305	0.000531294076006
26	0.0129917100123	0.03185	-0.0179999	0.000232697	0.000529222817147
27	0.0134916540215	0.03185	-0.0184999	0.000127793	0.000551205837808
28	0.0139915980308	0.03185	-0.0189999	9.15532e-05	0.000532760125641
29	0.0144931385264	0.03195	-0.0195	7.82018e-05	0.000550457333119
30	0.0149914860492	0.03185	-0.0199999	7.82018e-05	0.000525720842152
31	0.0154921783073	0.0319	-0.0204999	6.10356e-05	0
32	0.0159914740565	0.03185	-0.021	3.43325e-05	0.00055325786486
33	0.0164929145633	0.03195	-0.0215	2.86103e-05	0.000516180320053
34	0.0169927585838	0.03195	-0.0219999	2.6703e-05	0.000479365144202
0	0.0	0.0323	-0.005	0.00046158	0.00120086000234
1	0.00048793051835	0.03155	-0.0054999	0.000434877	0.00151164009023
2	0.000988661273591	0.0316	-0.0059999	0.00580981	0.000480326945972
3	0.00148859826324	0.0316	-0.0064999	0.0263749	0.000476396529516
4	0.00198853525289	0.0316	-0.0069999	0.0339816	0.000486676811785
5	0.00248847224253	0.0316	-0.0074999	0.0292817	0.000496364651829
6	0.00298930298517	0.03165	-0.008	0.0171281	0.00051149985943
7	0.00348923997482	0.03165	-0.0085	0.0118561	0.000516862742788
8	0.00398907697707	0.03165	-0.0089999	0.0110093	0.000519498068744
9	0.00448901396672	0.03165	-0.0094999	0.00734714	0.000536990985215
10	0.00498895095637	0.03165	-0.0099999	0.00455859	0.000533224155545
11	0.00548888794602	0.03165	-0.0104999	0.00617793	0.000524683954778
12	0.00598971868866	0.0317	-0.011	0.00691035	0.000517163768903
13	0.00648955569091	0.0317	-0.0114999	0.00711063	0.000523496336142
14	0.00698949268055	0.0317	-0.0119999	0.0049496	0.000528571305206
15	0.0074894296702	0.0317	-0.0124999	0.00263025	0.000540262746624
16	0.00799026041284	0.03175	-0.013	0.00165177	0.000543997140006
17	0.00849009741509	0.03175	-0.0134999	0.00225069	0.000527998438169
18	0.00899003440474	0.03175	-0.0139999	0.00321771	0.000520319339188
19	0.00949007138178	0.03175	-0.0145	0.00180436	0.000525503830419
20	0.00998990838403	0.03175	-0.0149999	0.00101853	0.000531266074453
21	0.0104899453611	0.03175	-0.0155	0.000675205	0.000539950520601
22	0.0109906761163	0.0318	-0.016	0.000516895	0.000544601760156
23	0.0114905131186	0.0318	-0.0164999	0.000509266	0.000531348778819
24	0.0119913438612	0.03185	-0.017	0.000455858	0.000513346511012
25	0.0124912808509	0.03185	-0.0175	0.000364305	0.000531294076006
26	0.0129911178531	0.03185	-0.0179999	0.000232697	0.000529222817147
27	0.0134910548428	0.03185	-0.0184999	0.000127793	0.000551205837808
28	0.0139909918324	0.03185	-0.0189999	9.15532e-05	0.000532760125641
29	0.0144926163406	0.03195	-0.0195	7.82018e-05	0.000550457333119
30	0.0149908658117	0.03185	-0.0199999	7.82018e-05	0.000525720842152
31	0.0154915965669	0.0319	-0.0204999	6.10356e-05	0
32	0.0159908397784	0.03185	-0.021	3.43325e-05	0.00055325786486
33	0.0164923642992	0.03195	-0.0215	2.86103e-05	0.000516180320053
34	0.0169922013015	0.03195	-0.0219999	2.6703e-05	0.000479365144202
35	0.0174930320441	0.032	-0.0225	2.28883e-05	0
0	0.0	0.0323	-0.005	0.00046158	0.00120086000234
1	0.000488045027071	0.03155	-0.0054999	0.000434877	0.00151164009023
2	0.000988769421681	0.0316	-0.0059999	0.00580981	0.000480326945972
3	0.00148870760505	0.0316	-0.0064999	0.0263749	0.000476396529516
4	0.00198864578841	0.0316	-0.0069999	0.0339816	0.000486676811785
5	0.00248858397178	0.0316	-0.0074999	0.0292817	0.000496364651829
6	0.00298940835403	0.03165	-0.008	0.0171281	0.00051149985943
7	0.0034893465374	0.03165	-0.0085	0.0118561	0.000516862742788
8	0.00398918473313	0.03165	-0.0089999	0.0110093	0.000519498068744
9	0.00448912291649	0.03165	-0.0094999	0.00734714	0.000536990985215
10	0.00498906109986	0.03165	-0.0099999	0.00455859	0.000533224155545
11	0.00548899928323	0.03165	-0.0104999	0.00617793	0.000524683954778
12	0.00598982366547	0.0317	-0.011	0.00691035	0.000517163768903
13	0.0064896618612	0.0317	-0.0114999	0.00711063	0.000523496336142
14	0.00698960004457	0.0317	-0.0119999	0.0049496	0.000528571305206
15	0.00748953822794	0.0317	-0.0124999	0.00263025	0.000540262746624
16	0.00799036261018	0.03175	-0.013	0.00165177	0.000543997140006
17	0.00849020080591	0.03175	-0.0134999	0.00225069	0.000527998438169
18	0.00899013898928	0.03175	-0.0139999	0.00321771	0.000520319339188
19	0.00949017716028	0.03175	-0.0145	0.00180436	0.000525503830419
20	0.00999001535601	0.03175	-0.0149999	0.00101853	0.000531266074453
21	0.010490053527	0.03175	-0.0155	0.000675205	0.000539950520601
22	0.0109907779216	0.0318	-0.016	0.000516895	0.000544601760156
23	0.0114906161174	0.0318	-0.0164999	0.000509266	0.000531348778819
24	0.0119914404996	0.03185	-0.017	0.000455858	0.000513346511012
25	0.012491378683	0.03185	-0.0175	0.000364305	0.000531294076006
26	0.0129912168787	0.03185	-0.0179999	0.000232697	0.000529222817147
27	0.0134911550621	0.03185	-0.0184999	0.000127793	0.000551205837808
28	0.0139910932454	0.03185	-0.0189999	9.15532e-05	0.000532760125641
29	0.0144927038389	0.03195	-0.0195	7.82018e-05	0.000550457333119
30	0.0149909696122	0.03185	-0.0199999	7.82018e-05	0.000525720842152
31	0.0154916940068	0.0319	-0.0204999	6.10356e-05	0
32	0.0159909459665	0.03185	-0.021	3.43325e-05	0.00055325786486
33	0.0164924565724	0.03195	-0.0215	2.86103e-05	0.000516180320053
34	0.0169922947681	0.03195	-0.0219999	2.6703e-05	0.000479365144202
35	0.0174931191504	0.032	-0.0225	2.28883e-05	0
36	0.0179914849112	0.0319	-0.023	1.52589e-05	0
0	0.0	0.0323	-0.005	0.00046158	0.00120086000234
1	0.000486962413449	0.03155	-0.0054999	0.000434877	0.00151164009023
2	0.000987746462888	0.0316	-0.0059999	0.00580981	0.000480326945972
3	0.00148767290916	0.0316	-0.0064999	0.0263749	0.000476396529516
4	0.00198759935543	0.0316	-0.0069999	0.0339816	0.000486676811785
5	0.0024875258017	0.0316	-0.0074999	0.0292817	0.000496364651829
6	0.00298840983643	0.03165	-0.008	0.0171281	0.00051149985943
7	0.0034883362827	0.03165	-0.0085	0.0118561	0.000516862742788
8	0.00398816274368	0.03165	-0.0089999	0.0110093	0.000519498068744
9	0.00448808918995	0.03165	-0.0094999	0.00734714	0.000536990985215
10	0.00498801563622	0.03165	-0.0099999	0.00455859	0.000533224155545
11	0.00548794208249	0.03165	-0.0104999	0.00617793	0.000524683954778
12	0.00598882611722	0.0317	-0.011	0.00691035	0.000517163768903
13	0.0064886525782	0.0317	-0.0114999	0.00711063	0.000523496336142
14	0.00698857902447	0.0317	-0.0119999	0.0049496	0.000528571305206
15	0.00748850547074	0.0317	-0.0124999	0.00263025	0.000540262746624
16	0.00798938950547	0.03175	-0.013	0.00165177	0.000543997140006
17	0.00848921596645	0.03175	-0.0134999	0.00225069	0.000527998438169
18	0.00898914241272	0.03175	-0.0139999	0.00321771	0.000520319339188
19	0.00948916884428	0.03175	-0.0145	0.00180436	0.000525503830419
20	0.00998899530526	0.03175	-0.0149999	0.00101853	0.000531266074453
21	0.0104890217368	0.03175	-0.0155	0.000675205	0.000539950520601
22	0.0109898057863	0.0318	-0.016	0.000516895	0.000544601760156
23	0.0114896322472	0.0318	-0.0164999	0.000509266	0.000531348778819
24	0.011990516282	0.03185	-0.017	0.000455858	0.000513346511012
25	0.0124904427282	0.03185	-0.0175	0.000364305	0.000531294076006
26	0.0129902691892	0.03185	-0.0179999	0.000232697	0.000529222817147
27	0.0134901956355	0.03185	-0.0184999	0.000127793	0.000551205837808
28	0.0139901220818	0.03185	-0.0189999	9.15532e-05	0.000532760125641
29	0.0144918637197	0.03195	-0.0195	7.82018e-05	0.000550457333119
30	0.0149899749743	0.03185	-0.0199999	7.82018e-05	0.000525720842152
31	0.0154907590237	0.0319	-0.0204999	6.10356e-05	0
32	0.0159899278521	0.03185	-0.021	3.43325e-05	0.00055325786486
33	0.0164915695047	0.03195	-0.0215	2.86103e-05	0.000516180320053
34	0.0169913959657	0.03195	-0.0219999	2.6703e-05	0.000479365144202
35	0.0174922800004	0.032	-0.0225	2.28883e-05	0
36	0.0179904912404	0.0319	-0.023	1.52589e-05	0
37	0.0184938480993	0.0321	-0.0235	1.14442e-05	0.000574784597709
0	0.0	0.0323	-0.005	0.00046158	0.00120086000234
1	0.000486671491283	0.03155	-0.0054999	0.000434877	0.00151164009023
2	0.000987471388005	0.0316	-0.0059999	0.00580981	0.000480326945972
3	0.00148739450843	0.0316	-0.0064999	0.0263749	0.000476396529516
4	0.00198731762885	0.0316	-0.0069999	0.0339816	0.000486676811785
5	0.00248724074927	0.0316	-0.0074999	0.0292817	0.000496364651829
6	0.00298814063062	0.03165	-0.008	0.0171281	0.00051149985943
7	0.00348806375104	0.03165	-0.0085	0.0118561	0.000516862742788
8	0.00398788688683	0.03165	-0.0089999	0.0110093	0.000519498068744
9	0.00448781000726	0.03165	-0.0094999	0.00734714	0.000536990985215
10	0.00498773312768	0.03165	-0.0099999	0.00455859	0.000533224155545
11	0.0054876562481	0.03165	-0.0104999	0.00617793	0.000524683954778
12	0.00598855612944	0.0317	-0.011	0.00691035	0.000517163768903
13	0.00648837926524	0.0317	-0.0114999	0.00711063	0.000523496336142
14	0.00698830238566	0.0317	-0.0119999	0.0049496	0.000528571305206
15	0.00748822550608	0.0317	-0.0124999	0.00263025	0.000540262746624
16	0.00798912538743	0.03175	-0.013	0.00165177	0.000543997140006
17	0.00848894852323	0.03175	-0.0134999	0.00225069	0.000527998438169
18	0.00898887164365	0.03175	-0.0139999	0.00321771	0.000520319339188
19	0.00948889474869	0.03175	-0.0145	0.00180436	0.000525503830419
20	0.00998871788449	0.03175	-0.0149999	0.00101853	0.000531266074453
21	0.0104887409895	0.03175	-0.0155	0.000675205	0.000539950520601
22	0.0109895408863	0.0318	-0.016	0.000516895	0.000544601760156
23	0.0114893640221	0.0318	-0.0164999	0.000509266	0.000531348778819
24	0.0119902639034	0.03185	-0.017	0.000455858	0.000513346511012
25	0.0124901870238	0.03185	-0.0175	0.000364305	0.000531294076006
26	0.0129900101596	0.03185	-0.0179999	0.000232697	0.000529222817147
27	0.01348993328	0.03185	-0.0184999	0.000127793	0.000551205837808
28	0.0139898564005	0.03185	-0.0189999	9.15532e-05	0.000532760125641
29	0.0144916330581	0.03195	-0.0195	7.82018e-05	0.000550457333119
30	0.0149897026413	0.03185	-0.0199999	7.82018e-05	0.000525720842152
31	0.015490502538	0.0319	-0.0204999	6.10356e-05	0
32	0.0159896488668	0.03185	-0.021	3.43325e-05	0.00055325786486
33	0.0164913255398	0.03195	-0.0215	2.86103e-05	0.000516180320053
34	0.0169911486756	0.03195	-0.0219999	2.6703e-05	0.000479365144202
35	0.0174920485569	0.032	-0.0225	2.28883e-05	0
36	0.0179902181248	0.0319	-0.023	1.52589e-05	0
37	0.0184936483504	0.0321	-0.0235	1.14442e-05	0.000574784597709
38	0.0189918179182	0.032	-0.024	1.14442e-05	0
0	0.0	0.0323	-0.005	0.00046158	0.00120086000234
1	0.000485637245419	0.03155	-0.0054999	0.000434877	0.00151164009023
2	0.000986492852823	0.0316	-0.0059999	0.00580981	0.000480326945972
3	0.00148640356149	0.0316	-0.0064999	0.0263749	0.000476396529516
4	0.00198631427015	0.0316	-0.0069999	0.0339816	0.000486676811785
5	0.00248622497882	0.0316	-0.0074999	0.0292817	0.000496364651829
6	0.00298718056836	0.03165	-0.008	0.0171281	0.00051149985943
7	0.00348709127703	0.03165	-0.0085	0.0118561	0.000516862742788
8	0.00398690200355	0.03165	-0.0089999	0.0110093	0.000519498068744
9	0.00448681271221	0.03165	-0.0094999	0.00734714	0.000536990985215
10	0.00498672342088	0.03165	-0.0099999	0.00455859	0.000533224155545
11	0.00548663412954	0.03165	-0.0104999	0.00617793	0.000524683954778
12	0.00598758971909	0.0317	-0.011	0.00691035	0.000517163768903
13	0.00648740044561	0.0317	-0.0114999	0.00711063	0.000523496336142
14	0.00698731115427	0.0317	-0.0119999	0.0049496	0.000528571305206
15	0.00748722186294	0.0317	-0.0124999	0.00263025	0.000540262746624
16	0.00798817745248	0.03175	-0.013	0.00165177	0.000543997140006
17	0.00848798817901	0.03175	-0.0134999	0.00225069	0.000527998438169
18	0.00898789888767	0.03175	-0.0139999	0.00321771	0.000520319339188
19	0.00948790957848	0.03175	-0.0145	0.00180436	0.000525503830419
20	0.009987720305	0.03175	-0.0149999	0.00101853	0.000531266074453
21	0.0104877309958	0.03175	-0.0155	0.000675205	0.000539950520601
22	0.0109885866032	0.0318	-0.016	0.000516895	0.000544601760156
23	0.0114883973297	0.0318	-0.0164999	0.000509266	0.000531348778819
24	0.0119893529193	0.03185	-0.017	0.000455858	0.000513346511012
25	0.0124892636279	0.03185	-0.0175	0.000364305	0.000531294076006
26	0.0129890743545	0.03185	-0.0179999	0.000232697	0.000529222817147
27	0.0134889850631	0.03185	-0.0184999	0.000127793	0.000551205837808
28	0.0139888957718	0.03185	-0.0189999	9.15532e-05	0.000532760125641
29	0.0144907962601	0.03195	-0.0195	7.82018e-05	0.000550457333119
30	0.0149887171891	0.03185	-0.0199999	7.82018e-05	0.000525720842152
31	0.0154895727965	0.0319	-0.0204999	6.10356e-05	0
32	0.0159886385886	0.03185	-0.021	3.43325e-05	0.00055325786486
33	0.0164904390947	0.03195	-0.0215	2.86103e-05	0.000516180320053
34	0.0169902498213	0.03195	-0.0219999	2.6703e-05	0.000479365144202
35	0.0174912054108	0.032	-0.0225	2.28883e-05	0
36	0.017989226322	0.0319	-0.023	1.52589e-05	0
37	0.0184929166256	0.0321	-0.0235	1.14442e-05	0.000574784597709
38	0.0189909375368	0.032	-0.024	1.14442e-05	0
39	0.0194936829417	0.03215	-0.0245	1.14442e-05	0.000481071147155
0	0.0	0.0323	-0.005	0.00046158	0.00120086000234
1	0.000485590893973	0.03155	-0.0054999	0.000434877	0.00151164009023
2	0.000986448975243	0.0316	-0.0059999	0.00580981	0.000480326945972
3	0.00148635910618	0.0316	-0.0064999	0.0263749	0.000476396529516
4	0.00198626923712	0.0316	-0.0069999	0.0339816	0.000486676811785
5	0.00248617936807	0.0316	-0.0074999	0.0292817	0.000496364651829
6	0.00298713743136	0.03165	-0.008	0.0171281	0.00051149985943
7	0.0034870475623	0.03165	-0.0085	0.0118561	0.000516862742788
8	0.00398685771122	0.03165	-0.0089999	0.0110093	0.000519498068744
9	0.00448676784216	0.03165	-0.0094999	0.00734714	0.000536990985215
10	0.0049866779731	0.03165	-0.0099999	0.00455859	0.000533224155545
11	0.00548658810404	0.03165	-0.0104999	0.00617793	0.000524683954778
12	0.00598754616734	0.0317	-0.011	0.00691035	0.000517163768903
13	0.00648735631625	0.0317	-0.0114999	0.00711063	0.000523496336142
14	0.00698726644719	0.0317	-0.0119999	0.0049496	0.000528571305206
15	0.00748717657813	0.0317	-0.0124999	0.00263025	0.000540262746624
16	0.00798813464143	0.03175	-0.013	0.00165177	0.000543997140006
17	0.00848794479034	0.03175	-0.0134999	0.00225069	0.000527998438169
18	0.00898785492128	0.03175	-0.0139999	0.00321771	0.000520319339188
19	0.00948786503425	0.03175	-0.0145	0.00180436	0.000525503830419
20	0.00998767518317	0.03175	-0.0149999	0.00101853	0.000531266074453
21	0.0104876852961	0.03175	-0.0155	0.000675205	0.000539950520601
22	0.0109885433774	0.0318	-0.016	0.000516895	0.000544601760156
23	0.0114883535263	0.0318	-0.0164999	0.000509266	0.000531348778819
24	0.0119893115896	0.03185	-0.017	0.000455858	0.000513346511012
25	0.0124892217206	0.03185	-0.0175	0.000364305	0.000531294076006
26	0.0129890318695	0.03185	-0.0179999	0.000232697	0.000529222817147
27	0.0134889420004	0.03185	-0.0184999	0.000127793	0.000551205837808
28	0.0139888521314	0.03185	-0.0189999	9.15532e-05	0.000532760125641
29	0.014490758145	0.03195	-0.0195	7.82018e-05	0.000550457333119
30	0.0149886723932	0.03185	-0.0199999	7.82018e-05	0.000525720842152
31	0.0154895304745	0.0319	-0.0204999	6.10356e-05	0
32	0.0159885926371	0.03185	-0.021	3.43325e-05	0.00055325786486
33	0.0164903986687	0.03195	-0.0215	2.86103e-05	0.000516180320053
34	0.0169902088177	0.03195	-0.0219999	2.6703e-05	0.000479365144202
35	0.017491166881	0.032	-0.0225	2.28883e-05	0
36	0.0179891811112	0.0319	-0.023	1.52589e-05	0
37	0.0184928830435	0.0321	-0.0235	1.14442e-05	0.000574784597709
38	0.0189908972738	0.032	-0.024	1.14442e-05	0
39	0.0194936512557	0.03215	-0.0245	1.14442e-05	0.000481071147155
40	0.0199907175357	0.032	-0.025	1.14442e-05	0
0	0.0	0.0323	-0.005	0.00046158	0.00120086000234
1	0.000484841438797	0.03155	-0.0054999	0.000434877	0.00151164009023
2	0.000985739247659	0.0316	-0.0059999	0.00580981	0.000480326945972
3	0.00148563978215	0.0316	-0.0064999	0.0263749	0.000476396529516
4	0.00198554031664	0.0316	-0.0069999	0.0339816	0.000486676811785
5	0.00248544085113	0.0316	-0.0074999	0.0292817	0.000496364651829
6	0.00298643864009	0.03165	-0.008	0.0171281	0.00051149985943
7	0.00348633917458	0.03165	-0.0085	0.0118561	0.000516862742788
8	0.00398613972897	0.03165	-0.0089999	0.0110093	0.000519498068744
9	0.00448604026346	0.03165	-0.0094999	0.00734714	0.000536990985215
10	0.00498594079794	0.03165	-0.0099999	0.00455859	0.000533224155545
11	0.00548584133243	0.03165	-0.0104999	0.00617793	0.000524683954778
12	0.0059868391214	0.0317	-0.011	0.00691035	0.000517163768903
13	0.00648663967578	0.0317	-0.0114999	0.00711063	0.000523496336142
14	0.00698654021027	0.0317	-0.0119999	0.0049496	0.000528571305206
15	0.00748644074476	0.0317	-0.0124999	0.00263025	0.000540262746624
16	0.00798743853373	0.03175	-0.013	0.00165177	0.000543997140006
17	0.00848723908811	0.03175	-0.0134999	0.00225069	0.000527998438169
18	0.0089871396226	0.03175	-0.0139999	0.00321771	0.000520319339188
19	0.0094871401372	0.03175	-0.0145	0.00180436	0.000525503830419
20	0.00998694069158	0.03175	-0.0149999	0.00101853	0.000531266074453
21	0.0104869412062	0.03175	-0.0155	0.000675205	0.000539950520601
22	0.010987839015	0.0318	-0.016	0.000516895	0.000544601760156
23	0.0114876395694	0.0318	-0.0164999	0.000509266	0.000531348778819
24	0.0119886373584	0.03185	-0.017	0.000455858	0.000513346511012
25	0.0124885378929	0.03185	-0.0175	0.000364305	0.000531294076006
26	0.0129883384473	0.03185	-0.0179999	0.000232697	0.000529222817147
27	0.0134882389818	0.03185	-0.0184999	0.000127793	0.000551205837808
28	0.0139881395162	0.03185	-0.0189999	9.15532e-05	0.000532760125641
29	0.0144901345796	0.03195	-0.0195	7.82018e-05	0.000550457333119
30	0.0149879405852	0.03185	-0.0199999	7.82018e-05	0.000525720842152
31	0.0154888383941	0.0319	-0.0204999	6.10356e-05	0
32	0.0159878416343	0.03185	-0.021	3.43325e-05	0.00055325786486
33	0.0164897367175	0.03195	-0.0215	2.86103e-05	0.000516180320053
34	0.0169895372719	0.03195	-0.0219999	2.6703e-05	0.000479365144202
35	0.0174905350609	0.032	-0.0225	2.28883e-05	0
36	0.0179884410466	0.0319	-0.023	1.52589e-05	0
37	0.0184923306786	0.0321	-0.0235	1.14442e-05	0.000574784597709
38	0.0189902366644	0.032	-0.024	1.14442e-05	0
39	0.019493129022	0.03215	-0.0245	1.14442e-05	0.000481071147155
40	0.0199900377333	0.032	-0.025	1.14442e-05	0
41	0.0204928301108	0.03215	-0.0254999	5.72208e-06	0.000456966675534
0	0.0	0.0323	-0.005	0.00046158	0.00120086000234
1	0.000485444351472	0.03155	-0.0054999	0.000434877	0.00151164009023
2	0.000986310241087	0.0316	-0.0059999	0.00580981	0.000480326945972
3	0.00148621853342	0.0316	-0.0064999	0.0263749	0.000476396529516
4	0.00198612682576	0.0316	-0.0069999	0.0339816	0.000486676811785
5	0.00248603511809	0.0316	-0.0074999	0.0292817	0.000496364651829
6	0.00298700098936	0.03165	-0.008	0.0171281	0.00051149985943
7	0.0034869092817	0.03165	-0.0085	0.0118561	0.000516862742788
8	0.00398671759237	0.03165	-0.0089999	0.0110093	0.000519498068744
9	0.00448662588471	0.03165	-0.0094999	0.00734714	0.000536990985215
10	0.00498653417704	0.03165	-0.0099999	0.00455859	0.000533224155545
11	0.00548644246938	0.03165	-0.0104999	0.00617793	0.000524683954778
12	0.00598740834065	0.0317	-0.011	0.00691035	0.000517163768903
13	0.00648721665133	0.0317	-0.0114999	0.00711063	0.000523496336142
14	0.00698712494366	0.0317	-0.0119999	0.0049496	0.000528571305206
15	0.007487033236	0.0317	-0.0124999	0.00263025	0.000540262746624
16	0.00798799910727	0.03175	-0.013	0.00165177	0.000543997140006
17	0.00848780741795	0.03175	-0.0134999	0.00225069	0.000527998438169
18	0.00898771571028	0.03175	-0.0139999	0.00321771	0.000520319339188
19	0.00948772398427	0.03175	-0.0145	0.00180436	0.000525503830419
20	0.00998753229495	0.03175	-0.0149999	0.00101853	0.000531266074453
21	0.0104875405689	0.03175	-0.0155	0.000675205	0.000539950520601
22	0.0109884064586	0.0318	-0.016	0.000516895	0.000544601760156
23	0.0114882147692	0.0318	-0.0164999	0.000509266	0.000531348778819
24	0.0119891806405	0.03185	-0.017	0.000455858	0.000513346511012
25	0.0124890889328	0.03185	-0.0175	0.000364305	0.000531294076006
26	0.0129888972435	0.03185	-0.0179999	0.000232697	0.000529222817147
27	0.0134888055359	0.03185	-0.0184999	0.000127793	0.000551205837808
28	0.0139887138282	0.03185	-0.0189999	9.15532e-05	0.000532760125641
29	0.0144906372967	0.03195	-0.0195	7.82018e-05	0.000550457333119
30	0.0149885304129	0.03185	-0.0199999	7.82018e-05	0.000525720842152
31	0.0154893963025	0.0319	-0.0204999	6.10356e-05	0
32	0.0159884469792	0.03185	-0.021	3.43325e-05	0.00055325786486
33	0.0164902704661	0.03195	-0.0215	2.86103e-05	0.000516180320053
34	0.0169900787768	0.03195	-0.0219999	2.6703e-05	0.000479365144202
35	0.017491044648	0.032	-0.0225	2.28883e-05	0
36	0.0179890377458	0.0319	-0.023	1.52589e-05	0
37	0.0184927764273	0.0321	-0.0235	1.14442e-05	0.000574784597709
38	0.018990769525	0.032	-0.024	1.14442e-05	0
39	0.0194935506092	0.03215	-0.0245	1.14442e-05	0.000481071147155
40	0.0199905861097	0.032	-0.025	1.14442e-05	0
41	0.0204932672122	0.03215	-0.0254999	5.72208e-06	0.000456966675534
42	0.0209883875182	0.0319	-0.0259999	7.62945e-06	0
0	0.0	0.0323	-0.005	0.00046158	0.00120086000234
1	0.000485092164668	0.03155	-0.0054999	0.000434877	0.00151164009023
2	0.000985976739953	0.0316	-0.0059999	0.00580981	0.000480326945972
3	0.00148588053837	0.0316	-0.0064999	0.0263749	0.000476396529516
4	0.00198578433679	0.0316	-0.0069999	0.0339816	0.000486676811785
5	0.00248568813521	0.0316	-0.0074999	0.0292817	0.000496364651829
6	0.00298667269126	0.03165	-0.008	0.0171281	0.00051149985943
7	0.00348657648967	0.03165	-0.0085	0.0118561	0.000516862742788
8	0.00398638030733	0.03165	-0.0089999	0.0110093	0.000519498068744
9	0.00448628410575	0.03165	-0.0094999	0.00734714	0.000536990985215
10	0.00498618790417	0.03165	-0.0099999	0.00455859	0.000533224155545
11	0.00548609170259	0.03165	-0.0104999	0.00617793	0.000524683954778
12	0.00598707625864	0.0317	-0.011	0.00691035	0.000517163768903
13	0.0064868800763	0.0317	-0.0114999	0.00711063	0.000523496336142
14	0.00698678387472	0.0317	-0.0119999	0.0049496	0.000528571305206
15	0.00748668767313	0.0317	-0.0124999	0.00263025	0.000540262746624
16	0.00798767222918	0.03175	-0.013	0.00165177	0.000543997140006
17	0.00848747604684	0.03175	-0.0134999	0.00225069	0.000527998438169
18	0.00898737984526	0.03175	-0.0139999	0.00321771	0.000520319339188
19	0.00948738362444	0.03175	-0.0145	0.00180436	0.000525503830419
20	0.0099871874421	0.03175	-0.0149999	0.00101853	0.000531266074453
21	0.0104871912213	0.03175	-0.0155	0.000675205	0.000539950520601
22	0.0109880757966	0.0318	-0.016	0.000516895	0.000544601760156
23	0.0114878796142	0.0318	-0.0164999	0.000509266	0.000531348778819
24	0.0119888641703	0.03185	-0.017	0.000455858	0.000513346511012
25	0.0124887679687	0.03185	-0.0175	0.000364305	0.000531294076006
26	0.0129885717863	0.03185	-0.0179999	0.000232697	0.000529222817147
27	0.0134884755848	0.03185	-0.0184999	0.000127793	0.000551205837808
28	0.0139883793832	0.03185	-0.0189999	9.15532e-05	0.000532760125641
29	0.0144903447161	0.03195	-0.0195	7.82018e-05	0.000550457333119
30	0.01498818698	0.03185	-0.0199999	7.82018e-05	0.000525720842152
31	0.0154890715553	0.0319	-0.0204999	6.10356e-05	0
32	0.0159880945576	0.03185	-0.021	3.43325e-05	0.00055325786486
33	0.0164899599098	0.03195	-0.0215	2.86103e-05	0.000516180320053
34	0.0169897637274	0.03195	-0.0219999	2.6703e-05	0.000479365144202
35	0.0174907482835	0.032	-0.0225	2.28883e-05	0
36	0.0179886905282	0.0319	-0.023	1.52589e-05	0
37	0.018492517434	0.0321	-0.0235	1.14442e-05	0.000574784597709
38	0.0189904596787	0.032	-0.024	1.14442e-05	0
39	0.0194933058077	0.03215	-0.0245	1.14442e-05	0.000481071147155
40	0.0199902672756	0.032	-0.025	1.14442e-05	0
41	0.0204930134238	0.03215	-0.0254999	5.72208e-06	0.000456966675534
42	0.0209880133379	0.0319	-0.0259999	7.62945e-06	0
43	0.0214918402438	0.0321	-0.0264999	5.72208e-06	0
0	0.0	0.0323	-0.005	0.00046158	0.00120086000234
1	0.000501680079343	0.03155	-0.0054999	0.000434877	0.00151164009023
2	0.00100155990283	0.0316	-0.0059999	0.00580981	0.000480326945972
3	0.00150155849229	0.0316	-0.0064999	0.0263749	0.000476396529516
4	0.00200155708176	0.0316	-0.0069999	0.0339816	0.000486676811785
5	0.00250155567122	0.0316	-0.0074999	0.0292817	0.000496364651829
6	0.00300153549443	0.03165	-0.008	0.0171281	0.00051149985943
7	0.00350153408389	0.03165	-0.0085	0.0118561	0.000516862742788
8	0.00400143267363	0.03165	-0.0089999	0.0110093	0.000519498068744
9	0.0045014312631	0.03165	-0.0094999	0.00734714	0.000536990985215
10	0.00500142985256	0.03165	-0.0099999	0.00455859	0.000533224155545
11	0.00550142844202	0.03165	-0.0104999	0.00617793	0.000524683954778
12	0.00600140826523	0.0317	-0.011	0.00691035	0.000517163768903
13	0.00650130685497	0.0317	-0.0114999	0.00711063	0.000523496336142
14	0.00700130544443	0.0317	-0.0119999	0.0049496	0.000528571305206
15	0.0075013040339	0.0317	-0.0124999	0.00263025	0.000540262746624
16	0.0080012838571	0.03175	-0.013	0.00165177	0.000543997140006
17	0.00850118244685	0.03175	-0.0134999	0.00225069	0.000527998438169
18	0.00900118103631	0.03175	-0.0139999	0.00321771	0.000520319339188
19	0.00950127962549	0.03175	-0.0145	0.00180436	0.000525503830419
20	0.0100011782152	0.03175	-0.0149999	0.00101853	0.000531266074453
21	0.0105012768044	0.03175	-0.0155	0.000675205	0.000539950520601
22	0.0110011566279	0.0318	-0.016	0.000516895	0.000544601760156
23	0.0115010552176	0.0318	-0.0164999	0.000509266	0.000531348778819
24	0.0120010350409	0.03185	-0.017	0.000455858	0.000513346511012
25	0.0125010336303	0.03185	-0.0175	0.000364305	0.000531294076006
26	0.0130009322201	0.03185	-0.0179999	0.000232697	0.000529222817147
27	0.0135009308095	0.03185	-0.0184999	0.000127793	0.000551205837808
28	0.014000929399	0.03185	-0.0189999	9.15532e-05	0.000532760125641
29	0.0145007904562	0.03195	-0.0195	7.82018e-05	0.000550457333119
30	0.0150009265779	0.03185	-0.0199999	7.82018e-05	0.000525720842152
31	0.0155008064014	0.0319	-0.0204999	6.10356e-05	0
32	0.0160010237566	0.03185	-0.021	3.43325e-05	0.00055325786486
33	0.0165007848141	0.03195	-0.0215	2.86103e-05	0.000516180320053
34	0.0170006834038	0.03195	-0.0219999	2.6703e-05	0.000479365144202
35	0.017500663227	0.032	-0.0225	2.28883e-05	0
36	0.0180008993484	0.0319	-0.023	1.52589e-05	0
37	0.018500422874	0.0321	-0.0235	1.14442e-05	0.000574784597709
38	0.0190006589954	0.032	-0.024	1.14442e-05	0
39	0.019500301287	0.03215	-0.0245	1.14442e-05	0.000481071147155
40	0.0200006561743	0.032	-0.025	1.14442e-05	0
41	0.0205001984662	0.03215	-0.0254999	5.72208e-06	0.000456966675534
42	0.0210007908855	0.0319	-0.0259999	7.62945e-06	0
43	0.0215003144111	0.0321	-0.0264999	5.72208e-06	0
44	0.0220094579805	0.02825	-0.0269999	1.90736e-06	0
0	0.0	0.0323	-0.005	0.00046158	0.00120086000234
1	0.000499639160057	0.03155	-0.0054999	0.000434877	0.00151164009023
2	0.00099965651714	0.0316	-0.0059999	0.00580981	0.000480326945972
3	0.00149965648691	0.0316	-0.0064999	0.0263749	0.000476396529516
4	0.00199965645668	0.0316	-0.0069999	0.0339816	0.000486676811785
5	0.00249965642644	0.0316	-0.0074999	0.0292817	0.000496364651829
6	0.00299977378352	0.03165	-0.008	0.0171281	0.00051149985943
7	0.00349977375329	0.03165	-0.0085	0.0118561	0.000516862742788
8	0.00399967372306	0.03165	-0.0089999	0.0110093	0.000519498068744
9	0.00449967369283	0.03165	-0.0094999	0.00734714	0.000536990985215
10	0.0049996736626	0.03165	-0.0099999	0.00455859	0.000533224155545
11	0.00549967363237	0.03165	-0.0104999	0.00617793	0.000524683954778
12	0.00599979098944	0.0317	-0.011	0.00691035	0.000517163768903
13	0.00649969095922	0.0317	-0.0114999	0.00711063	0.000523496336142
14	0.00699969092899	0.0317	-0.0119999	0.0049496	0.000528571305206
15	0.00749969089875	0.0317	-0.0124999	0.00263025	0.000540262746624
16	0.00799980825583	0.03175	-0.013	0.00165177	0.000543997140006
17	0.0084997082256	0.03175	-0.0134999	0.00225069	0.000527998438169
18	0.00899970819537	0.03175	-0.0139999	0.00321771	0.000520319339188
19	0.00949980816514	0.03175	-0.0145	0.00180436	0.000525503830419
20	0.00999970813491	0.03175	-0.0149999	0.00101853	0.000531266074453
21	0.0104998081047	0.03175	-0.0155	0.000675205	0.000539950520601
22	0.0109998254618	0.0318	-0.016	0.000516895	0.000544601760156
23	0.0114997254315	0.0318	-0.0164999	0.000509266	0.000531348778819
24	0.0119998427886	0.03185	-0.017	0.000455858	0.000513346511012
25	0.0124998427584	0.03185	-0.0175	0.000364305	0.000531294076006
26	0.0129997427281	0.03185	-0.0179999	0.000232697	0.000529222817147
27	0.0134997426979	0.03185	-0.0184999	0.000127793	0.000551205837808
28	0.0139997426677	0.03185	-0.0189999	9.15532e-05	0.000532760125641
29	0.0144998774121	0.03195	-0.0195	7.82018e-05	0.000550457333119
30	0.0149997426072	0.03185	-0.0199999	7.82018e-05	0.000525720842152
31	0.0154997599643	0.0319	-0.0204999	6.10356e-05	0
32	0.0159998425467	0.03185	-0.021	3.43325e-05	0.00055325786486
33	0.0164998772911	0.03195	-0.0215	2.86103e-05	0.000516180320053
34	0.0169997772609	0.03195	-0.0219999	2.6703e-05	0.000479365144202
35	0.017499894618	0.032	-0.0225	2.28883e-05	0
36	0.0179998598131	0.0319	-0.023	1.52589e-05	0
37	0.0184999293322	0.0321	-0.0235	1.14442e-05	0.000574784597709
38	0.0189998945273	0.032	-0.024	1.14442e-05	0
39	0.019499946659	0.03215	-0.0245	1.14442e-05	0.000481071147155
40	0.0199998944668	0.032	-0.025	1.14442e-05	0
41	0.0204998465986	0.03215	-0.0254999	5.72208e-06	0.000456966675534
42	0.0209997596318	0.0319	-0.0259999	7.62945e-06	0
43	0.0214998291508	0.0321	-0.0264999	5.72208e-06	0
44	0.0219984902973	0.02825	-0.0269999	1.90736e-06	0
45	0.0224998638649	0.0322	-0.0274999	5.72208e-06	0.000260205887412
0	0.0	0.0323	-0.005	0.00046158	0.00120086000234
1	0.000498650940387	0.03155	-0.0054999	0.000434877	0.00151164009023
2	0.00099873347223	0.0316	-0.0059999	0.00580981	0.000480326945972
3	0.0014987327796	0.0316	-0.0064999	0.0263749	0.000476396529516
4	0.00199873208697	0.0316	-0.0069999	0.0339816	0.000486676811785
5	0.00249873139433	0.0316	-0.0074999	0.0292817	0.000496364651829
6	0.00299891392604	0.03165	-0.008	0.0171281	0.00051149985943
7	0.00349891323341	0.03165	-0.0085	0.0118561	0.000516862742788
8	0.00399881254091	0.03165	-0.0089999	0.0110093	0.000519498068744
9	0.00449881184828	0.03165	-0.0094999	0.00734714	0.000536990985215
10	0.00499881115565	0.03165	-0.0099999	0.00455859	0.000533224155545
11	0.00549881046302	0.03165	-0.0104999	0.00617793	0.000524683954778
12	0.00599899299472	0.0317	-0.011	0.00691035	0.000517163768903
13	0.00649889230223	0.0317	-0.0114999	0.00711063	0.000523496336142
14	0.0069988916096	0.0317	-0.0119999	0.0049496	0.000528571305206
15	0.00749889091697	0.0317	-0.0124999	0.00263025	0.000540262746624
16	0.00799907344867	0.03175	-0.013	0.00165177	0.000543997140006
17	0.00849897275618	0.03175	-0.0134999	0.00225069	0.000527998438169
18	0.00899897206354	0.03175	-0.0139999	0.00321771	0.000520319339188
19	0.00949907137077	0.03175	-0.0145	0.00180436	0.000525503830419
20	0.00999897067828	0.03175	-0.0149999	0.00101853	0.000531266074453
21	0.0104990699855	0.03175	-0.0155	0.000675205	0.000539950520601
22	0.0109991525174	0.0318	-0.016	0.000516895	0.000544601760156
23	0.0114990518249	0.0318	-0.0164999	0.000509266	0.000531348778819
24	0.0119992343566	0.03185	-0.017	0.000455858	0.000513346511012
25	0.0124992336639	0.03185	-0.0175	0.000364305	0.000531294076006
26	0.0129991329714	0.03185	-0.0179999	0.000232697	0.000529222817147
27	0.0134991322788	0.03185	-0.0184999	0.000127793	0.000551205837808
28	0.0139991315862	0.03185	-0.0189999	9.15532e-05	0.000532760125641
29	0.0144993973424	0.03195	-0.0195	7.82018e-05	0.000550457333119
30	0.0149991302009	0.03185	-0.0199999	7.82018e-05	0.000525720842152
31	0.0154992127328	0.0319	-0.0204999	6.10356e-05	0
32	0.0159992288155	0.03185	-0.021	3.43325e-05	0.00055325786486
33	0.0164993945718	0.03195	-0.0215	2.86103e-05	0.000516180320053
34	0.0169992938793	0.03195	-0.0219999	2.6703e-05	0.000479365144202
35	0.017499476411	0.032	-0.0225	2.28883e-05	0
36	0.0179993092695	0.0319	-0.023	1.52589e-05	0
37	0.0184996414747	0.0321	-0.0235	1.14442e-05	0.000574784597709
38	0.0189994743331	0.032	-0.024	1.14442e-05	0
39	0.0194997233139	0.03215	-0.0245	1.14442e-05	0.000481071147155
40	0.0199994729479	0.032	-0.025	1.14442e-05	0
41	0.0204996219288	0.03215	-0.0254999	5.72208e-06	0.000456966675534
42	0.0209992051138	0.0319	-0.0259999	7.62945e-06	0
43	0.0214995373191	0.0321	-0.0264999	5.72208e-06	0
44	0.0219931283419	0.02825	-0.0269999	1.90736e-06	0
45	0.0224997023828	0.0322	-0.0274999	5.72208e-06	0.000260205887412
46	0.0229993687922	0.032	-0.0279999	5.72208e-06	0
0	0.0	0.0323	-0.005	0.00046158	0.00120086000234
1	0.000497591532494	0.03155	-0.0054999	0.000434877	0.00151164009023
2	0.000997742909172	0.0316	-0.0059999	0.00580981	0.000480326945972
3	0.00149774054556	0.0316	-0.0064999	0.0263749	0.000476396529516
4	0.00199773818195	0.0316	-0.0069999	0.0339816	0.000486676811785
5	0.00249773581833	0.0316	-0.0074999	0.0292817	0.000496364651829
6	0.00299798719454	0.03165	-0.008	0.0171281	0.00051149985943
7	0.00349798483092	0.03165	-0.0085	0.0118561	0.000516862742788
8	0.00399788246778	0.03165	-0.0089999	0.0110093	0.000519498068744
9	0.00449788010417	0.03165	-0.0094999	0.00734714	0.000536990985215
10	0.00499787774056	0.03165	-0.0099999	0.00455859	0.000533224155545
11	0.00549787537694	0.03165	-0.0104999	0.00617793	0.000524683954778
12	0.00599812675315	0.0317	-0.011	0.00691035	0.000517163768903
13	0.00649802439001	0.0317	-0.0114999	0.00711063	0.000523496336142
14	0.00699802202639	0.0317	-0.0119999	0.0049496	0.000528571305206
15	0.00749801966278	0.0317	-0.0124999	0.00263025	0.000540262746624
16	0.00799827103899	0.03175	-0.013	0.00165177	0.000543997140006
17	0.00849816867585	0.03175	-0.0134999	0.00225069	0.000527998438169
18	0.00899816631223	0.03175	-0.0139999	0.00321771	0.000520319339188
19	0.00949826394815	0.03175	-0.0145	0.00180436	0.000525503830419
20	0.00999816158501	0.03175	-0.0149999	0.00101853	0.000531266074453
21	0.0104982592209	0.03175	-0.0155	0.000675205	0.000539950520601
22	0.0109984105976	0.0318	-0.016	0.000516895	0.000544601760156
23	0.0114983082345	0.0318	-0.0164999	0.000509266	0.000531348778819
24	0.0119985596107	0.03185	-0.017	0.000455858	0.000513346511012
25	0.012498557247	0.03185	-0.0175	0.000364305	0.000531294076006
26	0.0129984548839	0.03185	-0.0179999	0.000232697	0.000529222817147
27	0.0134984525203	0.03185	-0.0184999	0.000127793	0.000551205837808
28	0.0139984501567	0.03185	-0.0189999	9.15532e-05	0.000532760125641
29	0.0144988552732	0.03195	-0.0195	7.82018e-05	0.000550457333119
30	0.0149984454295	0.03185	-0.0199999	7.82018e-05	0.000525720842152
31	0.0154985968061	0.0319	-0.0204999	6.10356e-05	0
32	0.0159985407018	0.03185	-0.021	3.43325e-05	0.00055325786486
33	0.0164988458187	0.03195	-0.0215	2.86103e-05	0.000516180320053
34	0.0169987434556	0.03195	-0.0219999	2.6703e-05	0.000479365144202
35	0.0174989948318	0.032	-0.0225	2.28883e-05	0
36	0.0179986849876	0.0319	-0.023	1.52589e-05	0
37	0.0184992975851	0.0321	-0.0235	1.14442e-05	0.000574784597709
38	0.0189989877409	0.032	-0.024	1.14442e-05	0
39	0.0194994465982	0.03215	-0.0245	1.14442e-05	0.000481071147155
40	0.0199989830137	0.032	-0.025	1.14442e-05	0
41	0.0204993418715	0.03215	-0.0254999	5.72208e-06	0.000456966675534
42	0.0209985708064	0.0319	-0.0259999	7.62945e-06	0
43	0.0214991834039	0.0321	-0.0264999	5.72208e-06	0
44	0.0219873430379	0.02825	-0.0269999	1.90736e-06	0
45	0.0224994861573	0.0322	-0.0274999	5.72208e-06	0.000260205887412
46	0.0229988688325	0.032	-0.0279999	5.72208e-06	0
47	0.0234991202087	0.03205	-0.0285	3.81473e-06	0
0	0.0	0.0323	-0.005	0.00046158	0.00120086000234
1	0.000513302230276	0.03155	-0.0054999	0.000434877	0.00151164009023
2	0.00101232255962	0.0316	-0.0059999	0.00580981	0.000480326945972
3	0.00151224175676	0.0316	-0.0064999	0.0263749	0.000476396529516
4	0.00201216095389	0.0316	-0.0069999	0.0339816	0.000486676811785
5	0.00251208015103	0.0316	-0.0074999	0.0292817	0.000496364651829
6	0.00301120046421	0.03165	-0.008	0.0171281	0.00051149985943
7	0.00351111966135	0.03165	-0.0085	0.0118561	0.000516862742788
8	0.00401093887465	0.03165	-0.0089999	0.0110093	0.000519498068744
9	0.00451085807179	0.03165	-0.0094999	0.00734714	0.000536990985215
10	0.00501077726893	0.03165	-0.0099999	0.00455859	0.000533224155545
11	0.00551069646607	0.03165	-0.0104999	0.00617793	0.000524683954778
12	0.00600981677925	0.0317	-0.011	0.00691035	0.000517163768903
13	0.00650963599255	0.0317	-0.0114999	0.00711063	0.000523496336142
14	0.00700955518969	0.0317	-0.0119999	0.0049496	0.000528571305206
15	0.00750947438683	0.0317	-0.0124999	0.00263025	0.000540262746624
16	0.00800859470001	0.03175	-0.013	0.00165177	0.000543997140006
17	0.00850841391331	0.03175	-0.0134999	0.00225069	0.000527998438169
18	0.00900833311044	0.03175	-0.0139999	0.00321771	0.000520319339188
19	0.00950835229142	0.03175	-0.0145	0.00180436	0.000525503830419
20	0.0100081715047	0.03175	-0.0149999	0.00101853	0.000531266074453
21	0.0105081906857	0.03175	-0.0155	0.000675205	0.000539950520601
22	0.011007211015	0.0318	-0.016	0.000516895	0.000544601760156
23	0.0115070302283	0.0318	-0.0164999	0.000509266	0.000531348778819
24	0.0120061505415	0.03185	-0.017	0.000455858	0.000513346511012
25	0.0125060697387	0.03185	-0.0175	0.000364305	0.000531294076006
26	0.013005888952	0.03185	-0.0179999	0.000232697	0.000529222817147
27	0.0135058081491	0.03185	-0.0184999	0.000127793	0.000551205837808
28	0.0140057273462	0.03185	-0.0189999	9.15532e-05	0.000532760125641
29	0.0145039487916	0.03195	-0.0195	7.82018e-05	0.000550457333119
30	0.0150055657405	0.03185	-0.0199999	7.82018e-05	0.000525720842152
31	0.0155045860699	0.0319	-0.0204999	6.10356e-05	0
32	0.0160055041186	0.03185	-0.021	3.43325e-05	0.00055325786486
33	0.0165036255802	0.03195	-0.0215	2.86103e-05	0.000516180320053
34	0.0170034447935	0.03195	-0.0219999	2.6703e-05	0.000479365144202
35	0.0175025651067	0.032	-0.0225	2.28883e-05	0
36	0.0180042820394	0.0319	-0.023	1.52589e-05	0
37	0.0185006057653	0.0321	-0.0235	1.14442e-05	0.000574784597709
38	0.0190023226981	0.032	-0.024	1.14442e-05	0
39	0.0194995452918	0.03215	-0.0245	1.14442e-05	0.000481071147155
40	0.0200021610924	0.032	-0.025	1.14442e-05	0
41	0.0204992837023	0.03215	-0.0254999	5.72208e-06	0.000456966675534
42	0.0210036972384	0.0319	-0.0259999	7.62945e-06	0
43	0.0215000209643	0.0321	-0.0264999	5.72208e-06	0
44	0.0220691529819	0.02825	-0.0269999	1.90736e-06	0
45	0.022498061623	0.0322	-0.0274999	5.72208e-06	0.000260205887412
46	0.0230015762913	0.032	-0.0279999	5.72208e-06	0
47	0.0235006966045	0.03205	-0.0285	3.81473e-06	0
48	0.0240814139197	0.02755	-0.0289999	1.90736e-06	0
0	0.0	0.0323	-0.005	0.00046158	0.00120086000234
1	0.000511364411476	0.03155	-0.0054999	0.000434877	0.00151164009023
2	0.00101053716252	0.0316	-0.0059999	0.00580981	0.000480326945972
3	0.00151047814161	0.0316	-0.0064999	0.0263749	0.000476396529516
4	0.00201041912069	0.0316	-0.0069999	0.0339816	0.000486676811785
5	0.00251036009978	0.0316	-0.0074999	0.0292817	0.000496364651829
6	0.00300963283902	0.03165	-0.008	0.0171281	0.00051149985943
7	0.0035095738181	0.03165	-0.0085	0.0118561	0.000516862742788
8	0.00400941480899	0.03165	-0.0089999	0.0110093	0.000519498068744
9	0.00450935578807	0.03165	-0.0094999	0.00734714	0.000536990985215
10	0.00500929676716	0.03165	-0.0099999	0.00455859	0.000533224155545
11	0.00550923774624	0.03165	-0.0104999	0.00617793	0.000524683954778
12	0.00600851048548	0.0317	-0.011	0.00691035	0.000517163768903
13	0.00650835147637	0.0317	-0.0114999	0.00711063	0.000523496336142
14	0.00700829245546	0.0317	-0.0119999	0.0049496	0.000528571305206
15	0.00750823343454	0.0317	-0.0124999	0.00263025	0.000540262746624
16	0.00800750617378	0.03175	-0.013	0.00165177	0.000543997140006
17	0.00850734716467	0.03175	-0.0134999	0.00225069	0.000527998438169
18	0.00900728814376	0.03175	-0.0139999	0.00321771	0.000520319339188
19	0.00950732911104	0.03175	-0.0145	0.00180436	0.000525503830419
20	0.0100071701019	0.03175	-0.0149999	0.00101853	0.000531266074453
21	0.0105072110692	0.03175	-0.0155	0.000675205	0.000539950520601
22	0.0110063838203	0.0318	-0.016	0.000516895	0.000544601760156
23	0.0115062248111	0.0318	-0.0164999	0.000509266	0.000531348778819
24	0.0120054975504	0.03185	-0.017	0.000455858	0.000513346511012
25	0.0125054385295	0.03185	-0.0175	0.000364305	0.000531294076006
26	0.0130052795204	0.03185	-0.0179999	0.000232697	0.000529222817147
27	0.0135052204994	0.03185	-0.0184999	0.000127793	0.000551205837808
28	0.0140051614785	0.03185	-0.0189999	9.15532e-05	0.000532760125641
29	0.0145036659897	0.03195	-0.0195	7.82018e-05	0.000550457333119
30	0.0150050434367	0.03185	-0.0199999	7.82018e-05	0.000525720842152
31	0.0155042161877	0.0319	-0.0204999	6.10356e-05	0
32	0.0160050253831	0.03185	-0.021	3.43325e-05	0.00055325786486
33	0.0165034299061	0.03195	-0.0215	2.86103e-05	0.000516180320053
34	0.017003270897	0.03195	-0.0219999	2.6703e-05	0.000479365144202
35	0.0175025436362	0.032	-0.0225	2.28883e-05	0
36	0.0180040210714	0.0319	-0.023	1.52589e-05	0
37	0.0185008891383	0.0321	-0.0235	1.14442e-05	0.000574784597709
38	0.0190023665734	0.032	-0.024	1.14442e-05	0
39	0.0195000028684	0.03215	-0.0245	1.14442e-05	0.000481071147155
40	0.0200022485316	0.032	-0.025	1.14442e-05	0
41	0.0204997848384	0.03215	-0.0254999	5.72208e-06	0.000456966675534
42	0.0210035669577	0.0319	-0.0259999	7.62945e-06	0
43	0.0215004350246	0.0321	-0.0264999	5.72208e-06	0
44	0.0220595295627	0.02825	-0.0269999	1.90736e-06	0
45	0.0224987805267	0.0322	-0.0274999	5.72208e-06	0.000260205887412
46	0.0230017944179	0.032	-0.0279999	5.72208e-06	0
47	0.0235010671572	0.03205	-0.0285	3.81473e-06	0
48	0.0240700486716	0.02755	-0.0289999	1.90736e-06	0
49	0.0245017173434	0.032	-0.0295	1.90736e-06	0
0	0.0	0.0323	-0.005	0.00046158	0.00120086000234
1	0.000509108811264	0.03155	-0.0054999	0.000434877	0.00151164009023
2	0.00100845435452	0.0316	-0.0059999	0.00580981	0.000480326945972
3	0.00150841635155	0.0316	-0.0064999	0.0263749	0.000476396529516
4	0.00200837834858	0.0316	-0.0069999	0.0339816	0.000486676811785
5	0.00250834034561	0.0316	-0.0074999	0.0292817	0.000496364651829
6	0.00300778588126	0.03165	-0.008	0.0171281	0.00051149985943
7	0.00350774787829	0.03165	-0.0085	0.0118561	0.000516862742788
8	0.00400760988292	0.03165	-0.0089999	0.0110093	0.000519498068744
9	0.00450757187995	0.03165	-0.0094999	0.00734714	0.000536990985215
10	0.00500753387698	0.03165	-0.0099999	0.00455859	0.000533224155545
11	0.00550749587401	0.03165	-0.0104999	0.00617793	0.000524683954778
12	0.00600694140967	0.0317	-0.011	0.00691035	0.000517163768903
13	0.0065068034143	0.0317	-0.0114999	0.00711063	0.000523496336142
14	0.00700676541133	0.0317	-0.0119999	0.0049496	0.000528571305206
15	0.00750672740836	0.0317	-0.0124999	0.00263025	0.000540262746624
16	0.00800617294401	0.03175	-0.013	0.00165177	0.000543997140006
17	0.00850603494864	0.03175	-0.0134999	0.00225069	0.000527998438169
18	0.00900599694567	0.03175	-0.0139999	0.00321771	0.000520319339188
19	0.0095060589351	0.03175	-0.0145	0.00180436	0.000525503830419
20	0.0100059209397	0.03175	-0.0149999	0.00101853	0.000531266074453
21	0.0105059829292	0.03175	-0.0155	0.000675205	0.000539950520601
22	0.0110053284724	0.0318	-0.016	0.000516895	0.000544601760156
23	0.011505190477	0.0318	-0.0164999	0.000509266	0.000531348778819
24	0.0120046360127	0.03185	-0.017	0.000455858	0.000513346511012
25	0.0125045980097	0.03185	-0.0175	0.000364305	0.000531294076006
26	0.0130044600144	0.03185	-0.0179999	0.000232697	0.000529222817147
27	0.0135044220114	0.03185	-0.0184999	0.000127793	0.000551205837808
28	0.0140043840084	0.03185	-0.0189999	9.15532e-05	0.000532760125641
29	0.0145032130903	0.03195	-0.0195	7.82018e-05	0.000550457333119
30	0.0150043080025	0.03185	-0.0199999	7.82018e-05	0.000525720842152
31	0.0155036535457	0.0319	-0.0204999	6.10356e-05	0
32	0.0160043319889	0.03185	-0.021	3.43325e-05	0.00055325786486
33	0.0165030610784	0.03195	-0.0215	2.86103e-05	0.000516180320053
34	0.0170029230831	0.03195	-0.0219999	2.6703e-05	0.000479365144202
35	0.0175023686187	0.032	-0.0225	2.28883e-05	0
36	0.0180035635233	0.0319	-0.023	1.52589e-05	0
37	0.0185010597052	0.0321	-0.0235	1.14442e-05	0.000574784597709
38	0.0190022546098	0.032	-0.024	1.14442e-05	0
39	0.0195003672455	0.03215	-0.0245	1.14442e-05	0.000481071147155
40	0.0200021786039	0.032	-0.025	1.14442e-05	0
41	0.0205001912472	0.03215	-0.0254999	5.72208e-06	0.000456966675534
42	0.0210032355131	0.0319	-0.0259999	7.62945e-06	0
43	0.021500731695	0.0321	-0.0264999	5.72208e-06	0
44	0.0220481606327	0.02825	-0.0269999	1.90736e-06	0
45	0.0224994227815	0.0322	-0.0274999	5.72208e-06	0.000260205887412
46	0.0230018505936	0.032	-0.0279999	5.72208e-06	0
47	0.0235012961293	0.03205	-0.0285	3.81473e-06	0
48	0.0240566389737	0.02755	-0.0289999	1.90736e-06	0
49	0.0245018365771	0.032	-0.0295	1.90736e-06	0
50	0.0249998492204	0.03215	-0.0299999	3.05178e-05	7.32925051069e-05
