Your comment line - do NOT delete this line
Col 0: Axis index
Col 1: S_path [m]
Col 2: Max voltage X-pos[m]
Col 3: Max voltage Y-pos[m]
Col 4: Max voltage [V]
Col 5: Full width half maximum (FWHM) [m]

Col 0	Col 1	Col 2	Col 3	Col 4	Col 5
0	0	0.031	-0.0029999	0.00553754	0.000505530468542
0	0.0	0.031	-0.0029999	0.00553754	0.000505530468542
1	0.000510000009804	0.0311	-0.0035	0.00537923	0.00135026953976
0	0.0	0.031	-0.0029999	0.00553754	0.000505530468542
1	0.000490695333605	0.0311	-0.0035	0.00537923	0.00135026953976
2	0.0011179810699	0.0315	-0.0039999	0.00557283	0.00247630838852
0	0.0	0.031	-0.0029999	0.00553754	0.000505530468542
1	0.000507148202453	0.0311	-0.0035	0.00537923	0.00135026953976
2	0.00104152551258	0.0315	-0.0039999	0.00557283	0.00247630838852
3	0.00149371759382	0.031	-0.0044999	0.00340797	0.00275614473508
0	0.0	0.031	-0.0029999	0.00553754	0.000505530468542
1	0.00049782189726	0.0311	-0.0035	0.00537923	0.00135026953976
2	0.000988959981039	0.0315	-0.0039999	0.00557283	0.00247630838852
3	0.00149964962205	0.031	-0.0044999	0.00340797	0.00275614473508
4	0.0019995328294	0.031	-0.0049999	0.00633386	0.00150079301023
0	0.0	0.031	-0.0029999	0.00553754	0.000505530468542
1	0.000498229262831	0.0311	-0.0035	0.00537923	0.00135026953976
2	0.000990886871986	0.0315	-0.0039999	0.00557283	0.00247630838852
3	0.00149975952233	0.031	-0.0044999	0.00340797	0.00275614473508
4	0.0019996793631	0.031	-0.0049999	0.00633386	0.00150079301023
5	0.00249790862593	0.0311	-0.0055	0.0147515	0.00180059849764
0	0.0	0.031	-0.0029999	0.00553754	0.000505530468542
1	0.000496094235352	0.0311	-0.0035	0.00537923	0.00135026953976
2	0.000980981491416	0.0315	-0.0039999	0.00557283	0.00247630838852
3	0.001498990022	0.031	-0.0044999	0.00340797	0.00275614473508
4	0.00199865336267	0.031	-0.0049999	0.00633386	0.00150079301023
5	0.00249474759802	0.0311	-0.0055	0.0147515	0.00180059849764
6	0.002997980044	0.031	-0.0059999	0.016203	0.00174660897453
0	0.0	0.031	-0.0029999	0.00553754	0.000505530468542
1	0.000495556316278	0.0311	-0.0035	0.00537923	0.00135026953976
2	0.000978555143767	0.0315	-0.0039999	0.00557283	0.00247630838852
3	0.001498726862	0.031	-0.0044999	0.00340797	0.00275614473508
4	0.00199830248267	0.031	-0.0049999	0.00633386	0.00150079301023
5	0.00249385879895	0.0311	-0.0055	0.0147515	0.00180059849764
6	0.002997453724	0.031	-0.0059999	0.016203	0.00174660897453
7	0.00349702934467	0.031	-0.0064999	0.0130511	0.00168271859452
0	0.0	0.031	-0.0029999	0.00553754	0.000505530468542
1	0.000495641660774	0.0311	-0.0035	0.00537923	0.00135026953976
2	0.000978938408595	0.0315	-0.0039999	0.00557283	0.00247630838852
3	0.00149877030517	0.031	-0.0044999	0.00340797	0.00275614473508
4	0.0019983604069	0.031	-0.0049999	0.00633386	0.00150079301023
5	0.00249400206767	0.0311	-0.0055	0.0147515	0.00180059849764
6	0.00299754061035	0.031	-0.0059999	0.016203	0.00174660897453
7	0.00349713071207	0.031	-0.0064999	0.0130511	0.00168271859452
8	0.0039967208138	0.031	-0.0069999	0.00916392	0.0016912776858
0	0.0	0.031	-0.0029999	0.00553754	0.000505530468542
1	0.000495950626656	0.0311	-0.0035	0.00537923	0.00135026953976
2	0.000980331220614	0.0315	-0.0039999	0.00557283	0.00247630838852
3	0.00149892227191	0.031	-0.0044999	0.00340797	0.00275614473508
4	0.00199856302921	0.031	-0.0049999	0.00633386	0.00150079301023
5	0.00249451365587	0.0311	-0.0055	0.0147515	0.00180059849764
6	0.00299784454381	0.031	-0.0059999	0.016203	0.00174660897453
7	0.00349748530112	0.031	-0.0064999	0.0130511	0.00168271859452
8	0.00399712605842	0.031	-0.0069999	0.00916392	0.0016912776858
9	0.00449686674387	0.031	-0.0075	0.0065842	0.00180449590207
0	0.0	0.031	-0.0029999	0.00553754	0.000505530468542
1	0.000496320925645	0.0311	-0.0035	0.00537923	0.00135026953976
2	0.000982011779046	0.0315	-0.0039999	0.00557283	0.00247630838852
3	0.00149909315146	0.031	-0.0044999	0.00340797	0.00275614473508
4	0.00199879086862	0.031	-0.0049999	0.00633386	0.00150079301023
5	0.00249511179426	0.0311	-0.0055	0.0147515	0.00180059849764
6	0.00299818630293	0.031	-0.0059999	0.016203	0.00174660897453
7	0.00349788402008	0.031	-0.0064999	0.0130511	0.00168271859452
8	0.00399758173724	0.031	-0.0069999	0.00916392	0.0016912776858
9	0.00449737939394	0.031	-0.0075	0.0065842	0.00180449590207
10	0.00499707711109	0.031	-0.008	0.00522235	0.00182831514775
0	0.0	0.031	-0.0029999	0.00553754	0.000505530468542
1	0.000496687486409	0.0311	-0.0035	0.00537923	0.00135026953976
2	0.000983687920276	0.0315	-0.0039999	0.00557283	0.00247630838852
3	0.00149924976185	0.031	-0.0044999	0.00340797	0.00275614473508
4	0.00199899968246	0.031	-0.0049999	0.00633386	0.00150079301023
5	0.00249568716887	0.0311	-0.0055	0.0147515	0.00180059849764
6	0.0029984995237	0.031	-0.0059999	0.016203	0.00174660897453
7	0.00349824944431	0.031	-0.0064999	0.0130511	0.00168271859452
8	0.00399799936493	0.031	-0.0069999	0.00916392	0.0016912776858
9	0.00449784923553	0.031	-0.0075	0.0065842	0.00180449590207
10	0.00499759915614	0.031	-0.008	0.00522235	0.00182831514775
11	0.00549724912678	0.031	-0.0084999	0.00439551	0.00176378101853
0	0.0	0.031	-0.0029999	0.00553754	0.000505530468542
1	0.000497025985762	0.0311	-0.0035	0.00537923	0.00135026953976
2	0.000985247279346	0.0315	-0.0039999	0.00557283	0.00247630838852
3	0.00149938285518	0.031	-0.0044999	0.00340797	0.00275614473508
4	0.00199917714024	0.031	-0.0049999	0.00633386	0.00150079301023
5	0.002496203126	0.0311	-0.0055	0.0147515	0.00180059849764
6	0.00299876571036	0.031	-0.0059999	0.016203	0.00174660897453
7	0.00349855999542	0.031	-0.0064999	0.0130511	0.00168271859452
8	0.00399835428048	0.031	-0.0069999	0.00916392	0.0016912776858
9	0.0044982485244	0.031	-0.0075	0.0065842	0.00180449590207
10	0.00499804280946	0.031	-0.008	0.00522235	0.00182831514775
11	0.00549773713566	0.031	-0.0084999	0.00439551	0.00176378101853
12	0.00599753142072	0.031	-0.0089999	0.00397208	0.00179115167119
0	0.0	0.031	-0.0029999	0.00553754	0.000505530468542
1	0.000497329238253	0.0311	-0.0035	0.00537923	0.00135026953976
2	0.000986654033024	0.0315	-0.0039999	0.00557283	0.00247630838852
3	0.00149949232747	0.031	-0.0044999	0.00340797	0.00275614473508
4	0.00199932310329	0.031	-0.0049999	0.00633386	0.00150079301023
5	0.00249665234154	0.0311	-0.0055	0.0147515	0.00180059849764
6	0.00299898465493	0.031	-0.0059999	0.016203	0.00174660897453
7	0.00349881543076	0.031	-0.0064999	0.0130511	0.00168271859452
8	0.00399864620658	0.031	-0.0069999	0.00916392	0.0016912776858
9	0.00449857694856	0.031	-0.0075	0.0065842	0.00180449590207
10	0.00499840772438	0.031	-0.008	0.00522235	0.00182831514775
11	0.00549813853405	0.031	-0.0084999	0.00439551	0.00176378101853
12	0.00599796930987	0.031	-0.0089999	0.00397208	0.00179115167119
13	0.00649790005185	0.031	-0.0095	0.00409988	0.00183175599015
0	0.0	0.031	-0.0029999	0.00553754	0.000505530468542
1	0.000497030758853	0.0311	-0.0035	0.00537923	0.00135026953976
2	0.000985269348744	0.0315	-0.0039999	0.00557283	0.00247630838852
3	0.00149938465064	0.031	-0.0044999	0.00340797	0.00275614473508
4	0.00199917953418	0.031	-0.0049999	0.00633386	0.00150079301023
5	0.00249621029304	0.0311	-0.0055	0.0147515	0.00180059849764
6	0.00299876930127	0.031	-0.0059999	0.016203	0.00174660897453
7	0.00349856418482	0.031	-0.0064999	0.0130511	0.00168271859452
8	0.00399835906836	0.031	-0.0069999	0.00916392	0.0016912776858
9	0.00449825391089	0.031	-0.0075	0.0065842	0.00180449590207
10	0.00499804879443	0.031	-0.008	0.00522235	0.00182831514775
11	0.005497743719	0.031	-0.0084999	0.00439551	0.00176378101853
12	0.00599753860255	0.031	-0.0089999	0.00397208	0.00179115167119
13	0.00649743344507	0.031	-0.0095	0.00409988	0.00183175599015
14	0.00700009241228	0.0309	-0.01	0.004159	0.00185016426194
0	0.0	0.031	-0.0029999	0.00553754	0.000505530468542
1	0.000496902223839	0.0311	-0.0035	0.00537923	0.00135026953976
2	0.000984675835376	0.0315	-0.0039999	0.00557283	0.00247630838852
3	0.00149933550532	0.031	-0.0044999	0.00340797	0.00275614473508
4	0.00199911400709	0.031	-0.0049999	0.00633386	0.00150079301023
5	0.00249601623093	0.0311	-0.0055	0.0147515	0.00180059849764
6	0.00299867101063	0.031	-0.0059999	0.016203	0.00174660897453
7	0.00349844951241	0.031	-0.0064999	0.0130511	0.00168271859452
8	0.00399822801418	0.031	-0.0069999	0.00916392	0.0016912776858
9	0.00449810647165	0.031	-0.0075	0.0065842	0.00180449590207
10	0.00499788497343	0.031	-0.008	0.00522235	0.00182831514775
11	0.0054975635195	0.031	-0.0084999	0.00439551	0.00176378101853
12	0.00599734202127	0.031	-0.0089999	0.00397208	0.00179115167119
13	0.00649722047874	0.031	-0.0095	0.00409988	0.00183175599015
14	0.00699997521415	0.0309	-0.01	0.004159	0.00185016426194
15	0.00749965376022	0.0309	-0.0104999	0.00356485	0.00183452144346
0	0.0	0.031	-0.0029999	0.00553754	0.000505530468542
1	0.000496881020559	0.0311	-0.0035	0.00537923	0.00135026953976
2	0.000984578086661	0.0315	-0.0039999	0.00557283	0.00247630838852
3	0.00149932724039	0.031	-0.0044999	0.00340797	0.00275614473508
4	0.00199910298718	0.031	-0.0049999	0.00633386	0.00150079301023
5	0.00249598400774	0.0311	-0.0055	0.0147515	0.00180059849764
6	0.00299865448077	0.031	-0.0059999	0.016203	0.00174660897453
7	0.00349843022757	0.031	-0.0064999	0.0130511	0.00168271859452
8	0.00399820597436	0.031	-0.0069999	0.00916392	0.0016912776858
9	0.00449808167631	0.031	-0.0075	0.0065842	0.00180449590207
10	0.0049978574231	0.031	-0.008	0.00522235	0.00182831514775
11	0.00549753321475	0.031	-0.0084999	0.00439551	0.00176378101853
12	0.00599730896155	0.031	-0.0089999	0.00397208	0.00179115167119
13	0.00649718466349	0.031	-0.0095	0.00409988	0.00183175599015
14	0.00699995509167	0.0309	-0.01	0.004159	0.00185016426194
15	0.00749963088332	0.0309	-0.0104999	0.00356485	0.00183452144346
16	0.00799950658526	0.0309	-0.011	0.0026188	0.00183096752514
0	0.0	0.031	-0.0029999	0.00553754	0.000505530468542
1	0.000496926552994	0.0311	-0.0035	0.00537923	0.00135026953976
2	0.00098478804949	0.0315	-0.0039999	0.00557283	0.00247630838852
3	0.00149934493384	0.031	-0.0044999	0.00340797	0.00275614473508
4	0.00199912657845	0.031	-0.0049999	0.00633386	0.00150079301023
5	0.00249605313144	0.0311	-0.0055	0.0147515	0.00180059849764
6	0.00299868986767	0.031	-0.0059999	0.016203	0.00174660897453
7	0.00349847151228	0.031	-0.0064999	0.0130511	0.00168271859452
8	0.00399825315689	0.031	-0.0069999	0.00916392	0.0016912776858
9	0.00449813475783	0.031	-0.0075	0.0065842	0.00180449590207
10	0.00499791640245	0.031	-0.008	0.00522235	0.00182831514775
11	0.00549759809073	0.031	-0.0084999	0.00439551	0.00176378101853
12	0.00599737973534	0.031	-0.0089999	0.00397208	0.00179115167119
13	0.00649726133628	0.031	-0.0095	0.00409988	0.00183175599015
14	0.00699999802884	0.0309	-0.01	0.004159	0.00185016426194
15	0.00749967971712	0.0309	-0.0104999	0.00356485	0.00183452144346
16	0.00799956131806	0.0309	-0.011	0.0026188	0.00183096752514
17	0.00849934296268	0.0309	-0.0115	0.00191689	0.00180848698954
0	0.0	0.031	-0.0029999	0.00553754	0.000505530468542
1	0.000497012530356	0.0311	-0.0035	0.00537923	0.00135026953976
2	0.000985185077731	0.0315	-0.0039999	0.00557283	0.00247630838852
3	0.00149937778145	0.031	-0.0044999	0.00340797	0.00275614473508
4	0.00199917037527	0.031	-0.0049999	0.00633386	0.00150079301023
5	0.00249618290563	0.0311	-0.0055	0.0147515	0.00180059849764
6	0.0029987555629	0.031	-0.0059999	0.016203	0.00174660897453
7	0.00349854815672	0.031	-0.0064999	0.0130511	0.00168271859452
8	0.00399834075054	0.031	-0.0069999	0.00916392	0.0016912776858
9	0.00449823330288	0.031	-0.0075	0.0065842	0.00180449590207
10	0.00499802589669	0.031	-0.008	0.00522235	0.00182831514775
11	0.00549771853199	0.031	-0.0084999	0.00439551	0.00176378101853
12	0.00599751112581	0.031	-0.0089999	0.00397208	0.00179115167119
13	0.00649740367815	0.031	-0.0095	0.00409988	0.00183175599015
14	0.00700007629394	0.0309	-0.01	0.004159	0.00185016426194
15	0.00749976892924	0.0309	-0.0104999	0.00356485	0.00183452144346
16	0.00799966148158	0.0309	-0.011	0.0026188	0.00183096752514
17	0.0084994540754	0.0309	-0.0115	0.00191689	0.00180848698954
18	0.00899914671069	0.0309	-0.0119999	0.00152875	0.00195121490636
0	0.0	0.031	-0.0029999	0.00553754	0.000505530468542
1	0.000496794317635	0.0311	-0.0035	0.00537923	0.00135026953976
2	0.00098417884088	0.0315	-0.0039999	0.00557283	0.00247630838852
3	0.00149929298297	0.031	-0.0044999	0.00340797	0.00275614473508
4	0.00199905731062	0.031	-0.0049999	0.00633386	0.00150079301023
5	0.00249585162826	0.0311	-0.0055	0.0147515	0.00180059849764
6	0.00299858596593	0.031	-0.0059999	0.016203	0.00174660897453
7	0.00349835029359	0.031	-0.0064999	0.0130511	0.00168271859452
8	0.00399811462124	0.031	-0.0069999	0.00916392	0.0016912776858
9	0.00449797890176	0.031	-0.0075	0.0065842	0.00180449590207
10	0.00499774322942	0.031	-0.008	0.00522235	0.00182831514775
11	0.00549740760421	0.031	-0.0084999	0.00439551	0.00176378101853
12	0.00599717193187	0.031	-0.0089999	0.00397208	0.00179115167119
13	0.00649703621239	0.031	-0.0095	0.00409988	0.00183175599015
14	0.00699987050293	0.0309	-0.01	0.004159	0.00185016426194
15	0.00749953487772	0.0309	-0.0104999	0.00356485	0.00183452144346
16	0.00799939915824	0.0309	-0.011	0.0026188	0.00183096752514
17	0.00849916348589	0.0309	-0.0115	0.00191689	0.00180848698954
18	0.00899882786068	0.0309	-0.0119999	0.00152875	0.00195121490636
19	0.00950176210409	0.0308	-0.0125	0.00132943	0.00212786016328
0	0.0	0.031	-0.0029999	0.00553754	0.000505530468542
1	0.000496375212502	0.0311	-0.0035	0.00537923	0.00135026953976
2	0.000982259212292	0.0315	-0.0039999	0.00557283	0.00247630838852
3	0.00149911714451	0.031	-0.0044999	0.00340797	0.00275614473508
4	0.00199882285934	0.031	-0.0049999	0.00633386	0.00150079301023
5	0.00249519807184	0.0311	-0.0055	0.0147515	0.00180059849764
6	0.00299823428901	0.031	-0.0059999	0.016203	0.00174660897453
7	0.00349794000385	0.031	-0.0064999	0.0130511	0.00168271859452
8	0.00399764571868	0.031	-0.0069999	0.00916392	0.0016912776858
9	0.00449745137466	0.031	-0.0075	0.0065842	0.00180449590207
10	0.0049971570895	0.031	-0.008	0.00522235	0.00182831514775
11	0.00549676286319	0.031	-0.0084999	0.00439551	0.00176378101853
12	0.00599646857802	0.031	-0.0089999	0.00397208	0.00179115167119
13	0.006496274234	0.031	-0.0095	0.00409988	0.00183175599015
14	0.00699941039231	0.0309	-0.01	0.004159	0.00185016426194
15	0.007499016166	0.0309	-0.0104999	0.00356485	0.00183452144346
16	0.00799882182198	0.0309	-0.011	0.0026188	0.00183096752514
17	0.00849852753682	0.0309	-0.0115	0.00191689	0.00180848698954
18	0.00899813331051	0.0309	-0.0119999	0.00152875	0.00195121490636
19	0.00950136940996	0.0308	-0.0125	0.00132943	0.00212786016328
20	0.0100044056271	0.0307	-0.0129999	0.00122834	0.0020961989207
0	0.0	0.031	-0.0029999	0.00553754	0.000505530468542
1	0.000496104649332	0.0311	-0.0035	0.00537923	0.00135026953976
2	0.000981028719067	0.0315	-0.0039999	0.00557283	0.00247630838852
3	0.00149899486264	0.031	-0.0044999	0.00340797	0.00275614473508
4	0.00199865981685	0.031	-0.0049999	0.00633386	0.00150079301023
5	0.00249476446618	0.0311	-0.0055	0.0147515	0.00180059849764
6	0.00299798972527	0.031	-0.0059999	0.016203	0.00174660897453
7	0.00349765467949	0.031	-0.0064999	0.0130511	0.00168271859452
8	0.0039973196337	0.031	-0.0069999	0.00916392	0.0016912776858
9	0.0044970845209	0.031	-0.0075	0.0065842	0.00180449590207
10	0.00499674947511	0.031	-0.008	0.00522235	0.00182831514775
11	0.00549631449634	0.031	-0.0084999	0.00439551	0.00176378101853
12	0.00599597945055	0.031	-0.0089999	0.00397208	0.00179115167119
13	0.00649574433775	0.031	-0.0095	0.00409988	0.00183175599015
14	0.00699906952984	0.0309	-0.01	0.004159	0.00185016426194
15	0.00749863455106	0.0309	-0.0104999	0.00356485	0.00183452144346
16	0.00799839943826	0.0309	-0.011	0.0026188	0.00183096752514
17	0.00849806439247	0.0309	-0.0115	0.00191689	0.00180848698954
18	0.00899762941369	0.0309	-0.0119999	0.00152875	0.00195121490636
19	0.00950105453877	0.0308	-0.0125	0.00132943	0.00212786016328
20	0.0100042797979	0.0307	-0.0129999	0.00122834	0.0020961989207
21	0.0105039447521	0.0307	-0.0134999	0.00097657	0.00199635749148
0	0.0	0.031	-0.0029999	0.00553754	0.000505530468542
1	0.000496201777046	0.0311	-0.0035	0.00537923	0.00135026953976
2	0.00098146967115	0.0315	-0.0039999	0.00557283	0.00247630838852
3	0.00149903953423	0.031	-0.0044999	0.00340797	0.00275614473508
4	0.00199871937898	0.031	-0.0049999	0.00633386	0.00150079301023
5	0.00249492115602	0.0311	-0.0055	0.0147515	0.00180059849764
6	0.00299807906847	0.031	-0.0059999	0.016203	0.00174660897453
7	0.00349775891321	0.031	-0.0064999	0.0130511	0.00168271859452
8	0.00399743875796	0.031	-0.0069999	0.00916392	0.0016912776858
9	0.00449721853867	0.031	-0.0075	0.0065842	0.00180449590207
10	0.00499689838341	0.031	-0.008	0.00522235	0.00182831514775
11	0.00549647829219	0.031	-0.0084999	0.00439551	0.00176378101853
12	0.00599615813693	0.031	-0.0089999	0.00397208	0.00179115167119
13	0.00649593791765	0.031	-0.0095	0.00409988	0.00183175599015
14	0.00699919576606	0.0309	-0.01	0.004159	0.00185016426194
15	0.00749877567483	0.0309	-0.0104999	0.00356485	0.00183452144346
16	0.00799855545555	0.0309	-0.011	0.0026188	0.00183096752514
17	0.00849823530029	0.0309	-0.0115	0.00191689	0.00180848698954
18	0.00899781520907	0.0309	-0.0119999	0.00152875	0.00195121490636
19	0.00950117299345	0.0308	-0.0125	0.00132943	0.00212786016328
20	0.0100043309059	0.0307	-0.0129999	0.00122834	0.0020961989207
21	0.0105040107506	0.0307	-0.0134999	0.00097657	0.00199635749148
22	0.0110001125917	0.0308	-0.0139999	0.000637058	0.0020022095403
0	0.0	0.031	-0.0029999	0.00553754	0.000505530468542
1	0.000495845009723	0.0311	-0.0035	0.00537923	0.00135026953976
2	0.000979854156313	0.0315	-0.0039999	0.00557283	0.00247630838852
3	0.00149887126855	0.031	-0.0044999	0.00340797	0.00275614473508
4	0.00199849502473	0.031	-0.0049999	0.00633386	0.00150079301023
5	0.00249434003445	0.0311	-0.0055	0.0147515	0.00180059849764
6	0.00299774253709	0.031	-0.0059999	0.016203	0.00174660897453
7	0.00349736629327	0.031	-0.0064999	0.0130511	0.00168271859452
8	0.00399699004945	0.031	-0.0069999	0.00916392	0.0016912776858
9	0.00449671373039	0.031	-0.0075	0.0065842	0.00180449590207
10	0.00499633748657	0.031	-0.008	0.00522235	0.00182831514775
11	0.005495861318	0.031	-0.0084999	0.00439551	0.00176378101853
12	0.00599548507418	0.031	-0.0089999	0.00397208	0.00179115167119
13	0.00649520875511	0.031	-0.0095	0.00409988	0.00183175599015
14	0.0069987111825	0.0309	-0.01	0.004159	0.00185016426194
15	0.00749823501394	0.0309	-0.0104999	0.00356485	0.00183452144346
16	0.00799795869487	0.0309	-0.011	0.0026188	0.00183096752514
17	0.00849758245105	0.0309	-0.0115	0.00191689	0.00180848698954
18	0.00899710628248	0.0309	-0.0119999	0.00152875	0.00195121490636
19	0.00950070863462	0.0308	-0.0125	0.00132943	0.00212786016328
20	0.0100041111373	0.0307	-0.0129999	0.00122834	0.0020961989207
21	0.0105037348934	0.0307	-0.0134999	0.00097657	0.00199635749148
22	0.0109994799784	0.0308	-0.0139999	0.000637058	0.0020022095403
23	0.011506861077	0.0306	-0.0144999	0.000411035	0.00220768296026
0	0.0	0.031	-0.0029999	0.00553754	0.000505530468542
1	0.000496481125914	0.0311	-0.0035	0.00537923	0.00135026953976
2	0.000982742747763	0.0315	-0.0039999	0.00557283	0.00247630838852
3	0.00149916316075	0.031	-0.0044999	0.00340797	0.00275614473508
4	0.00199888421434	0.031	-0.0049999	0.00633386	0.00150079301023
5	0.00249536534025	0.0311	-0.0055	0.0147515	0.00180059849764
6	0.00299832632151	0.031	-0.0059999	0.016203	0.00174660897453
7	0.00349804737509	0.031	-0.0064999	0.0130511	0.00168271859452
8	0.00399776842867	0.031	-0.0069999	0.00916392	0.0016912776858
9	0.00449758942647	0.031	-0.0075	0.0065842	0.00180449590207
10	0.00499731048005	0.031	-0.008	0.00522235	0.00182831514775
11	0.00549693158943	0.031	-0.0084999	0.00439551	0.00176378101853
12	0.00599665264301	0.031	-0.0089999	0.00397208	0.00179115167119
13	0.00649647364081	0.031	-0.0095	0.00409988	0.00183175599015
14	0.00699953456627	0.0309	-0.01	0.004159	0.00185016426194
15	0.00749915567565	0.0309	-0.0104999	0.00356485	0.00183452144346
16	0.00799897667344	0.0309	-0.011	0.0026188	0.00183096752514
17	0.00849869772703	0.0309	-0.0115	0.00191689	0.00180848698954
18	0.0089983188364	0.0309	-0.0119999	0.00152875	0.00195121490636
19	0.00950147970608	0.0308	-0.0125	0.00132943	0.00212786016328
20	0.0100044406873	0.0307	-0.0129999	0.00122834	0.0020961989207
21	0.0105041617409	0.0307	-0.0134999	0.00097657	0.00199635749148
22	0.0110005429226	0.0308	-0.0139999	0.000637058	0.0020022095403
23	0.01150694372	0.0306	-0.0144999	0.000411035	0.00220768296026
24	0.0119934052302	0.031	-0.015	0.000316622	0.00238410522286
0	0.0	0.031	-0.0029999	0.00553754	0.000505530468542
1	0.000497004246412	0.0311	-0.0035	0.00537923	0.00135026953976
2	0.000985146791777	0.0315	-0.0039999	0.00557283	0.00247630838852
3	0.00149937464873	0.031	-0.0044999	0.00340797	0.00275614473508
4	0.00199916619831	0.031	-0.0049999	0.00633386	0.00150079301023
5	0.00249617044472	0.0311	-0.0055	0.0147515	0.00180059849764
6	0.00299874929747	0.031	-0.0059999	0.016203	0.00174660897453
7	0.00349854084704	0.031	-0.0064999	0.0130511	0.00168271859452
8	0.00399833239662	0.031	-0.0069999	0.00916392	0.0016912776858
9	0.00449822390451	0.031	-0.0075	0.0065842	0.00180449590207
10	0.00499801545409	0.031	-0.008	0.00522235	0.00182831514775
11	0.00549770704535	0.031	-0.0084999	0.00439551	0.00176378101853
12	0.00599749859493	0.031	-0.0089999	0.00397208	0.00179115167119
13	0.00649739010282	0.031	-0.0095	0.00409988	0.00183175599015
14	0.00700006891387	0.0309	-0.01	0.004159	0.00185016426194
15	0.00749976050514	0.0309	-0.0104999	0.00356485	0.00183452144346
16	0.00799965201303	0.0309	-0.011	0.0026188	0.00183096752514
17	0.00849944356261	0.0309	-0.0115	0.00191689	0.00180848698954
18	0.00899913515387	0.0309	-0.0119999	0.00152875	0.00195121490636
19	0.00950191392324	0.0308	-0.0125	0.00132943	0.00212786016328
20	0.010004492776	0.0307	-0.0129999	0.00122834	0.0020961989207
21	0.0105042843256	0.0307	-0.0134999	0.00097657	0.00199635749148
22	0.0110011886137	0.0308	-0.0139999	0.000637058	0.0020022095403
23	0.0115067546862	0.0306	-0.0144999	0.000411035	0.00220768296026
24	0.0119950971482	0.031	-0.015	0.000316622	0.00238410522286
25	0.0124947887394	0.031	-0.0154999	0.00026417	0.00252359037852
0	0.0	0.031	-0.0029999	0.00553754	0.000505530468542
1	0.000496529455386	0.0311	-0.0035	0.00537923	0.00135026953976
2	0.000982963742036	0.0315	-0.0039999	0.00557283	0.00247630838852
3	0.00149918380696	0.031	-0.0044999	0.00340797	0.00275614473508
4	0.00199891174261	0.031	-0.0049999	0.00633386	0.00150079301023
5	0.002495441198	0.0311	-0.0055	0.0147515	0.00180059849764
6	0.00299836761392	0.031	-0.0059999	0.016203	0.00174660897453
7	0.00349809554957	0.031	-0.0064999	0.0130511	0.00168271859452
8	0.00399782348522	0.031	-0.0069999	0.00916392	0.0016912776858
9	0.00449765136647	0.031	-0.0075	0.0065842	0.00180449590207
10	0.00499737930212	0.031	-0.008	0.00522235	0.00182831514775
11	0.00549700729218	0.031	-0.0084999	0.00439551	0.00176378101853
12	0.00599673522784	0.031	-0.0089999	0.00397208	0.00179115167119
13	0.00649656310908	0.031	-0.0095	0.00409988	0.00183175599015
14	0.00699958947058	0.0309	-0.01	0.004159	0.00185016426194
15	0.00749921746065	0.0309	-0.0104999	0.00356485	0.00183452144346
16	0.00799904534189	0.0309	-0.011	0.0026188	0.00183096752514
17	0.00849877327754	0.0309	-0.0115	0.00191689	0.00180848698954
18	0.00899840126761	0.0309	-0.0119999	0.00152875	0.00195121490636
19	0.0095015275747	0.0308	-0.0125	0.00132943	0.00212786016328
20	0.0100044539906	0.0307	-0.0129999	0.00122834	0.0020961989207
21	0.0105041819263	0.0307	-0.0134999	0.00097657	0.00199635749148
22	0.0110006114361	0.0308	-0.0139999	0.000637058	0.0020022095403
23	0.0115069362234	0.0306	-0.0144999	0.000411035	0.00220768296026
24	0.0119935704013	0.031	-0.015	0.000316622	0.00238410522286
25	0.0124931983913	0.031	-0.0154999	0.00026417	0.00252359037852
26	0.0130094184563	0.0305	-0.0159999	0.000223161	0.00263002244918
0	0.0	0.031	-0.0029999	0.00553754	0.000505530468542
1	0.000495997142129	0.0311	-0.0035	0.00537923	0.00135026953976
2	0.000980541643092	0.0315	-0.0039999	0.00557283	0.00247630838852
3	0.00149894441941	0.031	-0.0044999	0.00340797	0.00275614473508
4	0.00199859255921	0.031	-0.0049999	0.00633386	0.00150079301023
5	0.00249458970134	0.0311	-0.0055	0.0147515	0.00180059849764
6	0.00299788883882	0.031	-0.0059999	0.016203	0.00174660897453
7	0.00349753697863	0.031	-0.0064999	0.0130511	0.00168271859452
8	0.00399718511843	0.031	-0.0069999	0.00916392	0.0016912776858
9	0.00449693318786	0.031	-0.0075	0.0065842	0.00180449590207
10	0.00499658132766	0.031	-0.008	0.00522235	0.00182831514775
11	0.00549612953784	0.031	-0.0084999	0.00439551	0.00176378101853
12	0.00599577767764	0.031	-0.0089999	0.00397208	0.00179115167119
13	0.00649552574707	0.031	-0.0095	0.00409988	0.00183175599015
14	0.00699892481418	0.0309	-0.01	0.004159	0.00185016426194
15	0.00749847302436	0.0309	-0.0104999	0.00356485	0.00183452144346
16	0.00799822109379	0.0309	-0.011	0.0026188	0.00183096752514
17	0.00849786923359	0.0309	-0.0115	0.00191689	0.00180848698954
18	0.00899741744377	0.0309	-0.0119999	0.00152875	0.00195121490636
19	0.0095009164405	0.0308	-0.0125	0.00132943	0.00212786016328
20	0.010004215578	0.0307	-0.0129999	0.00122834	0.0020961989207
21	0.0105038637178	0.0307	-0.0134999	0.00097657	0.00199635749148
22	0.0109997609303	0.0308	-0.0139999	0.000637058	0.0020022095403
23	0.0115069109247	0.0306	-0.0144999	0.000411035	0.00220768296026
24	0.0119916552849	0.031	-0.015	0.000316622	0.00238410522286
25	0.0124912034951	0.031	-0.0154999	0.00026417	0.00252359037852
26	0.0130096062714	0.0305	-0.0159999	0.000223161	0.00263002244918
27	0.0135130053385	0.0304	-0.0164999	0.000181199	0.00279208303421
0	0.0	0.031	-0.0029999	0.00553754	0.000505530468542
1	0.00049672968553	0.0311	-0.0035	0.00537923	0.00135026953976
2	0.000983881704904	0.0315	-0.0039999	0.00557283	0.00247630838852
3	0.00149926696709	0.031	-0.0044999	0.00340797	0.00275614473508
4	0.00199902262279	0.031	-0.0049999	0.00633386	0.00150079301023
5	0.00249575230832	0.0311	-0.0055	0.0147515	0.00180059849764
6	0.00299853393418	0.031	-0.0059999	0.016203	0.00174660897453
7	0.00349828958988	0.031	-0.0064999	0.0130511	0.00168271859452
8	0.00399804524557	0.031	-0.0069999	0.00916392	0.0016912776858
9	0.0044979008524	0.031	-0.0075	0.0065842	0.00180449590207
10	0.0049976565081	0.031	-0.008	0.00522235	0.00182831514775
11	0.00549731221267	0.031	-0.0084999	0.00439551	0.00176378101853
12	0.00599706786836	0.031	-0.0089999	0.00397208	0.00179115167119
13	0.00649692347519	0.031	-0.0095	0.00409988	0.00183175599015
14	0.00699980505218	0.0309	-0.01	0.004159	0.00185016426194
15	0.00749946075675	0.0309	-0.0104999	0.00356485	0.00183452144346
16	0.00799931636358	0.0309	-0.011	0.0026188	0.00183096752514
17	0.00849907201928	0.0309	-0.0115	0.00191689	0.00180848698954
18	0.00899872772384	0.0309	-0.0119999	0.00152875	0.00195121490636
19	0.00950170925197	0.0308	-0.0125	0.00132943	0.00212786016328
20	0.0100044908778	0.0307	-0.0129999	0.00122834	0.0020961989207
21	0.0105042465335	0.0307	-0.0134999	0.00097657	0.00199635749148
22	0.0110008762679	0.0308	-0.0139999	0.000637058	0.0020022095403
23	0.0115068837662	0.0306	-0.0144999	0.000411035	0.00220768296026
24	0.0119942356879	0.031	-0.015	0.000316622	0.00238410522286
25	0.0124938913924	0.031	-0.0154999	0.00026417	0.00252359037852
26	0.0130092766546	0.0305	-0.0159999	0.000223161	0.00263002244918
27	0.0135121582316	0.0304	-0.0164999	0.000181199	0.00279208303421
28	0.0139900324382	0.0311	-0.0169999	0.000143052	0.00313180813439
0	0.0	0.031	-0.0029999	0.00553754	0.000505530468542
1	0.000496141323444	0.0311	-0.0035	0.00537923	0.00135026953976
2	0.000981195115507	0.0315	-0.0039999	0.00557283	0.00247630838852
3	0.0014990118311	0.031	-0.0044999	0.00340797	0.00275614473508
4	0.00199868244147	0.031	-0.0049999	0.00633386	0.00150079301023
5	0.00249482376491	0.0311	-0.0055	0.0147515	0.00180059849764
6	0.00299802366221	0.031	-0.0059999	0.016203	0.00174660897453
7	0.00349769427257	0.031	-0.0064999	0.0130511	0.00168271859452
8	0.00399736488294	0.031	-0.0069999	0.00916392	0.0016912776858
9	0.00449713542743	0.031	-0.0075	0.0065842	0.00180449590207
10	0.0049968060378	0.031	-0.008	0.00522235	0.00182831514775
11	0.00549637671404	0.031	-0.0084999	0.00439551	0.00176378101853
12	0.00599604732441	0.031	-0.0089999	0.00397208	0.00179115167119
13	0.0064958178689	0.031	-0.0095	0.00409988	0.00183175599015
14	0.00699911770031	0.0309	-0.01	0.004159	0.00185016426194
15	0.00749868837656	0.0309	-0.0104999	0.00356485	0.00183452144346
16	0.00799845892105	0.0309	-0.011	0.0026188	0.00183096752514
17	0.00849812953142	0.0309	-0.0115	0.00191689	0.00180848698954
18	0.00899770020766	0.0309	-0.0119999	0.00152875	0.00195121490636
19	0.0095010999732	0.0308	-0.0125	0.00132943	0.00212786016328
20	0.0100042998705	0.0307	-0.0129999	0.00122834	0.0020961989207
21	0.0105039704809	0.0307	-0.0134999	0.00097657	0.00199635749148
22	0.0110000118702	0.0308	-0.0139999	0.000637058	0.0020022095403
23	0.0115069409226	0.0306	-0.0144999	0.000411035	0.00220768296026
24	0.0119921945829	0.031	-0.015	0.000316622	0.00238410522286
25	0.0124917652592	0.031	-0.0154999	0.00026417	0.00252359037852
26	0.0130095819748	0.0305	-0.0159999	0.000223161	0.00263002244918
27	0.0135128818062	0.0304	-0.0164999	0.000181199	0.00279208303421
28	0.0139871478692	0.0311	-0.0169999	0.000143052	0.00313180813439
29	0.014515852248	0.0303	-0.0174999	0.000116349	0
0	0.0	0.031	-0.0029999	0.00553754	0.000505530468542
1	0.000495677126001	0.0311	-0.0035	0.00537923	0.00135026953976
2	0.000979097860687	0.0315	-0.0039999	0.00557283	0.00247630838852
3	0.00149878817326	0.031	-0.0044999	0.00340797	0.00275614473508
4	0.00199838423102	0.031	-0.0049999	0.00633386	0.00150079301023
5	0.00249406135702	0.0311	-0.0055	0.0147515	0.00180059849764
6	0.00299757634652	0.031	-0.0059999	0.016203	0.00174660897453
7	0.00349717240428	0.031	-0.0064999	0.0130511	0.00168271859452
8	0.00399676846203	0.031	-0.0069999	0.00916392	0.0016912776858
9	0.004496464439	0.031	-0.0075	0.0065842	0.00180449590207
10	0.00499606049675	0.031	-0.008	0.00522235	0.00182831514775
11	0.00549555663529	0.031	-0.0084999	0.00439551	0.00176378101853
12	0.00599515269305	0.031	-0.0089999	0.00397208	0.00179115167119
13	0.00649484867001	0.031	-0.0095	0.00409988	0.00183175599015
14	0.00699846357873	0.0309	-0.01	0.004159	0.00185016426194
15	0.00749795971727	0.0309	-0.0104999	0.00356485	0.00183452144346
16	0.00799765569424	0.0309	-0.011	0.0026188	0.00183096752514
17	0.00849725175199	0.0309	-0.0115	0.00191689	0.00180848698954
18	0.00899674789053	0.0309	-0.0119999	0.00152875	0.00195121490636
19	0.00950046271846	0.0308	-0.0125	0.00132943	0.00212786016328
20	0.010003977708	0.0307	-0.0129999	0.00122834	0.0020961989207
21	0.0105035737657	0.0307	-0.0134999	0.00097657	0.00199635749148
22	0.0109991509725	0.0308	-0.0139999	0.000637058	0.0020022095403
23	0.0115067847322	0.0306	-0.0144999	0.000411035	0.00220768296026
24	0.0119904053053	0.031	-0.015	0.000316622	0.00238410522286
25	0.0124899014438	0.031	-0.0154999	0.00026417	0.00252359037852
26	0.0130095917564	0.0305	-0.0159999	0.000223161	0.00263002244918
27	0.0135132066651	0.0304	-0.0164999	0.000181199	0.00279208303421
28	0.0139846707661	0.0311	-0.0169999	0.000143052	0.00313180813439
29	0.0145164176316	0.0303	-0.0174999	0.000116349	0
30	0.0150160136894	0.0303	-0.0179999	9.44142e-05	0
0	0.0	0.031	-0.0029999	0.00553754	0.000505530468542
1	0.000495178386337	0.0311	-0.0035	0.00537923	0.00135026953976
2	0.000976865368011	0.0315	-0.0039999	0.00557283	0.00247630838852
3	0.00149852705466	0.031	-0.0044999	0.00340797	0.00275614473508
4	0.00199803607287	0.031	-0.0049999	0.00633386	0.00150079301023
5	0.00249321445921	0.0311	-0.0055	0.0147515	0.00180059849764
6	0.00299705410931	0.031	-0.0059999	0.016203	0.00174660897453
7	0.00349656312753	0.031	-0.0064999	0.0130511	0.00168271859452
8	0.00399607214575	0.031	-0.0069999	0.00916392	0.0016912776858
9	0.00449568106577	0.031	-0.0075	0.0065842	0.00180449590207
10	0.00499519008399	0.031	-0.008	0.00522235	0.00182831514775
11	0.0054945992004	0.031	-0.0084999	0.00439551	0.00176378101853
12	0.00599410821862	0.031	-0.0089999	0.00397208	0.00179115167119
13	0.00649371713864	0.031	-0.0095	0.00409988	0.00183175599015
14	0.00699765669055	0.0309	-0.01	0.004159	0.00185016426194
15	0.00749706580696	0.0309	-0.0104999	0.00356485	0.00183452144346
16	0.00799667472698	0.0309	-0.011	0.0026188	0.00183096752514
17	0.0084961837452	0.0309	-0.0115	0.00191689	0.00180848698954
18	0.00899559286162	0.0309	-0.0119999	0.00152875	0.00195121490636
19	0.00949963231533	0.0308	-0.0125	0.00132943	0.00212786016328
20	0.0100034719654	0.0307	-0.0129999	0.00122834	0.0020961989207
21	0.0105029809836	0.0307	-0.0134999	0.00097657	0.00199635749148
22	0.0109980594682	0.0308	-0.0139999	0.000637058	0.0020022095403
23	0.0115064295538	0.0306	-0.0144999	0.000411035	0.00220768296026
24	0.011988316339	0.031	-0.015	0.000316622	0.00238410522286
25	0.0124877254555	0.031	-0.0154999	0.00026417	0.00252359037852
26	0.0130093871421	0.0305	-0.0159999	0.000223161	0.00263002244918
27	0.013513326694	0.0304	-0.0164999	0.000181199	0.00279208303421
28	0.0139818219764	0.0311	-0.0169999	0.000143052	0.00313180813439
29	0.0145167752641	0.0303	-0.0174999	0.000116349	0
30	0.0150162842824	0.0303	-0.0179999	9.44142e-05	0
31	0.0155202238343	0.0302	-0.0184999	7.91554e-05	0
0	0.0	0.031	-0.0029999	0.00553754	0.000505530468542
1	0.000494788344155	0.0311	-0.0035	0.00537923	0.00135026953976
2	0.000975133792548	0.0315	-0.0039999	0.00557283	0.00247630838852
3	0.00149830849206	0.031	-0.0044999	0.00340797	0.00275614473508
4	0.00199774465609	0.031	-0.0049999	0.00633386	0.00150079301023
5	0.00249253300024	0.0311	-0.0055	0.0147515	0.00180059849764
6	0.00299661698413	0.031	-0.0059999	0.016203	0.00174660897453
7	0.00349605314815	0.031	-0.0064999	0.0130511	0.00168271859452
8	0.00399548931217	0.031	-0.0069999	0.00916392	0.0016912776858
9	0.00449502536343	0.031	-0.0075	0.0065842	0.00180449590207
10	0.00499446152745	0.031	-0.008	0.00522235	0.00182831514775
11	0.00549379780424	0.031	-0.0084999	0.00439551	0.00176378101853
12	0.00599323396826	0.031	-0.0089999	0.00397208	0.00179115167119
13	0.00649277001951	0.031	-0.0095	0.00409988	0.00183175599015
14	0.00699695389063	0.0309	-0.01	0.004159	0.00185016426194
15	0.00749629016742	0.0309	-0.0104999	0.00356485	0.00183452144346
16	0.00799582621868	0.0309	-0.011	0.0026188	0.00183096752514
17	0.0084952623827	0.0309	-0.0115	0.00191689	0.00180848698954
18	0.00899459865949	0.0309	-0.0119999	0.00152875	0.00195121490636
19	0.00949888241784	0.0308	-0.0125	0.00132943	0.00212786016328
20	0.0100029664017	0.0307	-0.0129999	0.00122834	0.0020961989207
21	0.0105024025657	0.0307	-0.0134999	0.00097657	0.00199635749148
22	0.0109970910227	0.0308	-0.0139999	0.000637058	0.0020022095403
23	0.0115060226009	0.0306	-0.0144999	0.000411035	0.00220768296026
24	0.0119865678237	0.031	-0.015	0.000316622	0.00238410522286
25	0.0124859041005	0.031	-0.0154999	0.00026417	0.00252359037852
26	0.0130090788001	0.0305	-0.0159999	0.000223161	0.00263002244918
27	0.0135132626712	0.0304	-0.0164999	0.000181199	0.00279208303421
28	0.0139794648855	0.0311	-0.0169999	0.000143052	0.00313180813439
29	0.0145168827063	0.0303	-0.0174999	0.000116349	0
30	0.0150163188703	0.0303	-0.0179999	9.44142e-05	0
31	0.0155205027415	0.0302	-0.0184999	7.91554e-05	0
32	0.0160199389055	0.0302	-0.0189999	6.96187e-05	0
0	0.0	0.031	-0.0029999	0.00553754	0.000505530468542
1	0.000494363227206	0.0311	-0.0035	0.00537923	0.00135026953976
2	0.000973260250359	0.0315	-0.0039999	0.00557283	0.00247630838852
3	0.0014980565335	0.031	-0.0044999	0.00340797	0.00275614473508
4	0.00199740871133	0.031	-0.0049999	0.00633386	0.00150079301023
5	0.00249177193853	0.0311	-0.0055	0.0147515	0.00180059849764
6	0.00299611306699	0.031	-0.0059999	0.016203	0.00174660897453
7	0.00349546524482	0.031	-0.0064999	0.0130511	0.00168271859452
8	0.00399481742265	0.031	-0.0069999	0.00916392	0.0016912776858
9	0.00449426947092	0.031	-0.0075	0.0065842	0.00180449590207
10	0.00499362164875	0.031	-0.008	0.00522235	0.00182831514775
11	0.00549287395615	0.031	-0.0084999	0.00439551	0.00176378101853
12	0.00599222613398	0.031	-0.0089999	0.00397208	0.00179115167119
13	0.00649167818225	0.031	-0.0095	0.00409988	0.00183175599015
14	0.00699611918114	0.0309	-0.01	0.004159	0.00185016426194
15	0.00749537148854	0.0309	-0.0104999	0.00356485	0.00183452144346
16	0.0079948235368	0.0309	-0.011	0.0026188	0.00183096752514
17	0.00849417571464	0.0309	-0.0115	0.00191689	0.00180848698954
18	0.00899342802203	0.0309	-0.0119999	0.00152875	0.00195121490636
19	0.00949796889136	0.0308	-0.0125	0.00132943	0.00212786016328
20	0.0100023100198	0.0307	-0.0129999	0.00122834	0.0020961989207
21	0.0105016621976	0.0307	-0.0134999	0.00097657	0.00199635749148
22	0.0109959255544	0.0308	-0.0139999	0.000637058	0.0020022095403
23	0.0115054553744	0.0306	-0.0144999	0.000411035	0.00220768296026
24	0.0119845521384	0.031	-0.015	0.000316622	0.00238410522286
25	0.0124838044458	0.031	-0.0154999	0.00026417	0.00252359037852
26	0.0130086007289	0.0305	-0.0159999	0.000223161	0.00263002244918
27	0.0135130417278	0.0304	-0.0164999	0.000181199	0.00279208303421
28	0.0139767721582	0.0311	-0.0169999	0.000143052	0.00313180813439
29	0.0145168349045	0.0303	-0.0174999	0.000116349	0
30	0.0150161870824	0.0303	-0.0179999	9.44142e-05	0
31	0.0155206280813	0.0302	-0.0184999	7.91554e-05	0
32	0.0160199802591	0.0302	-0.0189999	6.96187e-05	0
33	0.016524421258	0.0301	-0.0194999	6.00817e-05	0
0	0.0	0.031	-0.0029999	0.00553754	0.000505530468542
1	0.000493912494496	0.0311	-0.0035	0.00537923	0.00135026953976
2	0.000971288856519	0.0315	-0.0039999	0.00557283	0.00247630838852
3	0.00149777435784	0.031	-0.0044999	0.00340797	0.00275614473508
4	0.00199703247712	0.031	-0.0049999	0.00633386	0.00150079301023
5	0.00249094497162	0.0311	-0.0055	0.0147515	0.00180059849764
6	0.00299554871568	0.031	-0.0059999	0.016203	0.00174660897453
7	0.00349480683496	0.031	-0.0064999	0.0130511	0.00168271859452
8	0.00399406495424	0.031	-0.0069999	0.00916392	0.0016912776858
9	0.00449342292515	0.031	-0.0075	0.0065842	0.00180449590207
10	0.00499268104443	0.031	-0.008	0.00522235	0.00182831514775
11	0.00549183931208	0.031	-0.0084999	0.00439551	0.00176378101853
12	0.00599109743136	0.031	-0.0089999	0.00397208	0.00179115167119
13	0.00649045540227	0.031	-0.0095	0.00409988	0.00183175599015
14	0.00699515899795	0.0309	-0.01	0.004159	0.00185016426194
15	0.00749431726561	0.0309	-0.0104999	0.00356485	0.00183452144346
16	0.00799367523651	0.0309	-0.011	0.0026188	0.00183096752514
17	0.0084929333558	0.0309	-0.0115	0.00191689	0.00180848698954
18	0.00899209162345	0.0309	-0.0119999	0.00152875	0.00195121490636
19	0.00949689507076	0.0308	-0.0125	0.00132943	0.00212786016328
20	0.0100014988148	0.0307	-0.0129999	0.00122834	0.0020961989207
21	0.0105007569341	0.0307	-0.0134999	0.00097657	0.00199635749148
22	0.010994569577	0.0308	-0.0139999	0.000637058	0.0020022095403
23	0.0115047186491	0.0306	-0.0144999	0.000411035	0.00220768296026
24	0.0119822947143	0.031	-0.015	0.000316622	0.00238410522286
25	0.012481452982	0.031	-0.0154999	0.00026417	0.00252359037852
26	0.0130079384833	0.0305	-0.0159999	0.000223161	0.00263002244918
27	0.013512642079	0.0304	-0.0164999	0.000181199	0.00279208303421
28	0.0139737818634	0.0311	-0.0169999	0.000143052	0.00313180813439
29	0.014516603794	0.0303	-0.0174999	0.000116349	0
30	0.0150158619133	0.0303	-0.0179999	9.44142e-05	0
31	0.015520565509	0.0302	-0.0184999	7.91554e-05	0
32	0.0160198236282	0.0302	-0.0189999	6.96187e-05	0
33	0.0165245272239	0.0301	-0.0194999	6.00817e-05	0
34	0.0170292308196	0.03	-0.0199999	5.14986e-05	0
0	0.0	0.031	-0.0029999	0.00553754	0.000505530468542
1	0.00049344369871	0.0311	-0.0035	0.00537923	0.00135026953976
2	0.000969254211628	0.0315	-0.0039999	0.00557283	0.00247630838852
3	0.00149746512688	0.031	-0.0044999	0.00340797	0.00275614473508
4	0.00199662016917	0.031	-0.0049999	0.00633386	0.00150079301023
5	0.00249006386788	0.0311	-0.0055	0.0147515	0.00180059849764
6	0.00299493025376	0.031	-0.0059999	0.016203	0.00174660897453
7	0.00349408529605	0.031	-0.0064999	0.0130511	0.00168271859452
8	0.00399324033834	0.031	-0.0069999	0.00916392	0.0016912776858
9	0.00449249521165	0.031	-0.0075	0.0065842	0.00180449590207
10	0.00499165025394	0.031	-0.008	0.00522235	0.00182831514775
11	0.00549070546522	0.031	-0.0084999	0.00439551	0.00176378101853
12	0.00598986050752	0.031	-0.0089999	0.00397208	0.00179115167119
13	0.00648911538082	0.031	-0.0095	0.00409988	0.00183175599015
14	0.0069940815977	0.0309	-0.01	0.004159	0.00185016426194
15	0.00749313680899	0.0309	-0.0104999	0.00356485	0.00183452144346
16	0.00799239168229	0.0309	-0.011	0.0026188	0.00183096752514
17	0.00849154672458	0.0309	-0.0115	0.00191689	0.00180848698954
18	0.00899060193587	0.0309	-0.0119999	0.00152875	0.00195121490636
19	0.00949566798376	0.0308	-0.0125	0.00132943	0.00212786016328
20	0.0100005343696	0.0307	-0.0129999	0.00122834	0.0020961989207
21	0.0104996894119	0.0307	-0.0134999	0.00097657	0.00199635749148
22	0.0109930332796	0.0308	-0.0139999	0.000637058	0.0020022095403
23	0.0115038106711	0.0306	-0.0144999	0.000411035	0.00220768296026
24	0.011979820846	0.031	-0.015	0.000316622	0.00238410522286
25	0.0124788760573	0.031	-0.0154999	0.00026417	0.00252359037852
26	0.0130070869726	0.0305	-0.0159999	0.000223161	0.00263002244918
27	0.0135120531895	0.0304	-0.0164999	0.000181199	0.00279208303421
28	0.0139705300096	0.0311	-0.0169999	0.000143052	0.00313180813439
29	0.0145161744486	0.0303	-0.0174999	0.000116349	0
30	0.0150153294909	0.0303	-0.0179999	9.44142e-05	0
31	0.0155202957078	0.0302	-0.0184999	7.91554e-05	0
32	0.0160194507501	0.0302	-0.0189999	6.96187e-05	0
33	0.016524416967	0.0301	-0.0194999	6.00817e-05	0
34	0.0170293831839	0.03	-0.0199999	5.14986e-05	0
35	0.0175344492318	0.0299	-0.0205	4.38693e-05	0
0	0.0	0.031	-0.0029999	0.00553754	0.000505530468542
1	0.000493185718549	0.0311	-0.0035	0.00537923	0.00135026953976
2	0.000968141150056	0.0315	-0.0039999	0.00557283	0.00247630838852
3	0.00149728834657	0.031	-0.0044999	0.00340797	0.00275614473508
4	0.0019963844621	0.031	-0.0049999	0.00633386	0.00150079301023
5	0.00248957018065	0.0311	-0.0055	0.0147515	0.00180059849764
6	0.00299457669314	0.031	-0.0059999	0.016203	0.00174660897453
7	0.00349367280867	0.031	-0.0064999	0.0130511	0.00168271859452
8	0.00399276892419	0.031	-0.0069999	0.00916392	0.0016912776858
9	0.00449196485894	0.031	-0.0075	0.0065842	0.00180449590207
10	0.00499106097446	0.031	-0.008	0.00522235	0.00182831514775
11	0.00549005727076	0.031	-0.0084999	0.00439551	0.00176378101853
12	0.00598915338629	0.031	-0.0089999	0.00397208	0.00179115167119
13	0.00648834932104	0.031	-0.0095	0.00409988	0.00183175599015
14	0.00699345565276	0.0309	-0.01	0.004159	0.00185016426194
15	0.00749245194906	0.0309	-0.0104999	0.00356485	0.00183452144346
16	0.00799164788381	0.0309	-0.011	0.0026188	0.00183096752514
17	0.00849074399933	0.0309	-0.0115	0.00191689	0.00180848698954
18	0.00898974029563	0.0309	-0.0119999	0.00152875	0.00195121490636
19	0.00949494644658	0.0308	-0.0125	0.00132943	0.00212786016328
20	0.00999995295908	0.0307	-0.0129999	0.00122834	0.0020961989207
21	0.0104990490746	0.0307	-0.0134999	0.00097657	0.00199635749148
22	0.0109921349739	0.0308	-0.0139999	0.000637058	0.0020022095403
23	0.0115032515218	0.0306	-0.0144999	0.000411035	0.00220768296026
24	0.0119784065918	0.031	-0.015	0.000316622	0.00238410522286
25	0.0124774028881	0.031	-0.0154999	0.00026417	0.00252359037852
26	0.0130065500846	0.0305	-0.0159999	0.000223161	0.00263002244918
27	0.0135116564163	0.0304	-0.0164999	0.000181199	0.00279208303421
28	0.0139686810185	0.0311	-0.0169999	0.000143052	0.00313180813439
29	0.0145158588636	0.0303	-0.0174999	0.000116349	0
30	0.0150149549791	0.0303	-0.0179999	9.44142e-05	0
31	0.0155200613108	0.0302	-0.0184999	7.91554e-05	0
32	0.0160191574264	0.0302	-0.0189999	6.96187e-05	0
33	0.0165242637581	0.0301	-0.0194999	6.00817e-05	0
34	0.0170293700898	0.03	-0.0199999	5.14986e-05	0
35	0.0175345762407	0.0299	-0.0205	4.38693e-05	0
36	0.0180275623209	0.03	-0.0209999	3.91009e-05	0
0	0.0	0.031	-0.0029999	0.00553754	0.000505530468542
1	0.000492677674766	0.0311	-0.0035	0.00537923	0.00135026953976
2	0.000965962416148	0.0315	-0.0039999	0.00557283	0.00247630838852
3	0.00149692698202	0.031	-0.0044999	0.00340797	0.00275614473508
4	0.00199590264269	0.031	-0.0049999	0.00633386	0.00150079301023
5	0.00248858031746	0.0311	-0.0055	0.0147515	0.00180059849764
6	0.00299385396404	0.031	-0.0059999	0.016203	0.00174660897453
7	0.00349282962471	0.031	-0.0064999	0.0130511	0.00168271859452
8	0.00399180528539	0.031	-0.0069999	0.00916392	0.0016912776858
9	0.00449088074119	0.031	-0.0075	0.0065842	0.00180449590207
10	0.00498985640186	0.031	-0.008	0.00522235	0.00182831514775
11	0.0054887322674	0.031	-0.0084999	0.00439551	0.00176378101853
12	0.00598770792808	0.031	-0.0089999	0.00397208	0.00179115167119
13	0.00648678338388	0.031	-0.0095	0.00409988	0.00183175599015
14	0.0069921568256	0.0309	-0.01	0.004159	0.00185016426194
15	0.00749103269114	0.0309	-0.0104999	0.00356485	0.00183452144346
16	0.00799010814694	0.0309	-0.011	0.0026188	0.00183096752514
17	0.00848908380762	0.0309	-0.0115	0.00191689	0.00180848698954
18	0.00898795967316	0.0309	-0.0119999	0.00152875	0.00195121490636
19	0.00949343291	0.0308	-0.0125	0.00132943	0.00212786016328
20	0.00999870655658	0.0307	-0.0129999	0.00122834	0.0020961989207
21	0.0104976822173	0.0307	-0.0134999	0.00097657	0.00199635749148
22	0.0109902600969	0.0308	-0.0139999	0.000637058	0.0020022095403
23	0.0115020313196	0.0306	-0.0144999	0.000411035	0.00220768296026
24	0.0119755156513	0.031	-0.015	0.000316622	0.00238410522286
25	0.0124743915168	0.031	-0.0154999	0.00026417	0.00252359037852
26	0.0130053560827	0.0305	-0.0159999	0.000223161	0.00263002244918
27	0.0135107295244	0.0304	-0.0164999	0.000181199	0.00279208303421
28	0.0139649207178	0.0311	-0.0169999	0.000143052	0.00313180813439
29	0.0145150786268	0.0303	-0.0174999	0.000116349	0
30	0.0150140542875	0.0303	-0.0179999	9.44142e-05	0
31	0.0155194277292	0.0302	-0.0184999	7.91554e-05	0
32	0.0160184033899	0.0302	-0.0189999	6.96187e-05	0
33	0.0165237768316	0.0301	-0.0194999	6.00817e-05	0
34	0.0170291502733	0.03	-0.0199999	5.14986e-05	0
35	0.0175346235101	0.0299	-0.0205	4.38693e-05	0
36	0.0180271015946	0.03	-0.0209999	3.91009e-05	0
37	0.0185452705984	0.0297	-0.0214999	3.24252e-05	0
0	0.0	0.031	-0.0029999	0.00553754	0.000505530468542
1	0.000492476057622	0.0311	-0.0035	0.00537923	0.00135026953976
2	0.000965102517016	0.0315	-0.0039999	0.00557283	0.00247630838852
3	0.00149677884481	0.031	-0.0044999	0.00340797	0.00275614473508
4	0.00199570512641	0.031	-0.0049999	0.00633386	0.00150079301023
5	0.00248818118403	0.0311	-0.0055	0.0147515	0.00180059849764
6	0.00299355768962	0.031	-0.0059999	0.016203	0.00174660897453
7	0.00349248397122	0.031	-0.0064999	0.0130511	0.00168271859452
8	0.00399141025283	0.031	-0.0069999	0.00916392	0.0016912776858
9	0.00449043631969	0.031	-0.0075	0.0065842	0.00180449590207
10	0.00498936260129	0.031	-0.008	0.00522235	0.00182831514775
11	0.00548818909764	0.031	-0.0084999	0.00439551	0.00176378101853
12	0.00598711537924	0.031	-0.0089999	0.00397208	0.00179115167119
13	0.0064861414461	0.031	-0.0095	0.00409988	0.00183175599015
14	0.00699161773694	0.0309	-0.01	0.004159	0.00185016426194
15	0.00749044423329	0.0309	-0.0104999	0.00356485	0.00183452144346
16	0.00798947030015	0.0309	-0.011	0.0026188	0.00183096752514
17	0.00848839658175	0.0309	-0.0115	0.00191689	0.00180848698954
18	0.0089872230781	0.0309	-0.0119999	0.00152875	0.00195121490636
19	0.0094927991542	0.0308	-0.0125	0.00132943	0.00212786016328
20	0.00999817565978	0.0307	-0.0129999	0.00122834	0.0020961989207
21	0.0104971019414	0.0307	-0.0134999	0.00097657	0.00199635749148
22	0.0109894782137	0.0308	-0.0139999	0.000637058	0.0020022095403
23	0.0115015045138	0.0306	-0.0144999	0.000411035	0.00220768296026
24	0.0119743305437	0.031	-0.015	0.000316622	0.00238410522286
25	0.0124731570401	0.031	-0.0154999	0.00026417	0.00252359037852
26	0.0130048333679	0.0305	-0.0159999	0.000223161	0.00263002244918
27	0.0135103096587	0.0304	-0.0164999	0.000181199	0.00279208303421
28	0.0139633858757	0.0311	-0.0169999	0.000143052	0.00313180813439
29	0.0145147122312	0.0303	-0.0174999	0.000116349	0
30	0.0150136385128	0.0303	-0.0179999	9.44142e-05	0
31	0.0155191148036	0.0302	-0.0184999	7.91554e-05	0
32	0.0160180410852	0.0302	-0.0189999	6.96187e-05	0
33	0.0165235173761	0.0301	-0.0194999	6.00817e-05	0
34	0.0170289936669	0.03	-0.0199999	5.14986e-05	0
35	0.017534569743	0.0299	-0.0205	4.38693e-05	0
36	0.0180268462301	0.03	-0.0209999	3.91009e-05	0
37	0.0185454225394	0.0297	-0.0214999	3.24252e-05	0
38	0.0190312488025	0.0299	-0.0219999	2.9564e-05	0
0	0.0	0.031	-0.0029999	0.00553754	0.000505530468542
1	0.000493753078232	0.0311	-0.0035	0.00537923	0.00135026953976
2	0.000970595196872	0.0315	-0.0039999	0.00557283	0.00247630838852
3	0.00149767097063	0.031	-0.0044999	0.00340797	0.00275614473508
4	0.00199689462751	0.031	-0.0049999	0.00633386	0.00150079301023
5	0.00249064770574	0.0311	-0.0055	0.0147515	0.00180059849764
6	0.00299534194126	0.031	-0.0059999	0.016203	0.00174660897453
7	0.00349456559814	0.031	-0.0064999	0.0130511	0.00168271859452
8	0.00399378925501	0.031	-0.0069999	0.00916392	0.0016912776858
9	0.00449311275662	0.031	-0.0075	0.0065842	0.00180449590207
10	0.0049923364135	0.031	-0.008	0.00522235	0.00182831514775
11	0.00549146022564	0.031	-0.0084999	0.00439551	0.00176378101853
12	0.00599068388252	0.031	-0.0089999	0.00397208	0.00179115167119
13	0.00649000738413	0.031	-0.0095	0.00409988	0.00183175599015
14	0.00699480146438	0.0309	-0.01	0.004159	0.00185016426194
15	0.00749392527652	0.0309	-0.0104999	0.00356485	0.00183452144346
16	0.00799324877813	0.0309	-0.011	0.0026188	0.00183096752514
17	0.00849247243501	0.0309	-0.0115	0.00191689	0.00180848698954
18	0.00899159624715	0.0309	-0.0119999	0.00152875	0.00195121490636
19	0.00949649017214	0.0308	-0.0125	0.00132943	0.00212786016328
20	0.0100011844077	0.0307	-0.0129999	0.00122834	0.0020961989207
21	0.0105004080645	0.0307	-0.0134999	0.00097657	0.00199635749148
22	0.010994061298	0.0308	-0.0139999	0.000637058	0.0020022095403
23	0.0115044258017	0.0306	-0.0144999	0.000411035	0.00220768296026
24	0.0119814676098	0.031	-0.015	0.000316622	0.00238410522286
25	0.0124805914219	0.031	-0.0154999	0.00026417	0.00252359037852
26	0.0130076671957	0.0305	-0.0159999	0.000223161	0.00263002244918
27	0.0135124612759	0.0304	-0.0164999	0.000181199	0.00279208303421
28	0.0139726919692	0.0311	-0.0169999	0.000143052	0.00313180813439
29	0.0145164790131	0.0303	-0.0174999	0.000116349	0
30	0.0150157026699	0.0303	-0.0179999	9.44142e-05	0
31	0.0155204967502	0.0302	-0.0184999	7.91554e-05	0
32	0.0160197204071	0.0302	-0.0189999	6.96187e-05	0
33	0.0165245144873	0.0301	-0.0194999	6.00817e-05	0
34	0.0170293085676	0.03	-0.0199999	5.14986e-05	0
35	0.0175342024926	0.0299	-0.0205	4.38693e-05	0
36	0.0180277558813	0.03	-0.0209999	3.91009e-05	0
37	0.0185436908083	0.0297	-0.0214999	3.24252e-05	0
38	0.0190317736184	0.0299	-0.0219999	2.9564e-05	0
39	0.0194474409247	0.0314	-0.0224999	2.47956e-05	0
0	0.0	0.031	-0.0029999	0.00553754	0.000505530468542
1	0.000494842307318	0.0311	-0.0035	0.00537923	0.00135026953976
2	0.000975372629106	0.0315	-0.0039999	0.00557283	0.00247630838852
3	0.001498339461	0.031	-0.0044999	0.00340797	0.00275614473508
4	0.001997785948	0.031	-0.0049999	0.00633386	0.00150079301023
5	0.00249262825532	0.0311	-0.0055	0.0147515	0.00180059849764
6	0.002996678922	0.031	-0.0059999	0.016203	0.00174660897453
7	0.003496125409	0.031	-0.0064999	0.0130511	0.00168271859452
8	0.003995571896	0.031	-0.0069999	0.00916392	0.0016912776858
9	0.00449511827229	0.031	-0.0075	0.0065842	0.00180449590207
10	0.00499456475929	0.031	-0.008	0.00522235	0.00182831514775
11	0.00549391135699	0.031	-0.0084999	0.00439551	0.00176378101853
12	0.00599335784399	0.031	-0.0089999	0.00397208	0.00179115167119
13	0.00649290422029	0.031	-0.0095	0.00409988	0.00183175599015
14	0.00699705477627	0.0309	-0.01	0.004159	0.00185016426194
15	0.00749640137397	0.0309	-0.0104999	0.00356485	0.00183452144346
16	0.00799594775027	0.0309	-0.011	0.0026188	0.00183096752514
17	0.00849539423727	0.0309	-0.0115	0.00191689	0.00180848698954
18	0.00899474083497	0.0309	-0.0119999	0.00152875	0.00195121490636
19	0.00949899128024	0.0308	-0.0125	0.00132943	0.00212786016328
20	0.0100030419469	0.0307	-0.0129999	0.00122834	0.0020961989207
21	0.0105024884339	0.0307	-0.0134999	0.00097657	0.00199635749148
22	0.0109972308519	0.0308	-0.0139999	0.000637058	0.0020022095403
23	0.0115060854769	0.0306	-0.0144999	0.000411035	0.00220768296026
24	0.0119868155773	0.031	-0.015	0.000316622	0.00238410522286
25	0.012486162175	0.031	-0.0154999	0.00026417	0.00252359037852
26	0.0130091290069	0.0305	-0.0159999	0.000223161	0.00263002244918
27	0.0135132795629	0.0304	-0.0164999	0.000181199	0.00279208303421
28	0.013979797567	0.0311	-0.0169999	0.000143052	0.00313180813439
29	0.0145168766058	0.0303	-0.0174999	0.000116349	0
30	0.0150163230928	0.0303	-0.0179999	9.44142e-05	0
31	0.0155204736488	0.0302	-0.0184999	7.91554e-05	0
32	0.0160199201358	0.0302	-0.0189999	6.96187e-05	0
33	0.0165240706918	0.0301	-0.0194999	6.00817e-05	0
34	0.0170282212478	0.03	-0.0199999	5.14986e-05	0
35	0.017532471693	0.0299	-0.0205	4.38693e-05	0
36	0.0180271142218	0.03	-0.0209999	3.91009e-05	0
37	0.0185406729157	0.0297	-0.0214999	3.24252e-05	0
38	0.0190307112647	0.0299	-0.0219999	2.9564e-05	0
39	0.0194595967171	0.0314	-0.0224999	2.47956e-05	0
40	0.0199590432041	0.0314	-0.0229999	2.19346e-05	0
0	0.0	0.031	-0.0029999	0.00553754	0.000505530468542
1	0.000494642748112	0.0311	-0.0035	0.00537923	0.00135026953976
2	0.000974490546527	0.0315	-0.0039999	0.00557283	0.00247630838852
3	0.00149822378611	0.031	-0.0044999	0.00340797	0.00275614473508
4	0.00199763171481	0.031	-0.0049999	0.00633386	0.00150079301023
5	0.00249227446292	0.0311	-0.0055	0.0147515	0.00180059849764
6	0.00299644757221	0.031	-0.0059999	0.016203	0.00174660897453
7	0.00349585550092	0.031	-0.0064999	0.0130511	0.00168271859452
8	0.00399526342962	0.031	-0.0069999	0.00916392	0.0016912776858
9	0.00449477123991	0.031	-0.0075	0.0065842	0.00180449590207
10	0.00499417916861	0.031	-0.008	0.00522235	0.00182831514775
11	0.00549348721573	0.031	-0.0084999	0.00439551	0.00176378101853
12	0.00599289514443	0.031	-0.0089999	0.00397208	0.00179115167119
13	0.00649240295472	0.031	-0.0095	0.00409988	0.00183175599015
14	0.00699667594559	0.0309	-0.01	0.004159	0.00185016426194
15	0.00749598399271	0.0309	-0.0104999	0.00356485	0.00183452144346
16	0.007995491803	0.0309	-0.011	0.0026188	0.00183096752514
17	0.0084948997317	0.0309	-0.0115	0.00191689	0.00180848698954
18	0.00899420777882	0.0309	-0.0119999	0.00152875	0.00195121490636
19	0.00949858065128	0.0308	-0.0125	0.00132943	0.00212786016328
20	0.0100027537606	0.0307	-0.0129999	0.00122834	0.0020961989207
21	0.0105021616893	0.0307	-0.0134999	0.00097657	0.00199635749148
22	0.0109967045558	0.0308	-0.0139999	0.000637058	0.0020022095403
23	0.0115058426089	0.0306	-0.0144999	0.000411035	0.00220768296026
24	0.0119858901704	0.031	-0.015	0.000316622	0.00238410522286
25	0.0124851982176	0.031	-0.0154999	0.00026417	0.00252359037852
26	0.0130089314571	0.0305	-0.0159999	0.000223161	0.00263002244918
27	0.013513204448	0.0304	-0.0164999	0.000181199	0.00279208303421
28	0.0139785569415	0.0311	-0.0169999	0.000143052	0.00313180813439
29	0.0145168853676	0.0303	-0.0174999	0.000116349	0
30	0.0150162932963	0.0303	-0.0179999	9.44142e-05	0
31	0.0155205662872	0.0302	-0.0184999	7.91554e-05	0
32	0.0160199742159	0.0302	-0.0189999	6.96187e-05	0
33	0.0165242472068	0.0301	-0.0194999	6.00817e-05	0
34	0.0170285201976	0.03	-0.0199999	5.14986e-05	0
35	0.0175328930701	0.0299	-0.0205	4.38693e-05	0
36	0.018027336055	0.03	-0.0209999	3.91009e-05	0
37	0.0185413391703	0.0297	-0.0214999	3.24252e-05	0
38	0.0190310169746	0.0299	-0.0219999	2.9564e-05	0
39	0.0194574489707	0.0314	-0.0224999	2.47956e-05	0
40	0.0199568568994	0.0314	-0.0229999	2.19346e-05	0
41	0.0205243756985	0.03	-0.0234999	1.90736e-05	0
0	0.0	0.031	-0.0029999	0.00553754	0.000505530468542
1	0.000495876053106	0.0311	-0.0035	0.00537923	0.00135026953976
2	0.00097999427438	0.0315	-0.0039999	0.00557283	0.00247630838852
3	0.00149888636236	0.031	-0.0044999	0.00340797	0.00275614473508
4	0.00199851514982	0.031	-0.0049999	0.00633386	0.00150079301023
5	0.00249439120292	0.0311	-0.0055	0.0147515	0.00180059849764
6	0.00299777272472	0.031	-0.0059999	0.016203	0.00174660897453
7	0.00349740151218	0.031	-0.0064999	0.0130511	0.00168271859452
8	0.00399703029963	0.031	-0.0069999	0.00916392	0.0016912776858
9	0.00449675901284	0.031	-0.0075	0.0065842	0.00180449590207
10	0.0049963878003	0.031	-0.008	0.00522235	0.00182831514775
11	0.00549591666199	0.031	-0.0084999	0.00439551	0.00176378101853
12	0.00599554544945	0.031	-0.0089999	0.00397208	0.00179115167119
13	0.00649527416266	0.031	-0.0095	0.00409988	0.00183175599015
14	0.00699875561022	0.0309	-0.01	0.004159	0.00185016426194
15	0.00749828447192	0.0309	-0.0104999	0.00356485	0.00183452144346
16	0.00799801318513	0.0309	-0.011	0.0026188	0.00183096752514
17	0.00849764197258	0.0309	-0.0115	0.00191689	0.00180848698954
18	0.00899717083428	0.0309	-0.0119999	0.00152875	0.00195121490636
19	0.00950075220759	0.0308	-0.0125	0.00132943	0.00212786016328
20	0.0100041337294	0.0307	-0.0129999	0.00122834	0.0020961989207
21	0.0105037625169	0.0307	-0.0134999	0.00097657	0.00199635749148
22	0.0109995386442	0.0308	-0.0139999	0.000637058	0.0020022095403
23	0.0115068727519	0.0306	-0.0144999	0.000411035	0.00220768296026
24	0.0119911908247	0.031	-0.015	0.000316622	0.00238410522286
25	0.0124907196864	0.031	-0.0154999	0.00026417	0.00252359037852
26	0.0130096117743	0.0305	-0.0159999	0.000223161	0.00263002244918
27	0.0135130932219	0.0304	-0.0164999	0.000181199	0.00279208303421
28	0.0139857533886	0.0311	-0.0169999	0.000143052	0.00313180813439
29	0.0145162034569	0.0303	-0.0174999	0.000116349	0
30	0.0150158322444	0.0303	-0.0179999	9.44142e-05	0
31	0.0155193136919	0.0302	-0.0184999	7.91554e-05	0
32	0.0160189424794	0.0302	-0.0189999	6.96187e-05	0
33	0.0165224239269	0.0301	-0.0194999	6.00817e-05	0
34	0.0170259053745	0.03	-0.0199999	5.14986e-05	0
35	0.0175294867478	0.0299	-0.0205	4.38693e-05	0
36	0.0180251629494	0.03	-0.0209999	3.91009e-05	0
37	0.0185363497172	0.0297	-0.0214999	3.24252e-05	0
38	0.0190282731844	0.0299	-0.0219999	2.9564e-05	0
39	0.0194701120703	0.0314	-0.0224999	2.47956e-05	0
40	0.0199697408577	0.0314	-0.0229999	2.19346e-05	0
41	0.0205233068867	0.03	-0.0234999	1.90736e-05	0
42	0.0209535877922	0.0318	-0.0239999	1.52589e-05	0
0	0.0	0.031	-0.0029999	0.00553754	0.000505530468542
1	0.000496363321675	0.0311	-0.0035	0.00537923	0.00135026953976
2	0.000982204991771	0.0315	-0.0039999	0.00557283	0.00247630838852
3	0.00149911191264	0.031	-0.0044999	0.00340797	0.00275614473508
4	0.00199881588351	0.031	-0.0049999	0.00633386	0.00150079301023
5	0.00249517920519	0.0311	-0.0055	0.0147515	0.00180059849764
6	0.00299822382527	0.031	-0.0059999	0.016203	0.00174660897453
7	0.00349792779615	0.031	-0.0064999	0.0130511	0.00168271859452
8	0.00399763176703	0.031	-0.0069999	0.00916392	0.0016912776858
9	0.0044974356787	0.031	-0.0075	0.0065842	0.00180449590207
10	0.00499713964958	0.031	-0.008	0.00522235	0.00182831514775
11	0.00549674367966	0.031	-0.0084999	0.00439551	0.00176378101853
12	0.00599644765054	0.031	-0.0089999	0.00397208	0.00179115167119
13	0.00649625156221	0.031	-0.0095	0.00409988	0.00183175599015
14	0.00699939612309	0.0309	-0.01	0.004159	0.00185016426194
15	0.00749900015318	0.0309	-0.0104999	0.00356485	0.00183452144346
16	0.00799880406485	0.0309	-0.011	0.0026188	0.00183096752514
17	0.00849850803573	0.0309	-0.0115	0.00191689	0.00180848698954
18	0.00899811206581	0.0309	-0.0119999	0.00152875	0.00195121490636
19	0.00950135656748	0.0308	-0.0125	0.00132943	0.00212786016328
20	0.0100044011876	0.0307	-0.0129999	0.00122834	0.0020961989207
21	0.0105041051584	0.0307	-0.0134999	0.00097657	0.00199635749148
22	0.0110003685393	0.0308	-0.0139999	0.000637058	0.0020022095403
23	0.0115069536902	0.0306	-0.0144999	0.000411035	0.00220768296026
24	0.0119929952419	0.031	-0.015	0.000316622	0.00238410522286
25	0.012492599272	0.031	-0.0154999	0.00026417	0.00252359037852
26	0.0130095061928	0.0305	-0.0159999	0.000223161	0.00263002244918
27	0.0135126507537	0.0304	-0.0164999	0.000181199	0.00279208303421
28	0.0139882705946	0.0311	-0.0169999	0.000143052	0.00313180813439
29	0.0145154992855	0.0303	-0.0174999	0.000116349	0
30	0.0150152032563	0.0303	-0.0179999	9.44142e-05	0
31	0.0155183478172	0.0302	-0.0184999	7.91554e-05	0
32	0.0160180517881	0.0302	-0.0189999	6.96187e-05	0
33	0.016521196349	0.0301	-0.0194999	6.00817e-05	0
34	0.0170243409098	0.03	-0.0199999	5.14986e-05	0
35	0.0175275854115	0.0299	-0.0205	4.38693e-05	0
36	0.0180237488516	0.03	-0.0209999	3.91009e-05	0
37	0.0185337745925	0.0297	-0.0214999	3.24252e-05	0
38	0.0190265973834	0.0299	-0.0219999	2.9564e-05	0
39	0.0194746925043	0.0314	-0.0224999	2.47956e-05	0
40	0.0199743964752	0.0314	-0.0229999	2.19346e-05	0
41	0.020522268706	0.03	-0.0234999	1.90736e-05	0
42	0.0209600420569	0.0318	-0.0239999	1.52589e-05	0
43	0.0214873706886	0.031	-0.0245	1.33515e-05	0
0	0.0	0.031	-0.0029999	0.00553754	0.000505530468542
1	0.00049699300599	0.0311	-0.0035	0.00537923	0.00135026953976
2	0.000985094852846	0.0315	-0.0039999	0.00557283	0.00247630838852
3	0.00149937038698	0.031	-0.0044999	0.00340797	0.00275614473508
4	0.00199916051597	0.031	-0.0049999	0.00633386	0.00150079301023
5	0.00249615352196	0.0311	-0.0055	0.0147515	0.00180059849764
6	0.00299874077395	0.031	-0.0059999	0.016203	0.00174660897453
7	0.00349853090295	0.031	-0.0064999	0.0130511	0.00168271859452
8	0.00399832103194	0.031	-0.0069999	0.00916392	0.0016912776858
9	0.00449821111896	0.031	-0.0075	0.0065842	0.00180449590207
10	0.00499800124795	0.031	-0.008	0.00522235	0.00182831514775
11	0.00549769141891	0.031	-0.0084999	0.00439551	0.00176378101853
12	0.00599748154791	0.031	-0.0089999	0.00397208	0.00179115167119
13	0.00649737163492	0.031	-0.0095	0.00409988	0.00183175599015
14	0.00700005884494	0.0309	-0.01	0.004159	0.00185016426194
15	0.00749974901591	0.0309	-0.0104999	0.00356485	0.00183452144346
16	0.00799963910293	0.0309	-0.011	0.0026188	0.00183096752514
17	0.00849942923192	0.0309	-0.0115	0.00191689	0.00180848698954
18	0.00899911940289	0.0309	-0.0119999	0.00152875	0.00195121490636
19	0.00950190657093	0.0308	-0.0125	0.00132943	0.00212786016328
20	0.0100044938229	0.0307	-0.0129999	0.00122834	0.0020961989207
21	0.0105042839519	0.0307	-0.0134999	0.00097657	0.00199635749148
22	0.0110011769999	0.0308	-0.0139999	0.000637058	0.0020022095403
23	0.0115067612909	0.0306	-0.0144999	0.000411035	0.00220768296026
24	0.0119950630538	0.031	-0.015	0.000316622	0.00238410522286
25	0.0124947532248	0.031	-0.0154999	0.00026417	0.00252359037852
26	0.0130090287589	0.0305	-0.0159999	0.000223161	0.00263002244918
27	0.013511715969	0.0304	-0.0164999	0.000181199	0.00279208303421
28	0.0139912265308	0.0311	-0.0169999	0.000143052	0.00313180813439
29	0.014514193308	0.0303	-0.0174999	0.000116349	0
30	0.015013983437	0.0303	-0.0179999	9.44142e-05	0
31	0.015516670647	0.0302	-0.0184999	7.91554e-05	0
32	0.016016460776	0.0302	-0.0189999	6.96187e-05	0
33	0.016519147986	0.0301	-0.0194999	6.00817e-05	0
34	0.017021835196	0.03	-0.0199999	5.14986e-05	0
35	0.0175246223641	0.0299	-0.0205	4.38693e-05	0
36	0.018021415454	0.03	-0.0209999	3.91009e-05	0
37	0.0185298968261	0.0297	-0.0214999	3.24252e-05	0
38	0.019023892793	0.0299	-0.0219999	2.9564e-05	0
39	0.0194802267066	0.0314	-0.0224999	2.47956e-05	0
40	0.0199800168356	0.0314	-0.0229999	2.19346e-05	0
41	0.020520366099	0.03	-0.0234999	1.90736e-05	0
42	0.0209680087694	0.0318	-0.0239999	1.52589e-05	0
43	0.0214910755047	0.031	-0.0245	1.33515e-05	0
44	0.0219820744326	0.0313	-0.0249999	1.23978e-05	0
0	0.0	0.031	-0.0029999	0.00553754	0.000505530468542
1	0.000496717932846	0.0311	-0.0035	0.00537923	0.00135026953976
2	0.000983827717481	0.0315	-0.0039999	0.00557283	0.00247630838852
3	0.00149926219268	0.031	-0.0044999	0.00340797	0.00275614473508
4	0.00199901625691	0.031	-0.0049999	0.00633386	0.00150079301023
5	0.00249573418975	0.0311	-0.0055	0.0147515	0.00180059849764
6	0.00299852438536	0.031	-0.0059999	0.016203	0.00174660897453
7	0.00349827844959	0.031	-0.0064999	0.0130511	0.00168271859452
8	0.00399803251382	0.031	-0.0069999	0.00916392	0.0016912776858
9	0.00449788652886	0.031	-0.0075	0.0065842	0.00180449590207
10	0.00499764059309	0.031	-0.008	0.00522235	0.00182831514775
11	0.0054972947065	0.031	-0.0084999	0.00439551	0.00176378101853
12	0.00599704877073	0.031	-0.0089999	0.00397208	0.00179115167119
13	0.00649690278577	0.031	-0.0095	0.00409988	0.00183175599015
14	0.00699979293219	0.0309	-0.01	0.004159	0.00185016426194
15	0.0074994470456	0.0309	-0.0104999	0.00356485	0.00183452144346
16	0.00799930106064	0.0309	-0.011	0.0026188	0.00183096752514
17	0.00849905512487	0.0309	-0.0115	0.00191689	0.00180848698954
18	0.00899870923829	0.0309	-0.0119999	0.00152875	0.00195121490636
19	0.00950169933552	0.0308	-0.0125	0.00132943	0.00212786016328
20	0.0100044895311	0.0307	-0.0129999	0.00122834	0.0020961989207
21	0.0105042435954	0.0307	-0.0134999	0.00097657	0.00199635749148
22	0.0110008615774	0.0308	-0.0139999	0.000637058	0.0020022095403
23	0.011506887806	0.0306	-0.0144999	0.000411035	0.00220768296026
24	0.0119941974923	0.031	-0.015	0.000316622	0.00238410522286
25	0.0124938516057	0.031	-0.0154999	0.00026417	0.00252359037852
26	0.0130092860809	0.0305	-0.0159999	0.000223161	0.00263002244918
27	0.0135121762273	0.0304	-0.0164999	0.000181199	0.00279208303421
28	0.0139899777162	0.0311	-0.0169999	0.000143052	0.00313180813439
29	0.014514820438	0.0303	-0.0174999	0.000116349	0
30	0.0150145745022	0.0303	-0.0179999	9.44142e-05	0
31	0.0155174646486	0.0302	-0.0184999	7.91554e-05	0
32	0.0160172187128	0.0302	-0.0189999	6.96187e-05	0
33	0.0165201088593	0.0301	-0.0194999	6.00817e-05	0
34	0.0170229990057	0.03	-0.0199999	5.14986e-05	0
35	0.0175259891029	0.0299	-0.0205	4.38693e-05	0
36	0.0180225071341	0.03	-0.0209999	3.91009e-05	0
37	0.0185316694449	0.0297	-0.0214999	3.24252e-05	0
38	0.0190251513448	0.0299	-0.0219999	2.9564e-05	0
39	0.0194778641761	0.0314	-0.0224999	2.47956e-05	0
40	0.0199776182403	0.0314	-0.0229999	2.19346e-05	0
41	0.0205212774553	0.03	-0.0234999	1.90736e-05	0
42	0.02096458204	0.0318	-0.0239999	1.52589e-05	0
43	0.0214895247126	0.031	-0.0245	1.33515e-05	0
44	0.0219797705794	0.0313	-0.0249999	1.23978e-05	0
45	0.0225202937122	0.03	-0.0254999	9.5368e-06	0
0	0.0	0.031	-0.0029999	0.00553754	0.000505530468542
1	0.000497099057903	0.0311	-0.0035	0.00537923	0.00135026953976
2	0.000985585395387	0.0315	-0.0039999	0.00557283	0.00247630838852
3	0.00149941009077	0.031	-0.0044999	0.00340797	0.00275614473508
4	0.00199921345436	0.031	-0.0049999	0.00633386	0.00150079301023
5	0.00249631251226	0.0311	-0.0055	0.0147515	0.00180059849764
6	0.00299882018153	0.031	-0.0059999	0.016203	0.00174660897453
7	0.00349862354512	0.031	-0.0064999	0.0130511	0.00168271859452
8	0.00399842690871	0.031	-0.0069999	0.00916392	0.0016912776858
9	0.00449833023297	0.031	-0.0075	0.0065842	0.00180449590207
10	0.00499813359656	0.031	-0.008	0.00522235	0.00182831514775
11	0.00549783699948	0.031	-0.0084999	0.00439551	0.00176378101853
12	0.00599764036307	0.031	-0.0089999	0.00397208	0.00179115167119
13	0.00649754368733	0.031	-0.0095	0.00409988	0.00183175599015
14	0.00700015131728	0.0309	-0.01	0.004159	0.00185016426194
15	0.00749985472019	0.0309	-0.0104999	0.00356485	0.00183452144346
16	0.00799975804445	0.0309	-0.011	0.0026188	0.00183096752514
17	0.00849956140804	0.0309	-0.0115	0.00191689	0.00180848698954
18	0.00899926481096	0.0309	-0.0119999	0.00152875	0.00195121490636
19	0.00950197240158	0.0308	-0.0125	0.00132943	0.00212786016328
20	0.0100044800709	0.0307	-0.0129999	0.00122834	0.0020961989207
21	0.0105042834344	0.0307	-0.0134999	0.00097657	0.00199635749148
22	0.0110012825317	0.0308	-0.0139999	0.000637058	0.0020022095403
23	0.011506694428	0.0306	-0.0144999	0.000411035	0.00220768296026
24	0.0119953806868	0.031	-0.015	0.000316622	0.00238410522286
25	0.0124950840897	0.031	-0.0154999	0.00026417	0.00252359037852
26	0.0130089087851	0.0305	-0.0159999	0.000223161	0.00263002244918
27	0.0135115164151	0.0304	-0.0164999	0.000181199	0.00279208303421
28	0.0139916899141	0.0311	-0.0169999	0.000143052	0.00313180813439
29	0.0145139274086	0.0303	-0.0174999	0.000116349	0
30	0.0150137307722	0.0303	-0.0179999	9.44142e-05	0
31	0.0155163384021	0.0302	-0.0184999	7.91554e-05	0
32	0.0160161417657	0.0302	-0.0189999	6.96187e-05	0
33	0.0165187493957	0.0301	-0.0194999	6.00817e-05	0
34	0.0170213570256	0.03	-0.0199999	5.14986e-05	0
35	0.0175240646162	0.0299	-0.0205	4.38693e-05	0
36	0.0180209637528	0.03	-0.0209999	3.91009e-05	0
37	0.0185291799154	0.0297	-0.0214999	3.24252e-05	0
38	0.0190233747463	0.0299	-0.0219999	2.9564e-05	0
39	0.0194811141145	0.0314	-0.0224999	2.47956e-05	0
40	0.0199809174781	0.0314	-0.0229999	2.19346e-05	0
41	0.0205199805707	0.03	-0.0234999	1.90736e-05	0
42	0.0209693071399	0.0318	-0.0239999	1.52589e-05	0
43	0.021491644595	0.031	-0.0245	1.33515e-05	0
44	0.0219829351988	0.0313	-0.0249999	1.23978e-05	0
45	0.0225191940251	0.03	-0.0254999	9.5368e-06	0
46	0.0229909547251	0.031	-0.0259999	8.58313e-06	0
0	0.0	0.031	-0.0029999	0.00553754	0.000505530468542
1	0.00049667825911	0.0311	-0.0035	0.00537923	0.00135026953976
2	0.000983645570126	0.0315	-0.0039999	0.00557283	0.00247630838852
3	0.00149924597677	0.031	-0.0044999	0.00340797	0.00275614473508
4	0.00199899463569	0.031	-0.0049999	0.00633386	0.00150079301023
5	0.0024956728948	0.0311	-0.0055	0.0147515	0.00180059849764
6	0.00299849195353	0.031	-0.0059999	0.016203	0.00174660897453
7	0.00349824061245	0.031	-0.0064999	0.0130511	0.00168271859452
8	0.00399798927138	0.031	-0.0069999	0.00916392	0.0016912776858
9	0.00449783788003	0.031	-0.0075	0.0065842	0.00180449590207
10	0.00499758653895	0.031	-0.008	0.00522235	0.00182831514775
11	0.00549723524814	0.031	-0.0084999	0.00439551	0.00176378101853
12	0.00599698390706	0.031	-0.0089999	0.00397208	0.00179115167119
13	0.00649683251572	0.031	-0.0095	0.00409988	0.00183175599015
14	0.00699975152418	0.0309	-0.01	0.004159	0.00185016426194
15	0.00749940023337	0.0309	-0.0104999	0.00356485	0.00183452144346
16	0.00799924884203	0.0309	-0.011	0.0026188	0.00183096752514
17	0.00849899750095	0.0309	-0.0115	0.00191689	0.00180848698954
18	0.00899864621014	0.0309	-0.0119999	0.00152875	0.00195121490636
19	0.00950166516834	0.0308	-0.0125	0.00132943	0.00212786016328
20	0.0100044842271	0.0307	-0.0129999	0.00122834	0.0020961989207
21	0.010504232886	0.0307	-0.0134999	0.00097657	0.00199635749148
22	0.0110008111954	0.0308	-0.0139999	0.000637058	0.0020022095403
23	0.0115069005534	0.0306	-0.0144999	0.000411035	0.00220768296026
24	0.0119940677639	0.031	-0.015	0.000316622	0.00238410522286
25	0.012493716473	0.031	-0.0154999	0.00026417	0.00252359037852
26	0.0130093168797	0.0305	-0.0159999	0.000223161	0.00263002244918
27	0.0135122358882	0.0304	-0.0164999	0.000181199	0.00279208303421
28	0.0139897921003	0.0311	-0.0169999	0.000143052	0.00313180813439
29	0.0145149035555	0.0303	-0.0174999	0.000116349	0
30	0.0150146522145	0.0303	-0.0179999	9.44142e-05	0
31	0.0155175712229	0.0302	-0.0184999	7.91554e-05	0
32	0.0160173198819	0.0302	-0.0189999	6.96187e-05	0
33	0.0165202388903	0.0301	-0.0194999	6.00817e-05	0
34	0.0170231578988	0.03	-0.0199999	5.14986e-05	0
35	0.017526176857	0.0299	-0.0205	4.38693e-05	0
36	0.0180226552166	0.03	-0.0209999	3.91009e-05	0
37	0.0185319149242	0.0297	-0.0214999	3.24252e-05	0
38	0.019025322884	0.0299	-0.0219999	2.9564e-05	0
39	0.0194775162998	0.0314	-0.0224999	2.47956e-05	0
40	0.0199772649587	0.0314	-0.0229999	2.19346e-05	0
41	0.0205213985112	0.03	-0.0234999	1.90736e-05	0
42	0.0209640808784	0.0318	-0.0239999	1.52589e-05	0
43	0.0214892922834	0.031	-0.0245	1.33515e-05	0
44	0.0219794299439	0.0313	-0.0249999	1.23978e-05	0
45	0.0225203931469	0.03	-0.0254999	9.5368e-06	0
46	0.0229884383104	0.031	-0.0259999	8.58313e-06	0
47	0.0235294015134	0.0297	-0.0264999	7.62945e-06	0
0	0.0	0.031	-0.0029999	0.00553754	0.000505530468542
1	0.000495960892302	0.0311	-0.0035	0.00537923	0.00135026953976
2	0.000980377642765	0.0315	-0.0039999	0.00557283	0.00247630838852
3	0.00149892717635	0.031	-0.0044999	0.00340797	0.00275614473508
4	0.00199856956847	0.031	-0.0049999	0.00633386	0.00150079301023
5	0.00249453046077	0.0311	-0.0055	0.0147515	0.00180059849764
6	0.00299785435271	0.031	-0.0059999	0.016203	0.00174660897453
7	0.00349749674483	0.031	-0.0064999	0.0130511	0.00168271859452
8	0.00399713913694	0.031	-0.0069999	0.00916392	0.0016912776858
9	0.00449688145754	0.031	-0.0075	0.0065842	0.00180449590207
10	0.00499652384966	0.031	-0.008	0.00522235	0.00182831514775
11	0.0054960663133	0.031	-0.0084999	0.00439551	0.00176378101853
12	0.00599570870542	0.031	-0.0089999	0.00397208	0.00179115167119
13	0.00649545102601	0.031	-0.0095	0.00409988	0.00183175599015
14	0.00699887484642	0.0309	-0.01	0.004159	0.00185016426194
15	0.00749841731006	0.0309	-0.0104999	0.00356485	0.00183452144346
16	0.00799815963066	0.0309	-0.011	0.0026188	0.00183096752514
17	0.00849780202278	0.0309	-0.0115	0.00191689	0.00180848698954
18	0.00899734448642	0.0309	-0.0119999	0.00152875	0.00195121490636
19	0.00950086823531	0.0308	-0.0125	0.00132943	0.00212786016328
20	0.0100041921272	0.0307	-0.0129999	0.00122834	0.0020961989207
21	0.0105038345194	0.0307	-0.0134999	0.00097657	0.00199635749148
22	0.0109996954832	0.0308	-0.0139999	0.000637058	0.0020022095403
23	0.0115069007319	0.0306	-0.0144999	0.000411035	0.00220768296026
24	0.0119915173393	0.031	-0.015	0.000316622	0.00238410522286
25	0.012491059803	0.031	-0.0154999	0.00026417	0.00252359037852
26	0.0130096093365	0.0305	-0.0159999	0.000223161	0.00263002244918
27	0.013513033157	0.0304	-0.0164999	0.000181199	0.00279208303421
28	0.013986205551	0.0311	-0.0169999	0.000143052	0.00313180813439
29	0.0145160993695	0.0303	-0.0174999	0.000116349	0
30	0.0150157417616	0.0303	-0.0179999	9.44142e-05	0
31	0.015519165582	0.0302	-0.0184999	7.91554e-05	0
32	0.0160188079741	0.0302	-0.0189999	6.96187e-05	0
33	0.0165222317945	0.0301	-0.0194999	6.00817e-05	0
34	0.017025655615	0.03	-0.0199999	5.14986e-05	0
35	0.0175291793638	0.0299	-0.0205	4.38693e-05	0
36	0.0180249403992	0.03	-0.0209999	3.91009e-05	0
37	0.0185359270762	0.0297	-0.0214999	3.24252e-05	0
38	0.0190280066117	0.0299	-0.0219999	2.9564e-05	0
39	0.0194709275794	0.0314	-0.0224999	2.47956e-05	0
40	0.0199705699715	0.0314	-0.0229999	2.19346e-05	0
41	0.0205231523598	0.03	-0.0234999	1.90736e-05	0
42	0.0209547290426	0.0318	-0.0239999	1.52589e-05	0
43	0.0214847227896	0.031	-0.0245	1.33515e-05	0
44	0.0219729209683	0.0313	-0.0249999	1.23978e-05	0
45	0.0225217219283	0.03	-0.0254999	9.5368e-06	0
46	0.0229835500374	0.031	-0.0259999	8.58313e-06	0
47	0.0235323509974	0.0297	-0.0264999	7.62945e-06	0
48	0.0240546819593	0.0291	-0.0269999	5.72208e-06	0
0	0.0	0.031	-0.0029999	0.00553754	0.000505530468542
1	0.000495835541479	0.0311	-0.0035	0.00537923	0.00135026953976
2	0.000979811437201	0.0315	-0.0039999	0.00557283	0.00247630838852
3	0.00149886664798	0.031	-0.0044999	0.00340797	0.00275614473508
4	0.00199848886397	0.031	-0.0049999	0.00633386	0.00150079301023
5	0.00249432440545	0.0311	-0.0055	0.0147515	0.00180059849764
6	0.00299773329596	0.031	-0.0059999	0.016203	0.00174660897453
7	0.00349735551195	0.031	-0.0064999	0.0130511	0.00168271859452
8	0.00399697772794	0.031	-0.0069999	0.00916392	0.0016912776858
9	0.00449669986838	0.031	-0.0075	0.0065842	0.00180449590207
10	0.00499632208437	0.031	-0.008	0.00522235	0.00182831514775
11	0.00549584437592	0.031	-0.0084999	0.00439551	0.00176378101853
12	0.00599546659192	0.031	-0.0089999	0.00397208	0.00179115167119
13	0.00649518873235	0.031	-0.0095	0.00409988	0.00183175599015
14	0.0069986975473	0.0309	-0.01	0.004159	0.00185016426194
15	0.00749821983885	0.0309	-0.0104999	0.00356485	0.00183452144346
16	0.00799794197929	0.0309	-0.011	0.0026188	0.00183096752514
17	0.00849756419528	0.0309	-0.0115	0.00191689	0.00180848698954
18	0.00899708648683	0.0309	-0.0119999	0.00152875	0.00195121490636
19	0.00950069522622	0.0308	-0.0125	0.00132943	0.00212786016328
20	0.0100041041167	0.0307	-0.0129999	0.00122834	0.0020961989207
21	0.0105037263327	0.0307	-0.0134999	0.00097657	0.00199635749148
22	0.0109994619498	0.0308	-0.0139999	0.000637058	0.0020022095403
23	0.0115068573637	0.0306	-0.0144999	0.000411035	0.00220768296026
24	0.0119910331083	0.031	-0.015	0.000316622	0.00238410522286
25	0.0124905553998	0.031	-0.0154999	0.00026417	0.00252359037852
26	0.0130096106106	0.0305	-0.0159999	0.000223161	0.00263002244918
27	0.0135131194256	0.0304	-0.0164999	0.000181199	0.00279208303421
28	0.0139855354488	0.0311	-0.0169999	0.000143052	0.00313180813439
29	0.0145162504565	0.0303	-0.0174999	0.000116349	0
30	0.0150158726725	0.0303	-0.0179999	9.44142e-05	0
31	0.0155193814874	0.0302	-0.0184999	7.91554e-05	0
32	0.0160190037034	0.0302	-0.0189999	6.96187e-05	0
33	0.0165225125184	0.0301	-0.0194999	6.00817e-05	0
34	0.0170260213333	0.03	-0.0199999	5.14986e-05	0
35	0.0175296300727	0.0299	-0.0205	4.38693e-05	0
36	0.0180252657653	0.03	-0.0209999	3.91009e-05	0
37	0.0185365477782	0.0297	-0.0214999	3.24252e-05	0
38	0.0190283967963	0.0299	-0.0219999	2.9564e-05	0
39	0.0194697200279	0.0314	-0.0224999	2.47956e-05	0
40	0.0199693422439	0.0314	-0.0229999	2.19346e-05	0
41	0.0205233768453	0.03	-0.0234999	1.90736e-05	0
42	0.02095304028	0.0318	-0.0239999	1.52589e-05	0
43	0.0214838552121	0.031	-0.0245	1.33515e-05	0
44	0.0219717177068	0.0313	-0.0249999	1.23978e-05	0
45	0.0225218657093	0.03	-0.0254999	9.5368e-06	0
46	0.0229826219357	0.031	-0.0259999	8.58313e-06	0
47	0.0235327699381	0.0297	-0.0264999	7.62945e-06	0
48	0.0240557117478	0.0291	-0.0269999	5.72208e-06	0
49	0.0245203545732	0.03	-0.0274999	5.72208e-06	0
0	0.0	0.031	-0.0029999	0.00553754	0.000505530468542
1	0.000495951051479	0.0311	-0.0035	0.00537923	0.00135026953976
2	0.000980333141517	0.0315	-0.0039999	0.00557283	0.00247630838852
3	0.00149892247505	0.031	-0.0044999	0.00340797	0.00275614473508
4	0.00199856330007	0.031	-0.0049999	0.00633386	0.00150079301023
5	0.00249451435155	0.0311	-0.0055	0.0147515	0.00180059849764
6	0.00299784495011	0.031	-0.0059999	0.016203	0.00174660897453
7	0.00349748577513	0.031	-0.0064999	0.0130511	0.00168271859452
8	0.00399712660015	0.031	-0.0069999	0.00916392	0.0016912776858
9	0.00449686735333	0.031	-0.0075	0.0065842	0.00180449590207
10	0.00499650817835	0.031	-0.008	0.00522235	0.00182831514775
11	0.0054960490752	0.031	-0.0084999	0.00439551	0.00176378101853
12	0.00599568990022	0.031	-0.0089999	0.00397208	0.00179115167119
13	0.0064954306534	0.031	-0.0095	0.00409988	0.00183175599015
14	0.00699886118012	0.0309	-0.01	0.004159	0.00185016426194
15	0.00749840207698	0.0309	-0.0104999	0.00356485	0.00183452144346
16	0.00799814283016	0.0309	-0.011	0.0026188	0.00183096752514
17	0.00849778365518	0.0309	-0.0115	0.00191689	0.00180848698954
18	0.00899732455203	0.0309	-0.0119999	0.00152875	0.00195121490636
19	0.00950085500692	0.0308	-0.0125	0.00132943	0.00212786016328
20	0.0100041856055	0.0307	-0.0129999	0.00122834	0.0020961989207
21	0.0105038264305	0.0307	-0.0134999	0.00097657	0.00199635749148
22	0.0109996775538	0.0308	-0.0139999	0.000637058	0.0020022095403
23	0.0115068977822	0.0306	-0.0144999	0.000411035	0.00220768296026
24	0.0119914797286	0.031	-0.015	0.000316622	0.00238410522286
25	0.0124910206255	0.031	-0.0154999	0.00026417	0.00252359037852
26	0.013009609959	0.0305	-0.0159999	0.000223161	0.00263002244918
27	0.0135130404857	0.0304	-0.0164999	0.000181199	0.00279208303421
28	0.0139861533988	0.0311	-0.0169999	0.000143052	0.00313180813439
29	0.0145161118375	0.0303	-0.0174999	0.000116349	0
30	0.0150157526625	0.0303	-0.0179999	9.44142e-05	0
31	0.0155191831892	0.0302	-0.0184999	7.91554e-05	0
32	0.0160188240142	0.0302	-0.0189999	6.96187e-05	0
33	0.0165222545409	0.0301	-0.0194999	6.00817e-05	0
34	0.0170256850677	0.03	-0.0199999	5.14986e-05	0
35	0.0175292155225	0.0299	-0.0205	4.38693e-05	0
36	0.0180249667177	0.03	-0.0209999	3.91009e-05	0
37	0.0185359766478	0.0297	-0.0214999	3.24252e-05	0
38	0.0190280380694	0.0299	-0.0219999	2.9564e-05	0
39	0.0194708333689	0.0314	-0.0224999	2.47956e-05	0
40	0.0199704741939	0.0314	-0.0229999	2.19346e-05	0
41	0.0205231708428	0.03	-0.0234999	1.90736e-05	0
42	0.0209545970371	0.0318	-0.0239999	1.52589e-05	0
43	0.0214846554039	0.031	-0.0245	1.33515e-05	0
44	0.0219728271957	0.0313	-0.0249999	1.23978e-05	0
45	0.0225217341429	0.03	-0.0254999	9.5368e-06	0
46	0.0229834779508	0.031	-0.0259999	8.58313e-06	0
47	0.023532384898	0.0297	-0.0264999	7.62945e-06	0
48	0.0240547639332	0.0291	-0.0269999	5.72208e-06	0
49	0.0245202974429	0.03	-0.0274999	5.72208e-06	0
50	0.0250047794611	0.0304	-0.0279999	4.7684e-06	0
