Your comment line - do NOT delete this line
Col 0: Axis index
Col 1: S_path [m]
Col 2: Max voltage X-pos[m]
Col 3: Max voltage Y-pos[m]
Col 4: Max voltage [V]
Col 5: Full width half maximum (FWHM) [m]

Col 0	Col 1	Col 2	Col 3	Col 4	Col 5
0	0	0.0315	-0.013	0.00102366	0.0014692092297
0	0.0	0.0315	-0.013	0.00102366	0.0014692092297
1	0.000538423634325	0.0313	-0.0134999	0.00110698	0.00135340387523
0	0.0	0.0315	-0.013	0.00102366	0.0014692092297
1	0.000524412738901	0.0313	-0.0134999	0.00110698	0.00135340387523
2	0.00101108385131	0.03135	-0.0139999	0.000582222	0.0013934266373
0	0.0	0.0315	-0.013	0.00102366	0.0014692092297
1	0.000509395594794	0.0313	-0.0134999	0.00110698	0.00135340387523
2	0.00100621820536	0.03135	-0.0139999	0.000582222	0.0013934266373
3	0.00150304081593	0.0314	-0.0144999	0.000252845	0.00144422228703
0	0.0	0.0315	-0.013	0.00102366	0.0014692092297
1	0.000507548793589	0.0313	-0.0134999	0.00110698	0.00135340387523
2	0.00100512959573	0.03135	-0.0139999	0.000582222	0.0013934266373
3	0.00150271039786	0.0314	-0.0144999	0.000252845	0.00144422228703
4	0.00200431836413	0.03135	-0.0149999	0.000221134	0.00139180787604
0	0.0	0.0315	-0.013	0.00102366	0.0014692092297
1	0.000503270662613	0.0313	-0.0134999	0.00110698	0.00135340387523
2	0.0010023352845	0.03135	-0.0139999	0.000582222	0.0013934266373
3	0.00150139990638	0.0314	-0.0144999	0.000252845	0.00144422228703
4	0.00200218693862	0.03135	-0.0149999	0.000221134	0.00139180787604
5	0.00250135154567	0.0314	-0.0155	0.000311019	0.00150988836286
0	0.0	0.0315	-0.013	0.00102366	0.0014692092297
1	0.000501320080845	0.0313	-0.0134999	0.00110698	0.00135340387523
2	0.00100094902018	0.03135	-0.0139999	0.000582222	0.0013934266373
3	0.00150057795951	0.0314	-0.0144999	0.000252845	0.00144422228703
4	0.00200092335442	0.03135	-0.0149999	0.000221134	0.00139180787604
5	0.00250065229118	0.0314	-0.0155	0.000311019	0.00150988836286
6	0.00300053946087	0.0314	-0.0159999	0.000272037	0.00149816202706
0	0.0	0.0315	-0.013	0.00102366	0.0014692092297
1	0.000498697255701	0.0313	-0.0134999	0.00110698	0.00135340387523
2	0.000998986807359	0.03135	-0.0139999	0.000582222	0.0013934266373
3	0.00149927635902	0.0314	-0.0144999	0.000252845	0.00144422228703
4	0.00199896899158	0.03135	-0.0149999	0.000221134	0.00139180787604
5	0.00249935854146	0.0314	-0.0155	0.000311019	0.00150988836286
6	0.00299924963535	0.0314	-0.0159999	0.000272037	0.00149816202706
7	0.00349963918523	0.03145	-0.0165	0.000165702	0.00150790350823
0	0.0	0.0315	-0.013	0.00102366	0.0014692092297
1	0.000497528128991	0.0313	-0.0134999	0.00110698	0.00135340387523
2	0.00099807840216	0.03135	-0.0139999	0.000582222	0.0013934266373
3	0.00149862867533	0.0314	-0.0144999	0.000252845	0.00144422228703
4	0.00199801008809	0.03135	-0.0149999	0.000221134	0.00139180787604
5	0.00249866035443	0.0314	-0.0155	0.000311019	0.00150988836286
6	0.00299852620423	0.0314	-0.0159999	0.000272037	0.00149816202706
7	0.00349917647057	0.03145	-0.0165	0.000165702	0.00150790350823
8	0.00399904232037	0.03145	-0.0169999	0.000113488	0.00152151927052
0	0.0	0.0315	-0.013	0.00102366	0.0014692092297
1	0.000495921640503	0.0313	-0.0134999	0.00110698	0.00135340387523
2	0.000996798363911	0.03135	-0.0139999	0.000582222	0.0013934266373
3	0.00149767508732	0.0314	-0.0144999	0.000252845	0.00144422228703
4	0.00199660977002	0.03135	-0.0149999	0.000221134	0.00139180787604
5	0.00249758647457	0.0314	-0.0155	0.000311019	0.00150988836286
6	0.00299739219649	0.0314	-0.0159999	0.000272037	0.00149816202706
7	0.00349836890104	0.03145	-0.0165	0.000165702	0.00150790350823
8	0.00399817462295	0.03145	-0.0169999	0.000113488	0.00152151927052
9	0.00449905134636	0.0315	-0.0174999	7.92746e-05	0.00152121327627
0	0.0	0.0315	-0.013	0.00102366	0.0014692092297
1	0.000497122898457	0.0313	-0.0134999	0.00110698	0.00135340387523
2	0.000997758925893	0.03135	-0.0139999	0.000582222	0.0013934266373
3	0.00149839495333	0.0314	-0.0144999	0.000252845	0.00144422228703
4	0.00199766572545	0.03135	-0.0149999	0.000221134	0.00139180787604
5	0.00249840174356	0.0314	-0.0155	0.000311019	0.00150988836286
6	0.00299825515266	0.0314	-0.0159999	0.000272037	0.00149816202706
7	0.00349899117077	0.03145	-0.0165	0.000165702	0.00150790350823
8	0.00399884457987	0.03145	-0.0169999	0.000113488	0.00152151927052
9	0.00449948060731	0.0315	-0.0174999	7.92746e-05	0.00152121327627
10	0.00499806875176	0.0314	-0.0179999	6.42543e-05	0.00155319838249
0	0.0	0.0315	-0.013	0.00102366	0.0014692092297
1	0.000497123728697	0.0313	-0.0134999	0.00110698	0.00135340387523
2	0.000997759582823	0.03135	-0.0139999	0.000582222	0.0013934266373
3	0.00149839543695	0.0314	-0.0144999	0.000252845	0.00144422228703
4	0.00199766643718	0.03135	-0.0149999	0.000221134	0.00139180787604
5	0.00249840228199	0.0314	-0.0155	0.000311019	0.00150988836286
6	0.00299825571848	0.0314	-0.0159999	0.000272037	0.00149816202706
7	0.00349899156329	0.03145	-0.0165	0.000165702	0.00150790350823
8	0.00399884499978	0.03145	-0.0169999	0.000113488	0.00152151927052
9	0.00449948085391	0.0315	-0.0174999	7.92746e-05	0.00152121327627
10	0.00499806942719	0.0314	-0.0179999	6.42543e-05	0.00155319838249
11	0.00549870528131	0.03145	-0.0184999	6.05586e-05	0.00149115502731
0	0.0	0.0315	-0.013	0.00102366	0.0014692092297
1	0.000497217291968	0.0313	-0.0134999	0.00110698	0.00135340387523
2	0.000997833552527	0.03135	-0.0139999	0.000582222	0.0013934266373
3	0.00149844981309	0.0314	-0.0144999	0.000252845	0.00144422228703
4	0.00199774648273	0.03135	-0.0149999	0.000221134	0.00139180787604
5	0.00249846273458	0.0314	-0.0155	0.000311019	0.00150988836286
6	0.00299831920839	0.0314	-0.0159999	0.000272037	0.00149816202706
7	0.00349903546024	0.03145	-0.0165	0.000165702	0.00150790350823
8	0.00399889193405	0.03145	-0.0169999	0.000113488	0.00152151927052
9	0.00449950819461	0.0315	-0.0174999	7.92746e-05	0.00152121327627
10	0.00499814506879	0.0314	-0.0179999	6.42543e-05	0.00155319838249
11	0.00549876132935	0.03145	-0.0184999	6.05586e-05	0.00149115502731
12	0.00599871779445	0.03145	-0.0189999	5.03066e-05	0.00155595879465
0	0.0	0.0315	-0.013	0.00102366	0.0014692092297
1	0.000494351919272	0.0313	-0.0134999	0.00110698	0.00135340387523
2	0.000995513788354	0.03135	-0.0139999	0.000582222	0.0013934266373
3	0.00149667565743	0.0314	-0.0144999	0.000252845	0.00144422228703
4	0.00199515353218	0.03135	-0.0149999	0.000221134	0.00139180787604
5	0.00249641536524	0.0314	-0.0155	0.000311019	0.00150988836286
6	0.00299613527318	0.0314	-0.0159999	0.000272037	0.00149816202706
7	0.00349739710623	0.03145	-0.0165	0.000165702	0.00150790350823
8	0.00399711701417	0.03145	-0.0169999	0.000113488	0.00152151927052
9	0.00449827888325	0.0315	-0.0174999	7.92746e-05	0.00152121327627
10	0.00499541476083	0.0314	-0.0179999	6.42543e-05	0.00155319838249
11	0.00549657662992	0.03145	-0.0184999	6.05586e-05	0.00149115502731
12	0.00599639650183	0.03145	-0.0189999	5.03066e-05	0.00155595879465
13	0.00650292635958	0.0317	-0.0194999	3.65975e-05	0.00165223937613
0	0.0	0.0315	-0.013	0.00102366	0.0014692092297
1	0.000495795362101	0.0313	-0.0134999	0.00110698	0.00135340387523
2	0.000996696237223	0.03135	-0.0139999	0.000582222	0.0013934266373
3	0.00149759711234	0.0314	-0.0144999	0.000252845	0.00144422228703
4	0.00199649577424	0.03135	-0.0149999	0.000221134	0.00139180787604
5	0.00249749662932	0.0314	-0.0155	0.000311019	0.00150988836286
6	0.00299729641787	0.0314	-0.0159999	0.000272037	0.00149816202706
7	0.00349829727295	0.03145	-0.0165	0.000165702	0.00150790350823
8	0.0039980970615	0.03145	-0.0169999	0.000113488	0.00152151927052
9	0.00449899793662	0.0315	-0.0174999	7.92746e-05	0.00152121327627
10	0.0049968954919	0.0314	-0.0179999	6.42543e-05	0.00155319838249
11	0.00549779636703	0.03145	-0.0184999	6.05586e-05	0.00149115502731
12	0.00599769613553	0.03145	-0.0189999	5.03066e-05	0.00155595879465
13	0.00650260143711	0.0317	-0.0194999	3.65975e-05	0.00165223937613
14	0.00699649456594	0.0314	-0.0199999	2.40804e-05	0.00147425372091
0	0.0	0.0315	-0.013	0.00102366	0.0014692092297
1	0.000494989077933	0.0313	-0.0134999	0.00110698	0.00135340387523
2	0.000996039122959	0.03135	-0.0139999	0.000582222	0.0013934266373
3	0.00149708916799	0.0314	-0.0144999	0.000252845	0.00144422228703
4	0.0019957548148	0.03135	-0.0149999	0.000221134	0.00139180787604
5	0.0024969048314	0.0314	-0.0155	0.000311019	0.00150988836286
6	0.00299666270575	0.0314	-0.0159999	0.000272037	0.00149816202706
7	0.00349781272235	0.03145	-0.0165	0.000165702	0.00150790350823
8	0.0039975705967	0.03145	-0.0169999	0.000113488	0.00152151927052
9	0.00449862064173	0.0315	-0.0174999	7.92746e-05	0.00152121327627
10	0.00499609408944	0.0314	-0.0179999	6.42543e-05	0.00155319838249
11	0.00549714413446	0.03145	-0.0184999	6.05586e-05	0.00149115502731
12	0.00599700198039	0.03145	-0.0189999	5.03066e-05	0.00155595879465
13	0.00650282082183	0.0317	-0.0194999	3.65975e-05	0.00165223937613
14	0.00699552547312	0.0314	-0.0199999	2.40804e-05	0.00147425372091
15	0.00750025208703	0.0316	-0.0205	1.66894e-05	0
0	0.0	0.0315	-0.013	0.00102366	0.0014692092297
1	0.000494531668104	0.0313	-0.0134999	0.00110698	0.00135340387523
2	0.000995662524399	0.03135	-0.0139999	0.000582222	0.0013934266373
3	0.00149679338069	0.0314	-0.0144999	0.000252845	0.00144422228703
4	0.00199532454819	0.03135	-0.0149999	0.000221134	0.00139180787604
5	0.00249655537069	0.0314	-0.0155	0.000311019	0.00150988836286
6	0.00299628641639	0.0314	-0.0159999	0.000272037	0.00149816202706
7	0.00349751723888	0.03145	-0.0165	0.000165702	0.00150790350823
8	0.00399724828458	0.03145	-0.0169999	0.000113488	0.00152151927052
9	0.00449837914087	0.0315	-0.0174999	7.92746e-05	0.00152121327627
10	0.00499561046397	0.0314	-0.0179999	6.42543e-05	0.00155319838249
11	0.00549674132027	0.03145	-0.0184999	6.05586e-05	0.00149115502731
12	0.00599657233217	0.03145	-0.0189999	5.03066e-05	0.00155595879465
13	0.00650290256605	0.0317	-0.0194999	3.65975e-05	0.00165223937613
14	0.00699493451156	0.0314	-0.0199999	2.40804e-05	0.00147425372091
15	0.00750006486725	0.0316	-0.0205	1.66894e-05	0
16	0.00799989587915	0.0316	-0.021	1.54973e-05	0
0	0.0	0.0315	-0.013	0.00102366	0.0014692092297
1	0.000496159607656	0.0313	-0.0134999	0.00110698	0.00135340387523
2	0.000996990229567	0.03135	-0.0139999	0.000582222	0.0013934266373
3	0.00149782085148	0.0314	-0.0144999	0.000252845	0.00144422228703
4	0.001996823061	0.03135	-0.0149999	0.000221134	0.00139180787604
5	0.0024977536662	0.0314	-0.0155	0.000311019	0.00150988836286
6	0.00299757009863	0.0314	-0.0159999	0.000272037	0.00149816202706
7	0.00349850070382	0.03145	-0.0165	0.000165702	0.00150790350823
8	0.00399831713626	0.03145	-0.0169999	0.000113488	0.00152151927052
9	0.00449914775817	0.0315	-0.0174999	7.92746e-05	0.00152121327627
10	0.0049972357615	0.0314	-0.0179999	6.42543e-05	0.00155319838249
11	0.00549806638341	0.03145	-0.0184999	6.05586e-05	0.00149115502731
12	0.00599798279913	0.03145	-0.0189999	5.03066e-05	0.00155595879465
13	0.00650247024582	0.0317	-0.0194999	3.65975e-05	0.00165223937613
14	0.00699690142437	0.0314	-0.0199999	2.40804e-05	0.00147425372091
15	0.00750057464814	0.0316	-0.0205	1.66894e-05	0
16	0.00800049106386	0.0316	-0.021	1.54973e-05	0
17	0.00849573646532	0.03135	-0.0214999	1.27555e-05	0
0	0.0	0.0315	-0.013	0.00102366	0.0014692092297
1	0.000494044575639	0.0313	-0.0134999	0.00110698	0.00135340387523
2	0.000995258509779	0.03135	-0.0139999	0.000582222	0.0013934266373
3	0.00149647244392	0.0314	-0.0144999	0.000252845	0.00144422228703
4	0.00199485861866	0.03135	-0.0149999	0.000221134	0.00139180787604
5	0.00249617251281	0.0314	-0.0155	0.000311019	0.00150988836286
6	0.00299587260724	0.0314	-0.0159999	0.000272037	0.00149816202706
7	0.00349718650139	0.03145	-0.0165	0.000165702	0.00150790350823
8	0.00399688659583	0.03145	-0.0169999	0.000113488	0.00152151927052
9	0.00449810052997	0.0315	-0.0174999	7.92746e-05	0.00152121327627
10	0.00499507282501	0.0314	-0.0179999	6.42543e-05	0.00155319838249
11	0.00549628675915	0.03145	-0.0184999	6.05586e-05	0.00149115502731
12	0.00599608681359	0.03145	-0.0189999	5.03066e-05	0.00155595879465
13	0.00650295626652	0.0317	-0.0194999	3.65975e-05	0.00165223937613
14	0.00699427304278	0.0314	-0.0199999	2.40804e-05	0.00147425372091
15	0.00749982857602	0.0316	-0.0205	1.66894e-05	0
16	0.00799962863046	0.0316	-0.021	1.54973e-05	0
17	0.00849225932641	0.03135	-0.0214999	1.27555e-05	0
18	0.00900619817783	0.03185	-0.0219999	1.26362e-05	0
0	0.0	0.0315	-0.013	0.00102366	0.0014692092297
1	0.00049591977147	0.0313	-0.0134999	0.00110698	0.00135340387523
2	0.00099679685392	0.03135	-0.0139999	0.000582222	0.0013934266373
3	0.00149767393637	0.0314	-0.0144999	0.000252845	0.00144422228703
4	0.00199660808688	0.03135	-0.0149999	0.000221134	0.00139180787604
5	0.00249758515045	0.0314	-0.0155	0.000311019	0.00150988836286
6	0.0029973907858	0.0314	-0.0159999	0.000272037	0.00149816202706
7	0.00349836784938	0.03145	-0.0165	0.000165702	0.00150790350823
8	0.00399817348473	0.03145	-0.0169999	0.000113488	0.00152151927052
9	0.00449905056718	0.0315	-0.0174999	7.92746e-05	0.00152121327627
10	0.00499701325172	0.0314	-0.0179999	6.42543e-05	0.00155319838249
11	0.00549789033417	0.03145	-0.0184999	6.05586e-05	0.00149115502731
12	0.00599779595065	0.03145	-0.0189999	5.03066e-05	0.00155595879465
13	0.00650255889698	0.0317	-0.0194999	3.65975e-05	0.00165223937613
14	0.00699663571763	0.0314	-0.0199999	2.40804e-05	0.00147425372091
15	0.00750052717912	0.0316	-0.0205	1.66894e-05	0
16	0.0080004327956	0.0316	-0.021	1.54973e-05	0
17	0.0084953811011	0.03135	-0.0214999	1.27555e-05	0
18	0.00900500137729	0.03185	-0.0219999	1.26362e-05	0
19	0.00949432084921	0.0313	-0.0225	1.12057e-05	0
0	0.0	0.0315	-0.013	0.00102366	0.0014692092297
1	0.000497603961239	0.0313	-0.0134999	0.00110698	0.00135340387523
2	0.000998137926454	0.03135	-0.0139999	0.000582222	0.0013934266373
3	0.00149867189167	0.0314	-0.0144999	0.000252845	0.00144422228703
4	0.00199807385273	0.03135	-0.0149999	0.000221134	0.00139180787604
5	0.00249870781154	0.0314	-0.0155	0.000311019	0.00150988836286
6	0.00299857578109	0.0314	-0.0159999	0.000272037	0.00149816202706
7	0.00349920973989	0.03145	-0.0165	0.000165702	0.00150790350823
8	0.00399907770944	0.03145	-0.0169999	0.000113488	0.00152151927052
9	0.00449961167465	0.0315	-0.0174999	7.92746e-05	0.00152121327627
10	0.00499844763364	0.0314	-0.0179999	6.42543e-05	0.00155319838249
11	0.00549898159885	0.03145	-0.0184999	6.05586e-05	0.00149115502731
12	0.00599894956199	0.03145	-0.0189999	5.03066e-05	0.00155595879465
13	0.00650174753552	0.0317	-0.0194999	3.65975e-05	0.00165223937613
14	0.00699831948619	0.0314	-0.0199999	2.40804e-05	0.00147425372091
15	0.00750065145123	0.0316	-0.0205	1.66894e-05	0
16	0.00800061941437	0.0316	-0.021	1.54973e-05	0
17	0.00849765737353	0.03135	-0.0214999	1.27555e-05	0
18	0.00900328535744	0.03185	-0.0219999	1.26362e-05	0
19	0.00949712729133	0.0313	-0.0225	1.12057e-05	0
20	0.00999642925879	0.03125	-0.0229999	8.82155e-06	0
0	0.0	0.0315	-0.013	0.00102366	0.0014692092297
1	0.000498150469354	0.0313	-0.0134999	0.00110698	0.00135340387523
2	0.000998564448558	0.03135	-0.0139999	0.000582222	0.0013934266373
3	0.00149897842776	0.0314	-0.0144999	0.000252845	0.00144422228703
4	0.00199852700153	0.03135	-0.0149999	0.000221134	0.00139180787604
5	0.00249904097699	0.0314	-0.0155	0.000311019	0.00150988836286
6	0.00299892225722	0.0314	-0.0159999	0.000272037	0.00149816202706
7	0.00349943623268	0.03145	-0.0165	0.000165702	0.00150790350823
8	0.00399931751291	0.03145	-0.0169999	0.000113488	0.00152151927052
9	0.00449973149211	0.0315	-0.0174999	7.92746e-05	0.00152121327627
10	0.00499884736316	0.0314	-0.0179999	6.42543e-05	0.00155319838249
11	0.00549926134236	0.03145	-0.0184999	6.05586e-05	0.00149115502731
12	0.00599924261885	0.03145	-0.0189999	5.03066e-05	0.00155595879465
13	0.00650138740893	0.0317	-0.0194999	3.65975e-05	0.00165223937613
14	0.0069987724691	0.0314	-0.0199999	2.40804e-05	0.00147425372091
15	0.00750058455271	0.0316	-0.0205	1.66894e-05	0
16	0.0080005658292	0.0316	-0.021	1.54973e-05	0
17	0.00849828359583	0.03135	-0.0214999	1.27555e-05	0
18	0.00900259189951	0.03185	-0.0219999	1.26362e-05	0
19	0.00949791344234	0.0313	-0.0225	1.12057e-05	0
20	0.00999736201985	0.03125	-0.0229999	8.82155e-06	0
21	0.0104986414045	0.0314	-0.0234999	7.2718e-06	0
0	0.0	0.0315	-0.013	0.00102366	0.0014692092297
1	0.000498139303362	0.0313	-0.0134999	0.00110698	0.00135340387523
2	0.000998555777573	0.03135	-0.0139999	0.000582222	0.0013934266373
3	0.00149897225178	0.0314	-0.0144999	0.000252845	0.00144422228703
4	0.00199851785614	0.03135	-0.0149999	0.000221134	0.00139180787604
5	0.00249903432656	0.0314	-0.0155	0.000311019	0.00150988836286
6	0.00299891536963	0.0314	-0.0159999	0.000272037	0.00149816202706
7	0.00349943184005	0.03145	-0.0165	0.000165702	0.00150790350823
8	0.00399931288313	0.03145	-0.0169999	0.000113488	0.00152151927052
9	0.00449972935734	0.0315	-0.0174999	7.92746e-05	0.00152121327627
10	0.00499883952676	0.0314	-0.0179999	6.42543e-05	0.00155319838249
11	0.00549925600098	0.03145	-0.0184999	6.05586e-05	0.00149115502731
12	0.00599923704026	0.03145	-0.0189999	5.03066e-05	0.00155595879465
13	0.00650139525418	0.0317	-0.0194999	3.65975e-05	0.00165223937613
14	0.0069987636839	0.0314	-0.0199999	2.40804e-05	0.00147425372091
15	0.0075005864591	0.0316	-0.0205	1.66894e-05	0
16	0.00800056749838	0.0316	-0.021	1.54973e-05	0
17	0.00849827136682	0.03135	-0.0214999	1.27555e-05	0
18	0.00900260675538	0.03185	-0.0219999	1.26362e-05	0
19	0.00949789800666	0.0313	-0.0225	1.12057e-05	0
20	0.00999734361481	0.03125	-0.0229999	8.82155e-06	0
21	0.0104986309589	0.0314	-0.0234999	7.2718e-06	0
22	0.010999482868	0.0315	-0.0239999	7.62945e-06	0
0	0.0	0.0315	-0.013	0.00102366	0.0014692092297
1	0.000497118922928	0.0313	-0.0134999	0.00110698	0.00135340387523
2	0.000997755780111	0.03135	-0.0139999	0.000582222	0.0013934266373
3	0.00149839263729	0.0314	-0.0144999	0.000252845	0.00144422228703
4	0.00199766231704	0.03135	-0.0149999	0.000221134	0.00139180787604
5	0.00249839916487	0.0314	-0.0155	0.000311019	0.00150988836286
6	0.00299825244268	0.0314	-0.0159999	0.000272037	0.00149816202706
7	0.00349898929052	0.03145	-0.0165	0.000165702	0.00150790350823
8	0.00399884256832	0.03145	-0.0169999	0.000113488	0.00152151927052
9	0.00449947942551	0.0315	-0.0174999	7.92746e-05	0.00152121327627
10	0.00499806551653	0.0314	-0.0179999	6.42543e-05	0.00155319838249
11	0.00549870237371	0.03145	-0.0184999	6.05586e-05	0.00149115502731
12	0.00599865564217	0.03145	-0.0189999	5.03066e-05	0.00155595879465
13	0.00650202685424	0.0317	-0.0194999	3.65975e-05	0.00165223937613
14	0.00699787859038	0.0314	-0.0199999	2.40804e-05	0.00147425372091
15	0.00750066620438	0.0316	-0.0205	1.66894e-05	0
16	0.00800061947284	0.0316	-0.021	1.54973e-05	0
17	0.00849705480705	0.03135	-0.0214999	1.27555e-05	0
18	0.00900384396271	0.03185	-0.0219999	1.26362e-05	0
19	0.0094963777459	0.0313	-0.0225	1.12057e-05	0
20	0.00999554743499	0.03125	-0.0229999	8.82155e-06	0
21	0.0104975514696	0.0314	-0.0234999	7.2718e-06	0
22	0.0109988719155	0.0315	-0.0239999	7.62945e-06	0
23	0.0115022431276	0.03175	-0.0244999	7.74866e-06	0
0	0.0	0.0315	-0.013	0.00102366	0.0014692092297
1	0.000496727894756	0.0313	-0.0134999	0.00110698	0.00135340387523
2	0.000997445278424	0.03135	-0.0139999	0.000582222	0.0013934266373
3	0.00149816266209	0.0314	-0.0144999	0.000252845	0.00144422228703
4	0.00199732424535	0.03135	-0.0149999	0.000221134	0.00139180787604
5	0.00249814161692	0.0314	-0.0155	0.000311019	0.00150988836286
6	0.00299798111249	0.0314	-0.0159999	0.000272037	0.00149816202706
7	0.00349879848405	0.03145	-0.0165	0.000165702	0.00150790350823
8	0.00399863797962	0.03145	-0.0169999	0.000113488	0.00152151927052
9	0.00449935536329	0.0315	-0.0174999	7.92746e-05	0.00152121327627
10	0.00499773904635	0.0314	-0.0179999	6.42543e-05	0.00155319838249
11	0.00549845643002	0.03145	-0.0184999	6.05586e-05	0.00149115502731
12	0.00599839591348	0.03145	-0.0189999	5.03066e-05	0.00155595879465
13	0.00650222489796	0.0317	-0.0194999	3.65975e-05	0.00165223937613
14	0.00699749698021	0.0314	-0.0199999	2.40804e-05	0.00147425372091
15	0.00750064805238	0.0316	-0.0205	1.66894e-05	0
16	0.00800058753585	0.0316	-0.021	1.54973e-05	0
17	0.0084965375304	0.03135	-0.0214999	1.27555e-05	0
18	0.0090042560159	0.03185	-0.0219999	1.26362e-05	0
19	0.00949573858502	0.0313	-0.0225	1.12057e-05	0
20	0.00999480018039	0.03125	-0.0229999	8.82155e-06	0
21	0.0104970733645	0.0314	-0.0234999	7.2718e-06	0
22	0.0109985686483	0.0315	-0.0239999	7.62945e-06	0
23	0.0115023976328	0.03175	-0.0244999	7.74866e-06	0
24	0.0120007813159	0.03165	-0.0249999	6.31812e-06	0
0	0.0	0.0315	-0.013	0.00102366	0.0014692092297
1	0.000495730247796	0.0313	-0.0134999	0.00110698	0.00135340387523
2	0.000996643492331	0.03135	-0.0139999	0.000582222	0.0013934266373
3	0.00149755673687	0.0314	-0.0144999	0.000252845	0.00144422228703
4	0.00199643677444	0.03135	-0.0149999	0.000221134	0.00139180787604
5	0.0024974499983	0.0314	-0.0155	0.000311019	0.00150988836286
6	0.00299724666003	0.0314	-0.0159999	0.000272037	0.00149816202706
7	0.00349825988389	0.03145	-0.0165	0.000165702	0.00150790350823
8	0.00399805654561	0.03145	-0.0169999	0.000113488	0.00152151927052
9	0.00449896979015	0.0315	-0.0174999	7.92746e-05	0.00152121327627
10	0.00499683322424	0.0314	-0.0179999	6.42543e-05	0.00155319838249
11	0.00549774646877	0.03145	-0.0184999	6.05586e-05	0.00149115502731
12	0.00599764310983	0.03145	-0.0189999	5.03066e-05	0.00155595879465
13	0.00650262276829	0.0317	-0.0194999	3.65975e-05	0.00165223937613
14	0.00699641978845	0.0314	-0.0199999	2.40804e-05	0.00147425372091
15	0.00750048282276	0.0316	-0.0205	1.66894e-05	0
16	0.00800037946381	0.0316	-0.021	1.54973e-05	0
17	0.00849509310813	0.03135	-0.0214999	1.27555e-05	0
18	0.009005155784	0.03185	-0.0219999	1.26362e-05	0
19	0.00949396976608	0.0313	-0.0225	1.12057e-05	0
20	0.00999274982432	0.03125	-0.0229999	8.82155e-06	0
21	0.0104956962758	0.0314	-0.0234999	7.2718e-06	0
22	0.0109976261238	0.0315	-0.0239999	7.62945e-06	0
23	0.0115026057823	0.03175	-0.0244999	7.74866e-06	0
24	0.0120004692164	0.03165	-0.0249999	6.31812e-06	0
25	0.0125044322714	0.03185	-0.0254999	6.31812e-06	0
0	0.0	0.0315	-0.013	0.00102366	0.0014692092297
1	0.000495469061049	0.0313	-0.0134999	0.00110698	0.00135340387523
2	0.000996431348946	0.03135	-0.0139999	0.000582222	0.0013934266373
3	0.00149739363684	0.0314	-0.0144999	0.000252845	0.00144422228703
4	0.00199619862469	0.03135	-0.0149999	0.000221134	0.00139180787604
5	0.00249726088931	0.0314	-0.0155	0.000311019	0.00150988836286
6	0.00299704455046	0.0314	-0.0159999	0.000272037	0.00149816202706
7	0.00349810681508	0.03145	-0.0165	0.000165702	0.00150790350823
8	0.00399789047623	0.03145	-0.0169999	0.000113488	0.00152151927052
9	0.00449885276412	0.0315	-0.0174999	7.92746e-05	0.00152121327627
10	0.00499657910195	0.0314	-0.0179999	6.42543e-05	0.00155319838249
11	0.00549754138985	0.03145	-0.0184999	6.05586e-05	0.00149115502731
12	0.00599742502772	0.03145	-0.0189999	5.03066e-05	0.00155595879465
13	0.00650270191571	0.0317	-0.0194999	3.65975e-05	0.00165223937613
14	0.00699611365344	0.0314	-0.0199999	2.40804e-05	0.00147425372091
15	0.00750041186813	0.0316	-0.0205	1.66894e-05	0
16	0.00800029550601	0.0316	-0.021	1.54973e-05	0
17	0.00849468591703	0.03135	-0.0214999	1.27555e-05	0
18	0.00900535605514	0.03185	-0.0219999	1.26362e-05	0
19	0.00949347451948	0.0313	-0.0225	1.12057e-05	0
20	0.0099921795306	0.03125	-0.0229999	8.82155e-06	0
21	0.0104952991185	0.0314	-0.0234999	7.2718e-06	0
22	0.0109973400565	0.0315	-0.0239999	7.62945e-06	0
23	0.0115026169445	0.03175	-0.0244999	7.74866e-06	0
24	0.0120003432823	0.03165	-0.0249999	6.31812e-06	0
25	0.0125045415203	0.03185	-0.0254999	6.31812e-06	0
26	0.0130011892081	0.0317	-0.0259999	5.96049e-06	0
0	0.0	0.0315	-0.013	0.00102366	0.0014692092297
1	0.000496378982003	0.0313	-0.0134999	0.00110698	0.00135340387523
2	0.00099716641877	0.03135	-0.0139999	0.000582222	0.0013934266373
3	0.00149795385554	0.0314	-0.0144999	0.000252845	0.00144422228703
4	0.00199701790446	0.03135	-0.0149999	0.000221134	0.00139180787604
5	0.00249790532637	0.0314	-0.0155	0.000311019	0.00150988836286
6	0.00299773108407	0.0314	-0.0159999	0.000272037	0.00149816202706
7	0.00349861850599	0.03145	-0.0165	0.000165702	0.00150790350823
8	0.00399844426368	0.03145	-0.0169999	0.000113488	0.00152151927052
9	0.00449923170045	0.0315	-0.0174999	7.92746e-05	0.00152121327627
10	0.00499743405545	0.0314	-0.0179999	6.42543e-05	0.00155319838249
11	0.00549822149221	0.03145	-0.0184999	6.05586e-05	0.00149115502731
12	0.00599814723506	0.03145	-0.0189999	5.03066e-05	0.00155595879465
13	0.00650238144752	0.0317	-0.0194999	3.65975e-05	0.00165223937613
14	0.00699713702682	0.0314	-0.0199999	2.40804e-05	0.00147425372091
15	0.00750060953051	0.0316	-0.0205	1.66894e-05	0
16	0.00800053527335	0.0316	-0.021	1.54973e-05	0
17	0.00849605256143	0.03135	-0.0214999	1.27555e-05	0
18	0.00900459524351	0.03185	-0.0219999	1.26362e-05	0
19	0.00949514233835	0.0313	-0.0225	1.12057e-05	0
20	0.00999410640212	0.03125	-0.0229999	8.82155e-06	0
21	0.0104966172267	0.0314	-0.0234999	7.2718e-06	0
22	0.0109982663574	0.0315	-0.0239999	7.62945e-06	0
23	0.0115025005699	0.03175	-0.0244999	7.74866e-06	0
24	0.0120007029249	0.03165	-0.0249999	6.31812e-06	0
25	0.0125040754434	0.03185	-0.0254999	6.31812e-06	0
26	0.0130014161045	0.0317	-0.0259999	5.96049e-06	0
27	0.0134953099899	0.03135	-0.0264999	6.91417e-06	0
0	0.0	0.0315	-0.013	0.00102366	0.0014692092297
1	0.000495691943226	0.0313	-0.0134999	0.00110698	0.00135340387523
2	0.000996612437579	0.03135	-0.0139999	0.000582222	0.0013934266373
3	0.00149753293193	0.0314	-0.0144999	0.000252845	0.00144422228703
4	0.00199640199742	0.03135	-0.0149999	0.000221134	0.00139180787604
5	0.00249742247072	0.0314	-0.0155	0.000311019	0.00150988836286
6	0.00299721727169	0.0314	-0.0159999	0.000272037	0.00149816202706
7	0.003498237745	0.03145	-0.0165	0.000165702	0.00150790350823
8	0.00399803254596	0.03145	-0.0169999	0.000113488	0.00152151927052
9	0.00449895304031	0.0315	-0.0174999	7.92746e-05	0.00152121327627
10	0.00499679639136	0.0314	-0.0179999	6.42543e-05	0.00155319838249
11	0.00549771688572	0.03145	-0.0184999	6.05586e-05	0.00149115502731
12	0.00599761166563	0.03145	-0.0189999	5.03066e-05	0.00155595879465
13	0.00650263501772	0.0317	-0.0194999	3.65975e-05	0.00165223937613
14	0.00699637551104	0.0314	-0.0199999	2.40804e-05	0.00147425372091
15	0.00750047312765	0.0316	-0.0205	1.66894e-05	0
16	0.00800036790757	0.0316	-0.021	1.54973e-05	0
17	0.00849503413636	0.03135	-0.0214999	1.27555e-05	0
18	0.00900518606062	0.03185	-0.0219999	1.26362e-05	0
19	0.00949389796072	0.0313	-0.0225	1.12057e-05	0
20	0.00999266704725	0.03125	-0.0229999	8.82155e-06	0
21	0.0104956389705	0.0314	-0.0234999	7.2718e-06	0
22	0.0109975851793	0.0315	-0.0239999	7.62945e-06	0
23	0.0115026085313	0.03175	-0.0244999	7.74866e-06	0
24	0.0120004518824	0.03165	-0.0249999	6.31812e-06	0
25	0.0125044495201	0.03185	-0.0254999	6.31812e-06	0
26	0.0130012671567	0.0317	-0.0259999	5.96049e-06	0
27	0.0134939819355	0.03135	-0.0264999	6.91417e-06	0
28	0.0140041338598	0.03185	-0.0269999	8.10629e-06	0
0	0.0	0.0315	-0.013	0.00102366	0.0014692092297
1	0.000496378114514	0.0313	-0.0134999	0.00110698	0.00135340387523
2	0.000997165723354	0.03135	-0.0139999	0.000582222	0.0013934266373
3	0.00149795333219	0.0314	-0.0144999	0.000252845	0.00144422228703
4	0.00199701713736	0.03135	-0.0149999	0.000221134	0.00139180787604
5	0.00249790473134	0.0314	-0.0155	0.000311019	0.00150988836286
6	0.0029977304532	0.0314	-0.0159999	0.000272037	0.00149816202706
7	0.00349861804718	0.03145	-0.0165	0.000165702	0.00150790350823
8	0.00399844376905	0.03145	-0.0169999	0.000113488	0.00152151927052
9	0.00449923137788	0.0315	-0.0174999	7.92746e-05	0.00152121327627
10	0.00499743328121	0.0314	-0.0179999	6.42543e-05	0.00155319838249
11	0.00549822089005	0.03145	-0.0184999	6.05586e-05	0.00149115502731
12	0.00599814659706	0.03145	-0.0189999	5.03066e-05	0.00155595879465
13	0.00650238181324	0.0317	-0.0194999	3.65975e-05	0.00165223937613
14	0.00699713610923	0.0314	-0.0199999	2.40804e-05	0.00147425372091
15	0.00750060940872	0.0316	-0.0205	1.66894e-05	0
16	0.00800053511572	0.0316	-0.021	1.54973e-05	0
17	0.0084960513284	0.03135	-0.0214999	1.27555e-05	0
18	0.00900459605377	0.03185	-0.0219999	1.26362e-05	0
19	0.00949514082571	0.0313	-0.0225	1.12057e-05	0
20	0.00999410464573	0.03125	-0.0229999	8.82155e-06	0
21	0.0104966160582	0.0314	-0.0234999	7.2718e-06	0
22	0.0109982655689	0.0315	-0.0239999	7.62945e-06	0
23	0.0115025007851	0.03175	-0.0244999	7.74866e-06	0
24	0.0120007026884	0.03165	-0.0249999	6.31812e-06	0
25	0.0125040760028	0.03185	-0.0254999	6.31812e-06	0
26	0.0130014160043	0.0317	-0.0259999	5.96049e-06	0
27	0.0134953083984	0.03135	-0.0264999	6.91417e-06	0
28	0.0140038531238	0.03185	-0.0269999	8.10629e-06	0
29	0.0144960217143	0.0314	-0.0274999	8.46392e-06	0
0	0.0	0.0315	-0.013	0.00102366	0.0014692092297
1	0.000496832083756	0.0313	-0.0134999	0.00110698	0.00135340387523
2	0.000997528220726	0.03135	-0.0139999	0.000582222	0.0013934266373
3	0.0014982243577	0.0314	-0.0144999	0.000252845	0.00144422228703
4	0.00199741486885	0.03135	-0.0149999	0.000221134	0.00139180787604
5	0.00249821099448	0.0314	-0.0155	0.000311019	0.00150988836286
6	0.00299805432988	0.0314	-0.0159999	0.000272037	0.00149816202706
7	0.00349885045551	0.03145	-0.0165	0.000165702	0.00150790350823
8	0.00399869379091	0.03145	-0.0169999	0.000113488	0.00152151927052
9	0.00449938992788	0.0315	-0.0174999	7.92746e-05	0.00152121327627
10	0.00499782762612	0.0314	-0.0179999	6.42543e-05	0.00155319838249
11	0.00549852376309	0.03145	-0.0184999	6.05586e-05	0.00149115502731
12	0.00599846708715	0.03145	-0.0189999	5.03066e-05	0.00155595879465
13	0.00650217447576	0.0317	-0.0194999	3.65975e-05	0.00165223937613
14	0.00699760092236	0.0314	-0.0199999	2.40804e-05	0.00147425372091
15	0.00750065548672	0.0316	-0.0205	1.66894e-05	0
16	0.00800059881078	0.0316	-0.021	1.54973e-05	0
17	0.00849667808163	0.03135	-0.0214999	1.27555e-05	0
18	0.00900414953479	0.03185	-0.0219999	1.26362e-05	0
19	0.0094959119055	0.0313	-0.0225	1.12057e-05	0
20	0.00999500242799	0.03125	-0.0229999	8.82155e-06	0
21	0.0104972041908	0.0314	-0.0234999	7.2718e-06	0
22	0.0109986531407	0.0315	-0.0239999	7.62945e-06	0
23	0.0115023605293	0.03175	-0.0244999	7.74866e-06	0
24	0.0120007982275	0.03165	-0.0249999	6.31812e-06	0
25	0.0125037528032	0.03185	-0.0254999	6.31812e-06	0
26	0.0130014376885	0.0317	-0.0259999	5.96049e-06	0
27	0.0134961113222	0.03135	-0.0264999	6.91417e-06	0
28	0.0140035827754	0.03185	-0.0269999	8.10629e-06	0
29	0.0144967507833	0.0314	-0.0274999	8.46392e-06	0
30	0.0149975469089	0.03145	-0.028	7.74866e-06	0
