Your comment line - do NOT delete this line
Col 0: Axis index
Col 1: S_path [m]
Col 2: Max voltage X-pos[m]
Col 3: Max voltage Y-pos[m]
Col 4: Max voltage [V]
Col 5: Full width half maximum (FWHM) [m]

Col 0	Col 1	Col 2	Col 3	Col 4	Col 5
0	0	0.0318	-0.005	0.0153695	0.00201893047754
0	0.0	0.0318	-0.005	0.0153695	0.00201893047754
1	0.00064023433991	0.0314	-0.0054999	0.0149823	0.0020187137985
0	0.0	0.0318	-0.005	0.0153695	0.00201893047754
1	0.000608030443776	0.0314	-0.0054999	0.0149823	0.0020187137985
2	0.00105927660519	0.03145	-0.006	0.013423	0.00197999230585
0	0.0	0.0318	-0.005	0.0153695	0.00201893047754
1	0.000570988343607	0.0314	-0.0054999	0.0149823	0.0020187137985
2	0.00105037126956	0.03145	-0.006	0.013423	0.00197999230585
3	0.00153985643312	0.03145	-0.0065	0.0112725	0.00197005048634
0	0.0	0.0318	-0.005	0.0153695	0.00201893047754
1	0.000541735616525	0.0314	-0.0054999	0.0149823	0.0020187137985
2	0.0010330330124	0.03145	-0.006	0.013423	0.00197999230585
3	0.00152985737123	0.03145	-0.0065	0.0112725	0.00197005048634
4	0.00202105540224	0.0315	-0.007	0.00919729	0.00197590632728
0	0.0	0.0318	-0.005	0.0153695	0.00201893047754
1	0.000536801497984	0.0314	-0.0054999	0.0149823	0.0020187137985
2	0.00102956368991	0.03145	-0.006	0.013423	0.00197999230585
3	0.00152714173704	0.03145	-0.0065	0.0112725	0.00197005048634
4	0.00201980441335	0.0315	-0.007	0.00919729	0.00197590632728
5	0.0025272132021	0.0314	-0.0075	0.00765708	0.00198829292082
0	0.0	0.0318	-0.005	0.0153695	0.00201893047754
1	0.000519520200297	0.0314	-0.0054999	0.0149823	0.0020187137985
2	0.00101644543443	0.03145	-0.006	0.013423	0.00197999230585
3	0.00151580354244	0.03145	-0.0065	0.0112725	0.00197005048634
4	0.00201262890495	0.0315	-0.007	0.00919729	0.00197590632728
5	0.00251705250393	0.0314	-0.0075	0.00765708	0.00198829292082
6	0.00300871250385	0.03155	-0.0079999	0.00617889	0.00201428638189
0	0.0	0.0318	-0.005	0.0153695	0.00201893047754
1	0.000529141784623	0.0314	-0.0054999	0.0149823	0.0020187137985
2	0.00102392518193	0.03145	-0.006	0.013423	0.00197999230585
3	0.00152244862973	0.03145	-0.0065	0.0112725	0.00197005048634
4	0.00201713232234	0.0315	-0.007	0.00919729	0.00197590632728
5	0.00252333528052	0.0314	-0.0075	0.00765708	0.00198829292082
6	0.00301023975807	0.03155	-0.0079999	0.00617889	0.00201428638189
7	0.00353180173701	0.03125	-0.0084999	0.0053263	0.00201787551876
0	0.0	0.0318	-0.005	0.0153695	0.00201893047754
1	0.000519424017616	0.0314	-0.0054999	0.0149823	0.0020187137985
2	0.00101636858038	0.03145	-0.006	0.013423	0.00197999230585
3	0.0015157331814	0.03145	-0.0065	0.0112725	0.00197005048634
4	0.00201257787124	0.0315	-0.007	0.00919729	0.00197590632728
5	0.00251698229465	0.0314	-0.0075	0.00765708	0.00198829292082
6	0.00300868728919	0.03155	-0.0079999	0.00617889	0.00201428638189
7	0.00352317135735	0.03125	-0.0084999	0.0053263	0.00201787551876
8	0.00401003627536	0.0315	-0.009	0.004509	0.00201605508463
0	0.0	0.0318	-0.005	0.0153695	0.00201893047754
1	0.000509054446658	0.0314	-0.0054999	0.0149823	0.0020187137985
2	0.00100785841429	0.03145	-0.006	0.013423	0.00197999230585
3	0.00150772356724	0.03145	-0.0065	0.0112725	0.00197005048634
4	0.00200642756184	0.0315	-0.007	0.00919729	0.00197590632728
5	0.00250861503147	0.0314	-0.0075	0.00765708	0.00198829292082
6	0.00300489673636	0.03155	-0.0079999	0.00617889	0.00201428638189
7	0.00351172883937	0.03125	-0.0084999	0.0053263	0.00201787551876
8	0.00400588817363	0.0315	-0.009	0.004509	0.00201605508463
9	0.00450343100989	0.0316	-0.0095	0.00366499	0.00199927751434
0	0.0	0.0318	-0.005	0.0153695	0.00201893047754
1	0.000506420029608	0.0314	-0.0054999	0.0149823	0.0020187137985
2	0.00100562872062	0.03145	-0.006	0.013423	0.00197999230585
3	0.00150556090424	0.03145	-0.0065	0.0112725	0.00197005048634
4	0.00200466960882	0.0315	-0.007	0.00919729	0.00197590632728
5	0.00250624875055	0.0314	-0.0075	0.00765708	0.00198829292082
6	0.00300361051058	0.03155	-0.0079999	0.00617889	0.00201428638189
7	0.00350848356852	0.03125	-0.0084999	0.0053263	0.00201787551876
8	0.00400439834332	0.0315	-0.009	0.004509	0.00201605508463
9	0.00450268356884	0.0316	-0.0095	0.00366499	0.00199927751434
10	0.00500416272414	0.0315	-0.0099999	0.00275137	0.00199628981026
0	0.0	0.0318	-0.005	0.0153695	0.00201893047754
1	0.000509178690037	0.0314	-0.0054999	0.0149823	0.0020187137985
2	0.00100796291699	0.03145	-0.006	0.013423	0.00197999230585
3	0.00150782432806	0.03145	-0.0065	0.0112725	0.00197005048634
4	0.00200650858273	0.0315	-0.007	0.00919729	0.00197590632728
5	0.00250872430661	0.0314	-0.0075	0.00765708	0.00198829292082
6	0.00300495427618	0.03155	-0.0079999	0.00617889	0.00201428638189
7	0.00351187862569	0.03125	-0.0084999	0.0053263	0.00201787551876
8	0.00400595422702	0.0315	-0.009	0.004509	0.00201605508463
9	0.00450346132528	0.0316	-0.0095	0.00366499	0.00199927751434
10	0.00500557707688	0.0315	-0.0099999	0.00275137	0.00199628981026
11	0.00550896995717	0.03135	-0.0104999	0.00186349	0.00203679103222
0	0.0	0.0318	-0.005	0.0153695	0.00201893047754
1	0.000510527614464	0.0314	-0.0054999	0.0149823	0.0020187137985
2	0.00100909367424	0.03145	-0.006	0.013423	0.00197999230585
3	0.00150891104627	0.03145	-0.0065	0.0112725	0.00197005048634
4	0.00200737714257	0.0315	-0.007	0.00919729	0.00197590632728
5	0.00250989706608	0.0314	-0.0075	0.00765708	0.00198829292082
6	0.00300556064743	0.03155	-0.0079999	0.00617889	0.00201428638189
7	0.00351348567389	0.03125	-0.0084999	0.0053263	0.00201787551876
8	0.00400664663071	0.0315	-0.009	0.004509	0.00201605508463
9	0.00450376145127	0.0316	-0.0095	0.00366499	0.00199927751434
10	0.0050061814113	0.0315	-0.0099999	0.00275137	0.00199628981026
11	0.00551005261055	0.03135	-0.0104999	0.00186349	0.00203679103222
12	0.00600996994606	0.03135	-0.011	0.00131322	0.00208111544076
0	0.0	0.0318	-0.005	0.0153695	0.00201893047754
1	0.00051655539323	0.0314	-0.0054999	0.0149823	0.0020187137985
2	0.00101405836325	0.03145	-0.006	0.013423	0.00197999230585
3	0.00151360056262	0.03145	-0.0065	0.0112725	0.00197005048634
4	0.00201100362421	0.0315	-0.007	0.00919729	0.00197590632728
5	0.00251482409915	0.0314	-0.0075	0.00765708	0.00198829292082
6	0.00300784897672	0.03155	-0.0079999	0.00617889	0.00201428638189
7	0.00352022600282	0.03125	-0.0084999	0.0053263	0.00201787551876
8	0.00400917242169	0.0315	-0.009	0.004509	0.00201605508463
9	0.00450443634549	0.0316	-0.0095	0.00366499	0.00199927751434
10	0.005008156912	0.0315	-0.0099999	0.00275137	0.00199628981026
11	0.00551411652473	0.03135	-0.0104999	0.00186349	0.00203679103222
12	0.00601375863254	0.03135	-0.011	0.00131322	0.00208111544076
13	0.00652389661241	0.0311	-0.0114999	0.00101376	0.00210276246766
0	0.0	0.0318	-0.005	0.0153695	0.00201893047754
1	0.000518110681824	0.0314	-0.0054999	0.0149823	0.0020187137985
2	0.00101531521492	0.03145	-0.006	0.013423	0.00197999230585
3	0.00151476496125	0.03145	-0.0065	0.0112725	0.00197005048634
4	0.0020118696044	0.0315	-0.007	0.00919729	0.00197590632728
5	0.00251600955709	0.0314	-0.0075	0.00765708	0.00198829292082
6	0.00300832410392	0.03155	-0.0079999	0.00617889	0.00201428638189
7	0.00352184446933	0.03125	-0.0084999	0.0053263	0.00201787551876
8	0.00400966858971	0.0315	-0.009	0.004509	0.00201605508463
9	0.00450442812968	0.0316	-0.0095	0.00366499	0.00199927751434
10	0.00500846819242	0.0315	-0.0099999	0.00275137	0.00199628981026
11	0.00551495324829	0.03135	-0.0104999	0.00186349	0.00203679103222
12	0.00601450288456	0.03135	-0.011	0.00131322	0.00208111544076
13	0.00652557825685	0.0311	-0.0114999	0.00101376	0.00210276246766
14	0.00702033779681	0.0312	-0.0119999	0.000844005	0.00212491567266
0	0.0	0.0318	-0.005	0.0153695	0.00201893047754
1	0.000517093863587	0.0314	-0.0054999	0.0149823	0.0020187137985
2	0.00101449465619	0.03145	-0.006	0.013423	0.00197999230585
3	0.00151400586605	0.03145	-0.0065	0.0112725	0.00197005048634
4	0.00201130675641	0.0315	-0.007	0.00919729	0.00197590632728
5	0.00251523860526	0.0314	-0.0075	0.00765708	0.00198829292082
6	0.00300801895438	0.03155	-0.0079999	0.00617889	0.00201428638189
7	0.00352079208122	0.03125	-0.0084999	0.0053263	0.00201787551876
8	0.00400935159583	0.0315	-0.009	0.004509	0.00201605508463
9	0.00450444216669	0.0316	-0.0095	0.00366499	0.00199927751434
10	0.0050082741133	0.0315	-0.0099999	0.00275137	0.00199628981026
11	0.00551441628165	0.03135	-0.0104999	0.00186349	0.00203679103222
12	0.00601402739375	0.03135	-0.011	0.00131322	0.00208111544076
13	0.00652449029884	0.0311	-0.0114999	0.00101376	0.00210276246766
14	0.00701958086971	0.0312	-0.0119999	0.000844005	0.00212491567266
15	0.00751467144057	0.0313	-0.0124999	0.000715259	0.00213308403268
0	0.0	0.0318	-0.005	0.0153695	0.00201893047754
1	0.000518287209462	0.0314	-0.0054999	0.0149823	0.0020187137985
2	0.00101545722624	0.03145	-0.006	0.013423	0.00197999230585
3	0.00151489590729	0.03145	-0.0065	0.0112725	0.00197005048634
4	0.00201196603633	0.0315	-0.007	0.00919729	0.00197590632728
5	0.00251614182142	0.0314	-0.0075	0.00765708	0.00198829292082
6	0.00300837495868	0.03155	-0.0079999	0.00617889	0.00201428638189
7	0.00352202495184	0.03125	-0.0084999	0.0053263	0.00201787551876
8	0.00400972076055	0.0315	-0.009	0.004509	0.00201605508463
9	0.00450442233757	0.0316	-0.0095	0.00366499	0.00199927751434
10	0.00500849823492	0.0315	-0.0099999	0.00275137	0.00199628981026
11	0.00551504257203	0.03135	-0.0104999	0.00186349	0.00203679103222
12	0.00601458114082	0.03135	-0.011	0.00131322	0.00208111544076
13	0.00652576269423	0.0311	-0.0114999	0.00101376	0.00210276246766
14	0.00702046427125	0.0312	-0.0119999	0.000844005	0.00212491567266
15	0.00751516584827	0.0313	-0.0124999	0.000715259	0.00213308403268
16	0.00802171018537	0.03115	-0.0129999	0.000600819	0.00215136250149
0	0.0	0.0318	-0.005	0.0153695	0.00201893047754
1	0.000513501093859	0.0314	-0.0054999	0.0149823	0.0020187137985
2	0.00101156102056	0.03145	-0.006	0.013423	0.00197999230585
3	0.00151125890171	0.03145	-0.0065	0.0112725	0.00197005048634
4	0.00200921888884	0.0315	-0.007	0.00919729	0.00197590632728
5	0.00251239255806	0.0314	-0.0075	0.00765708	0.00198829292082
6	0.00300677681754	0.03155	-0.0079999	0.00617889	0.00201428638189
7	0.0035169020629	0.03125	-0.0084999	0.0053263	0.00201787551876
8	0.00400801041346	0.0315	-0.009	0.004509	0.00201605508463
9	0.00450423250655	0.0316	-0.0095	0.00366499	0.00199927751434
10	0.0050073062362	0.0315	-0.0099999	0.00275137	0.00199628981026
11	0.00551221779946	0.03135	-0.0104999	0.00186349	0.00203679103222
12	0.00601201562019	0.03135	-0.011	0.00131322	0.00208111544076
13	0.00652030303195	0.0311	-0.0114999	0.00101376	0.00210276246766
14	0.00701652512503	0.0312	-0.0119999	0.000844005	0.00212491567266
15	0.00751274721812	0.0313	-0.0124999	0.000715259	0.00213308403268
16	0.00801765878138	0.03115	-0.0129999	0.000600819	0.00215136250149
17	0.00850345351026	0.03155	-0.0134999	0.000535969	0.00212515547701
0	0.0	0.0318	-0.005	0.0153695	0.00201893047754
1	0.000511633088736	0.0314	-0.0054999	0.0149823	0.0020187137985
2	0.00101001506572	0.03145	-0.006	0.013423	0.00197999230585
3	0.00150979164543	0.03145	-0.0065	0.0112725	0.00197005048634
4	0.00200807366709	0.0315	-0.007	0.00919729	0.00197590632728
5	0.00251083936289	0.0314	-0.0075	0.00765708	0.00198829292082
6	0.00300603231315	0.03155	-0.0079999	0.00617889	0.00201428638189
7	0.00351477624112	0.03125	-0.0084999	0.0053263	0.00201787551876
8	0.00400717998593	0.0315	-0.009	0.004509	0.00201605508463
9	0.00450396744955	0.0316	-0.0095	0.00366499	0.00199927751434
10	0.00500663319003	0.0315	-0.0099999	0.00275137	0.00199628981026
11	0.00551089344387	0.03135	-0.0104999	0.00186349	0.00203679103222
12	0.00601076997889	0.03135	-0.011	0.00131322	0.00208111544076
13	0.0065179193935	0.0311	-0.0114999	0.00101376	0.00210276246766
14	0.00701470685712	0.0312	-0.0119999	0.000844005	0.00212491567266
15	0.00751149432075	0.0313	-0.0124999	0.000715259	0.00213308403268
16	0.00801575457459	0.03115	-0.0129999	0.000600819	0.00215136250149
17	0.00850357468995	0.03155	-0.0134999	0.000535969	0.00212515547701
18	0.00900783494379	0.0314	-0.0139999	0.000495914	0.00210218869669
0	0.0	0.0318	-0.005	0.0153695	0.00201893047754
1	0.000511203431304	0.0314	-0.0054999	0.0149823	0.0020187137985
2	0.00100965752458	0.03145	-0.006	0.013423	0.00197999230585
3	0.00150945046539	0.03145	-0.0065	0.0112725	0.00197005048634
4	0.00200780460008	0.0315	-0.007	0.00919729	0.00197590632728
5	0.00251047515316	0.0314	-0.0075	0.00765708	0.00198829292082
6	0.00300585171699	0.03155	-0.0079999	0.00617889	0.00201428638189
7	0.00351427749461	0.03125	-0.0084999	0.0053263	0.00201787551876
8	0.00400697636334	0.0315	-0.009	0.004509	0.00201605508463
9	0.00450389169189	0.0316	-0.0095	0.00366499	0.00199927751434
10	0.00500646228639	0.0315	-0.0099999	0.00275137	0.00199628981026
11	0.00551057164561	0.03135	-0.0104999	0.00186349	0.00203679103222
12	0.00601046454502	0.03135	-0.011	0.00131322	0.00208111544076
13	0.00651735155792	0.0311	-0.0114999	0.00101376	0.00210276246766
14	0.00701426688647	0.0312	-0.0119999	0.000844005	0.00212491567266
15	0.00751118221501	0.0313	-0.0124999	0.000715259	0.00213308403268
16	0.00801529157423	0.03115	-0.0129999	0.000600819	0.00215136250149
17	0.00850357406598	0.03155	-0.0134999	0.000535969	0.00212515547701
18	0.0090076834252	0.0314	-0.0139999	0.000495914	0.00210218869669
19	0.00951035397828	0.0313	-0.0144999	0.000433924	0.00207655100609
0	0.0	0.0318	-0.005	0.0153695	0.00201893047754
1	0.000510238558317	0.0314	-0.0054999	0.0149823	0.0020187137985
2	0.00100885196279	0.03145	-0.006	0.013423	0.00197999230585
3	0.0015086793001	0.03145	-0.0065	0.0112725	0.00197005048634
4	0.0020071927391	0.0315	-0.007	0.00919729	0.00197590632728
5	0.00250964787303	0.0314	-0.0075	0.00765708	0.00198829292082
6	0.00300543354994	0.03155	-0.0079999	0.00617889	0.00201428638189
7	0.00351314427711	0.03125	-0.0084999	0.0053263	0.00201787551876
8	0.00400650208834	0.0315	-0.009	0.004509	0.00201605508463
9	0.00450370162903	0.0316	-0.0095	0.00366499	0.00199927751434
10	0.0050060567975	0.0315	-0.0099999	0.00275137	0.00199628981026
11	0.00550982582974	0.03135	-0.0104999	0.00186349	0.00203679103222
12	0.00600975313251	0.03135	-0.011	0.00131322	0.00208111544076
13	0.0065160499959	0.0311	-0.0114999	0.00101376	0.00210276246766
14	0.0070132495366	0.0312	-0.0119999	0.000844005	0.00212491567266
15	0.00751044907729	0.0313	-0.0124999	0.000715259	0.00213308403268
16	0.00801421810953	0.03115	-0.0129999	0.000600819	0.00215136250149
17	0.00850353426036	0.03155	-0.0134999	0.000535969	0.00212515547701
18	0.0090073032926	0.0314	-0.0139999	0.000495914	0.00210218869669
19	0.00950975842653	0.0313	-0.0144999	0.000433924	0.00207655100609
20	0.0100082718655	0.03135	-0.0149999	0.000360491	0.00207947560928
0	0.0	0.0318	-0.005	0.0153695	0.00201893047754
1	0.000510768904786	0.0314	-0.0054999	0.0149823	0.0020187137985
2	0.00100929519381	0.03145	-0.006	0.013423	0.00197999230585
3	0.00150910402543	0.03145	-0.0065	0.0112725	0.00197005048634
4	0.00200753035269	0.0315	-0.007	0.00919729	0.00197590632728
5	0.00251010419304	0.0314	-0.0075	0.00765708	0.00198829292082
6	0.0030056655498	0.03155	-0.0079999	0.00617889	0.00201428638189
7	0.00351376940762	0.03125	-0.0084999	0.0053263	0.00201787551876
8	0.00400676567918	0.0315	-0.009	0.004509	0.00201605508463
9	0.00450380950207	0.0316	-0.0095	0.00366499	0.00199927751434
10	0.00500628338066	0.0315	-0.0099999	0.00275137	0.00199628981026
11	0.00551023972538	0.03135	-0.0104999	0.00186349	0.00203679103222
12	0.00601014851876	0.03135	-0.011	0.00131322	0.00208111544076
13	0.00651676991045	0.0311	-0.0114999	0.00101376	0.00210276246766
14	0.00701381373334	0.0312	-0.0119999	0.000844005	0.00212491567266
15	0.00751085755623	0.0313	-0.0124999	0.000715259	0.00213308403268
16	0.00801481390095	0.03115	-0.0129999	0.000600819	0.00215136250149
17	0.00850356269765	0.03155	-0.0134999	0.000535969	0.00212515547701
18	0.00900751904237	0.0314	-0.0139999	0.000495914	0.00210218869669
19	0.00951009288272	0.0313	-0.0144999	0.000433924	0.00207655100609
20	0.01000851921	0.03135	-0.0149999	0.000360491	0.00207947560928
21	0.0105124755547	0.0312	-0.0154999	0.00030327	0.00207518694144
0	0.0	0.0318	-0.005	0.0153695	0.00201893047754
1	0.000511474862509	0.0314	-0.0054999	0.0149823	0.0020187137985
2	0.00100988348172	0.03145	-0.006	0.013423	0.00197999230585
3	0.00150966616177	0.03145	-0.0065	0.0112725	0.00197005048634
4	0.00200797482445	0.0315	-0.007	0.00919729	0.00197590632728
5	0.00251070553925	0.0314	-0.0075	0.00765708	0.00198829292082
6	0.00300596621064	0.03155	-0.0079999	0.00617889	0.00201428638189
7	0.00351459299493	0.03125	-0.0084999	0.0053263	0.00201787551876
8	0.00400710554465	0.0315	-0.009	0.004509	0.00201605508463
9	0.00450394018995	0.0316	-0.0095	0.00366499	0.00199927751434
10	0.00500657094821	0.0315	-0.0099999	0.00275137	0.00199628981026
11	0.00551077568038	0.03135	-0.0104999	0.00186349	0.00203679103222
12	0.00601065831697	0.03135	-0.011	0.00131322	0.00208111544076
13	0.00651771112736	0.0311	-0.0114999	0.00101376	0.00210276246766
14	0.00701454577266	0.0312	-0.0119999	0.000844005	0.00212491567266
15	0.00751138041796	0.0313	-0.0124999	0.000715259	0.00213308403268
16	0.00801558515013	0.03115	-0.0129999	0.000600819	0.00215136250149
17	0.00850357569119	0.03155	-0.0134999	0.000535969	0.00212515547701
18	0.00900778042336	0.0314	-0.0139999	0.000495914	0.00210218869669
19	0.00951051113816	0.0313	-0.0144999	0.000433924	0.00207655100609
20	0.0100088198008	0.03135	-0.0149999	0.000360491	0.00207947560928
21	0.010513024533	0.0312	-0.0154999	0.00030327	0.00207518694144
22	0.011014381187	0.03115	-0.016	0.000263216	0.00206462982475
0	0.0	0.0318	-0.005	0.0153695	0.00201893047754
1	0.000511903454259	0.0314	-0.0054999	0.0149823	0.0020187137985
2	0.00101023967815	0.03145	-0.006	0.013423	0.00197999230585
3	0.00151000563071	0.03145	-0.0065	0.0112725	0.00197005048634
4	0.00200824190141	0.0315	-0.007	0.00919729	0.00197590632728
5	0.0025110672177	0.0314	-0.0075	0.00765708	0.00198829292082
6	0.00300614417149	0.03155	-0.0079999	0.00617889	0.00201428638189
7	0.00351508821521	0.03125	-0.0084999	0.0053263	0.00201787551876
8	0.00400730571166	0.0315	-0.009	0.004509	0.00201605508463
9	0.0045040123005	0.0316	-0.0095	0.00366499	0.00199927751434
10	0.0050067376636	0.0315	-0.0099999	0.00275137	0.00199628981026
11	0.00551109266174	0.03135	-0.0104999	0.00186349	0.00203679103222
12	0.00601095856749	0.03135	-0.011	0.00131322	0.00208111544076
13	0.00651827297617	0.0311	-0.0114999	0.00101376	0.00210276246766
14	0.00701497956501	0.0312	-0.0119999	0.000844005	0.00212491567266
15	0.00751168615385	0.0313	-0.0124999	0.000715259	0.00213308403268
16	0.008016041152	0.03115	-0.0129999	0.000600819	0.00215136250149
17	0.00850356964967	0.03155	-0.0134999	0.000535969	0.00212515547701
18	0.00900792464782	0.0314	-0.0139999	0.000495914	0.00210218869669
19	0.0095107499641	0.0313	-0.0144999	0.000433924	0.00207655100609
20	0.0100089862348	0.03135	-0.0149999	0.000360491	0.00207947560928
21	0.0105133412329	0.0312	-0.0154999	0.00030327	0.00207518694144
22	0.0110147368206	0.03115	-0.016	0.000263216	0.00206462982475
23	0.0115145027731	0.03115	-0.0165	0.000239373	0.00206980118588
0	0.0	0.0318	-0.005	0.0153695	0.00201893047754
1	0.000512127916604	0.0314	-0.0054999	0.0149823	0.0020187137985
2	0.00101042593567	0.03145	-0.006	0.013423	0.00197999230585
3	0.00151018287005	0.03145	-0.0065	0.0112725	0.00197005048634
4	0.00200838093773	0.0315	-0.007	0.00919729	0.00197590632728
5	0.00251125560551	0.0314	-0.0075	0.00765708	0.00198829292082
6	0.0030062359884	0.03155	-0.0079999	0.00617889	0.00201428638189
7	0.00351534612299	0.03125	-0.0084999	0.0053263	0.00201787551876
8	0.00400740867525	0.0315	-0.009	0.004509	0.00201605508463
9	0.00450404787622	0.0316	-0.0095	0.00366499	0.00199927751434
10	0.00500682259262	0.0315	-0.0099999	0.00275137	0.00199628981026
11	0.0055112561271	0.03135	-0.0104999	0.00186349	0.00203679103222
12	0.00601111301287	0.03135	-0.011	0.00131322	0.00208111544076
13	0.00651856432937	0.0311	-0.0114999	0.00101376	0.00210276246766
14	0.00701520353035	0.0312	-0.0119999	0.000844005	0.00212491567266
15	0.00751184273132	0.0313	-0.0124999	0.000715259	0.00213308403268
16	0.00801627626581	0.03115	-0.0129999	0.000600819	0.00215136250149
17	0.00850356226658	0.03155	-0.0134999	0.000535969	0.00212515547701
18	0.00900799580106	0.0314	-0.0139999	0.000495914	0.00210218869669
19	0.00951087046884	0.0313	-0.0144999	0.000433924	0.00207655100609
20	0.0100090685365	0.03135	-0.0149999	0.000360491	0.00207947560928
21	0.010513502071	0.0312	-0.0154999	0.00030327	0.00207518694144
22	0.0110149178235	0.03115	-0.016	0.000263216	0.00206462982475
23	0.0115146747579	0.03115	-0.0165	0.000239373	0.00206980118588
24	0.0120143317408	0.03115	-0.0169999	0.000211717	0.00207291287621
0	0.0	0.0318	-0.005	0.0153695	0.00201893047754
1	0.000510886182116	0.0314	-0.0054999	0.0149823	0.0020187137985
2	0.00100939305865	0.03145	-0.006	0.013423	0.00197999230585
3	0.0015091976662	0.03145	-0.0065	0.0112725	0.00197005048634
4	0.00200760458181	0.0315	-0.007	0.00919729	0.00197590632728
5	0.00251020457323	0.0314	-0.0075	0.00765708	0.00198829292082
6	0.00300571614404	0.03155	-0.0079999	0.00617889	0.00201428638189
7	0.00351390690321	0.03125	-0.0084999	0.0053263	0.00201787551876
8	0.00400682301199	0.0315	-0.009	0.004509	0.00201605508463
9	0.00450383223567	0.0316	-0.0095	0.00366499	0.00199927751434
10	0.00500633226617	0.0315	-0.0099999	0.00275137	0.00199628981026
11	0.00551032994952	0.03135	-0.0104999	0.00186349	0.00203679103222
12	0.00601023451799	0.03135	-0.011	0.00131322	0.00208111544076
13	0.0065169276243	0.0311	-0.0114999	0.00101376	0.00210276246766
14	0.00701393684797	0.0312	-0.0119999	0.000844005	0.00212491567266
15	0.00751094607165	0.0313	-0.0124999	0.000715259	0.00213308403268
16	0.008014943755	0.03115	-0.0129999	0.000600819	0.00215136250149
17	0.00850356682706	0.03155	-0.0134999	0.000535969	0.00212515547701
18	0.00900756451041	0.0314	-0.0139999	0.000495914	0.00210218869669
19	0.00951016450183	0.0313	-0.0144999	0.000433924	0.00207655100609
20	0.0100085714174	0.03135	-0.0149999	0.000360491	0.00207947560928
21	0.0105125691008	0.0312	-0.0154999	0.00030327	0.00207518694144
22	0.0110138713612	0.03115	-0.016	0.000263216	0.00206462982475
23	0.0115136759688	0.03115	-0.0165	0.000239373	0.00206980118588
24	0.0120133806154	0.03115	-0.0169999	0.000211717	0.00207291287621
25	0.0125075944552	0.03135	-0.0174999	0.000177384	0.00207706563393
0	0.0	0.0318	-0.005	0.0153695	0.00201893047754
1	0.00051011780083	0.0314	-0.0054999	0.0149823	0.0020187137985
2	0.00100875088792	0.03145	-0.006	0.013423	0.00197999230585
3	0.00150858230276	0.03145	-0.0065	0.0112725	0.00197005048634
4	0.00200711542356	0.0315	-0.007	0.00919729	0.00197590632728
5	0.00250954342647	0.0314	-0.0075	0.00765708	0.00198829292082
6	0.00300537999292	0.03155	-0.0079999	0.00617889	0.00201428638189
7	0.00351300117197	0.03125	-0.0084999	0.0053263	0.00201787551876
8	0.00400644108292	0.0315	-0.009	0.004509	0.00201605508463
9	0.00450367590969	0.0316	-0.0095	0.00366499	0.00199927751434
10	0.00500600394631	0.0315	-0.0099999	0.00275137	0.00199628981026
11	0.00550973024326	0.03135	-0.0104999	0.00186349	0.00203679103222
12	0.00600966162438	0.03135	-0.011	0.00131322	0.00208111544076
13	0.00651588454311	0.0311	-0.0114999	0.00101376	0.00210276246766
14	0.00701311936988	0.0312	-0.0119999	0.000844005	0.00212491567266
15	0.00751035419665	0.0313	-0.0124999	0.000715259	0.00213308403268
16	0.00801408049359	0.03115	-0.0129999	0.000600819	0.00215136250149
17	0.00850352555615	0.03155	-0.0134999	0.000535969	0.00212515547701
18	0.0090072518531	0.0314	-0.0139999	0.000495914	0.00210218869669
19	0.009509679856	0.0313	-0.0144999	0.000433924	0.00207655100609
20	0.0100082129768	0.03135	-0.0149999	0.000360491	0.00207947560928
21	0.0105119392737	0.0312	-0.0154999	0.00030327	0.00207518694144
22	0.0110131689489	0.03115	-0.016	0.000263216	0.00206462982475
23	0.0115130003637	0.03115	-0.0165	0.000239373	0.00206980118588
24	0.0120127318123	0.03115	-0.0169999	0.000211717	0.00207291287621
25	0.012507370051	0.03135	-0.0174999	0.000177384	0.00207706563393
26	0.0130084997599	0.0313	-0.0179999	0.000154496	0.00208471312572
0	0.0	0.0318	-0.005	0.0153695	0.00201893047754
1	0.000510285264469	0.0314	-0.0054999	0.0149823	0.0020187137985
2	0.00100889104095	0.03145	-0.006	0.013423	0.00197999230585
3	0.00150871678765	0.03145	-0.0065	0.0112725	0.00197005048634
4	0.00200722259899	0.0315	-0.007	0.00919729	0.00197590632728
5	0.00250968821641	0.0314	-0.0075	0.00765708	0.00198829292082
6	0.00300545419187	0.03155	-0.0079999	0.00617889	0.00201428638189
7	0.00351319955076	0.03125	-0.0084999	0.0053263	0.00201787551876
8	0.00400652558578	0.0315	-0.009	0.004509	0.00201605508463
9	0.00450371146175	0.0316	-0.0095	0.00366499	0.00199927751434
10	0.00500607711403	0.0315	-0.0099999	0.00275137	0.00199628981026
11	0.00550986266682	0.03135	-0.0104999	0.00186349	0.00203679103222
12	0.00600978837867	0.03135	-0.011	0.00131322	0.00208111544076
13	0.00651611383705	0.0311	-0.0114999	0.00101376	0.00210276246766
14	0.00701329971302	0.0312	-0.0119999	0.000844005	0.00212491567266
15	0.00751048558899	0.0313	-0.0124999	0.000715259	0.00213308403268
16	0.00801427114178	0.03115	-0.0129999	0.000600819	0.00215136250149
17	0.00850353740556	0.03155	-0.0134999	0.000535969	0.00212515547701
18	0.00900732295835	0.0314	-0.0139999	0.000495914	0.00210218869669
19	0.00950978857578	0.0313	-0.0144999	0.000433924	0.00207655100609
20	0.0100082943871	0.03135	-0.0149999	0.000360491	0.00207947560928
21	0.0105120799399	0.0312	-0.0154999	0.00030327	0.00207518694144
22	0.0110133255871	0.03115	-0.016	0.000263216	0.00206462982475
23	0.0115131513338	0.03115	-0.0165	0.000239373	0.00206980118588
24	0.0120128771154	0.03115	-0.0169999	0.000211717	0.00207291287621
25	0.0125074231206	0.03135	-0.0174999	0.000177384	0.00207706563393
26	0.0130085688027	0.0313	-0.0179999	0.000154496	0.00208471312572
27	0.0135124543206	0.03115	-0.0185	0.00013733	0.00208644073259
0	0.0	0.0318	-0.005	0.0153695	0.00201893047754
1	0.000509014335077	0.0314	-0.0054999	0.0149823	0.0020187137985
2	0.00100782466325	0.03145	-0.006	0.013423	0.00197999230585
3	0.00150769101299	0.03145	-0.0065	0.0112725	0.00197005048634
4	0.00200640136789	0.0315	-0.007	0.00919729	0.00197590632728
5	0.00250857970728	0.0314	-0.0075	0.00765708	0.00198829292082
6	0.00300487809927	0.03155	-0.0079999	0.00617889	0.00201428638189
7	0.00351168041796	0.03125	-0.0084999	0.0053263	0.00201787551876
8	0.00400586676683	0.0315	-0.009	0.004509	0.00201605508463
9	0.00450342112691	0.0316	-0.0095	0.00366499	0.00199927751434
10	0.00500549949303	0.0315	-0.0099999	0.00275137	0.00199628981026
11	0.00550883382724	0.03135	-0.0104999	0.00186349	0.00203679103222
12	0.00600880015024	0.03135	-0.011	0.00131322	0.00208111544076
13	0.00651434650084	0.0311	-0.0114999	0.00101376	0.00210276246766
14	0.00701190086092	0.0312	-0.0119999	0.000844005	0.00212491567266
15	0.007509455221	0.0313	-0.0124999	0.000715259	0.00213308403268
16	0.00801278955522	0.03115	-0.0129999	0.000600819	0.00215136250149
17	0.00850340794634	0.03155	-0.0134999	0.000535969	0.00212515547701
18	0.00900674228055	0.0314	-0.0139999	0.000495914	0.00210218869669
19	0.00950892061994	0.0313	-0.0144999	0.000433924	0.00207655100609
20	0.0100076309748	0.03135	-0.0149999	0.000360491	0.00207947560928
21	0.0105109653091	0.0312	-0.0154999	0.00030327	0.00207518694144
22	0.0110120876269	0.03115	-0.016	0.000263216	0.00206462982475
23	0.0115119539766	0.03115	-0.0165	0.000239373	0.00206980118588
24	0.0120117203531	0.03115	-0.0169999	0.000211717	0.00207291287621
25	0.0125069627235	0.03135	-0.0174999	0.000177384	0.00207706563393
26	0.0130079850681	0.0313	-0.0179999	0.000154496	0.00208471312572
27	0.0135114193756	0.03115	-0.0185	0.00013733	0.00208644073259
28	0.0140054057779	0.0314	-0.0189999	0.000123025	0.00207136353562
0	0.0	0.0318	-0.005	0.0153695	0.00201893047754
1	0.000506911961587	0.0314	-0.0054999	0.0149823	0.0020187137985
2	0.00100604707116	0.03145	-0.006	0.013423	0.00197999230585
3	0.00150596850984	0.03145	-0.0065	0.0112725	0.00197005048634
4	0.00200500363513	0.0315	-0.007	0.00919729	0.00197590632728
5	0.00250669770061	0.0314	-0.0075	0.00765708	0.00198829292082
6	0.00300386021481	0.03155	-0.0079999	0.00617889	0.00201428638189
7	0.00350909953389	0.03125	-0.0084999	0.0053263	0.00201787551876
8	0.00400468938987	0.0315	-0.009	0.004509	0.00201605508463
9	0.00450283820175	0.0316	-0.0095	0.00366499	0.00199927751434
10	0.00500443228295	0.0315	-0.0099999	0.00275137	0.00199628981026
11	0.00550701266183	0.03135	-0.0104999	0.00186349	0.00203679103222
12	0.0060070340848	0.03135	-0.011	0.00131322	0.00208111544076
13	0.00651128710619	0.0311	-0.0114999	0.00101376	0.00210276246766
14	0.00700943591807	0.0312	-0.0119999	0.000844005	0.00212491567266
15	0.00750758472996	0.0313	-0.0124999	0.000715259	0.00213308403268
16	0.00801016510884	0.03115	-0.0129999	0.000600819	0.00215136250149
17	0.00850299604033	0.03155	-0.0134999	0.000535969	0.00212515547701
18	0.00900557641922	0.0314	-0.0139999	0.000495914	0.00210218869669
19	0.0095072704847	0.0313	-0.0144999	0.000433924	0.00207655100609
20	0.01000630561	0.03135	-0.0149999	0.000360491	0.00207947560928
21	0.0105088859889	0.0312	-0.0154999	0.00030327	0.00207518694144
22	0.0110097937252	0.03115	-0.016	0.000263216	0.00206462982475
23	0.0115097151639	0.03115	-0.0165	0.000239373	0.00206980118588
24	0.0120095366183	0.03115	-0.0169999	0.000211717	0.00207291287621
25	0.0125059128034	0.03135	-0.0174999	0.000177384	0.00207706563393
26	0.0130067205555	0.0313	-0.0179999	0.000154496	0.00208471312572
27	0.0135094009187	0.03115	-0.0185	0.00013733	0.00208644073259
28	0.0140047908061	0.0314	-0.0189999	0.000123025	0.00207136353562
29	0.0145011669911	0.0316	-0.0194999	0.000110627	0.00207150335937
0	0.0	0.0318	-0.005	0.0153695	0.00201893047754
1	0.000507507734236	0.0314	-0.0054999	0.0149823	0.0020187137985
2	0.00100655251076	0.03145	-0.006	0.013423	0.00197999230585
3	0.00150645985255	0.03145	-0.0065	0.0112725	0.00197005048634
4	0.0020054046476	0.0315	-0.007	0.00919729	0.00197590632728
5	0.00250723708287	0.0314	-0.0075	0.00765708	0.00198829292082
6	0.00300415680298	0.03155	-0.0079999	0.00617889	0.00201428638189
7	0.00350983942521	0.03125	-0.0084999	0.0053263	0.00201787551876
8	0.00400503401477	0.0315	-0.009	0.004509	0.00201605508463
9	0.00450301626308	0.0316	-0.0095	0.00366499	0.00199927751434
10	0.00500474871689	0.0315	-0.0099999	0.00275137	0.00199628981026
11	0.0055075436989	0.03135	-0.0104999	0.00186349	0.00203679103222
12	0.00600755102216	0.03135	-0.011	0.00131322	0.00208111544076
13	0.00651217111617	0.0311	-0.0114999	0.00101376	0.00210276246766
14	0.00701015336449	0.0312	-0.0119999	0.000844005	0.00212491567266
15	0.0075081356128	0.0313	-0.0124999	0.000715259	0.00213308403268
16	0.00801093059481	0.03115	-0.0129999	0.000600819	0.00215136250149
17	0.00850313756269	0.03155	-0.0134999	0.000535969	0.00212515547701
18	0.0090059325447	0.0314	-0.0139999	0.000495914	0.00210218869669
19	0.00950776497997	0.0313	-0.0144999	0.000433924	0.00207655100609
20	0.010006709775	0.03135	-0.0149999	0.000360491	0.00207947560928
21	0.010509504757	0.0312	-0.0154999	0.00030327	0.00207518694144
22	0.011010474627	0.03115	-0.016	0.000263216	0.00206462982475
23	0.0115103819688	0.03115	-0.0165	0.000239373	0.00206980118588
24	0.0120101893291	0.03115	-0.0169999	0.000211717	0.00207291287621
25	0.012506246484	0.03135	-0.0174999	0.000177384	0.00207706563393
26	0.0130071163725	0.0313	-0.0179999	0.000154496	0.00208471312572
27	0.013510011336	0.03115	-0.0185	0.00013733	0.00208644073259
28	0.0140050059626	0.0314	-0.0189999	0.000123025	0.00207136353562
29	0.0145010631175	0.0316	-0.0194999	0.000110627	0.00207150335937
30	0.0150105959266	0.0311	-0.0199999	9.82289e-05	0.0020499960267
0	0.0	0.0318	-0.005	0.0153695	0.00201893047754
1	0.000506845054	0.0314	-0.0054999	0.0149823	0.0020187137985
2	0.00100599022477	0.03145	-0.006	0.013423	0.00197999230585
3	0.00150591317233	0.03145	-0.0065	0.0112725	0.00197005048634
4	0.00200495835851	0.0315	-0.007	0.00919729	0.00197590632728
5	0.00250663682883	0.0314	-0.0075	0.00765708	0.00198829292082
6	0.00300382650766	0.03155	-0.0079999	0.00617889	0.00201428638189
7	0.00350901602349	0.03125	-0.0084999	0.0053263	0.00201787551876
8	0.00400465014875	0.0315	-0.009	0.004509	0.00201605508463
9	0.00450281757355	0.0316	-0.0095	0.00366499	0.00199927751434
10	0.00500439605927	0.0315	-0.0099999	0.00275137	0.00199628981026
11	0.00550695229097	0.03135	-0.0104999	0.00186349	0.00203679103222
12	0.00600697522312	0.03135	-0.011	0.00131322	0.00208111544076
13	0.00651118699298	0.0311	-0.0114999	0.00101376	0.00210276246766
14	0.00700935441778	0.0312	-0.0119999	0.000844005	0.00212491567266
15	0.00750752184259	0.0313	-0.0124999	0.000715259	0.00213308403268
16	0.00801007807428	0.03115	-0.0129999	0.000600819	0.00215136250149
17	0.00850297893081	0.03155	-0.0134999	0.000535969	0.00212515547701
18	0.0090055351625	0.0314	-0.0139999	0.000495914	0.00210218869669
19	0.00950721363282	0.0313	-0.0144999	0.000433924	0.00207655100609
20	0.010006258819	0.03135	-0.0149999	0.000360491	0.00207947560928
21	0.0105088150507	0.0312	-0.0154999	0.00030327	0.00207518694144
22	0.0110097157442	0.03115	-0.016	0.000263216	0.00206462982475
23	0.0115096386918	0.03115	-0.0165	0.000239373	0.00206980118588
24	0.0120094616548	0.03115	-0.0169999	0.000211717	0.00207291287621
25	0.0125058735568	0.03135	-0.0174999	0.000177384	0.00207706563393
26	0.0130066742657	0.0313	-0.0179999	0.000154496	0.00208471312572
27	0.013509330482	0.03115	-0.0185	0.00013733	0.00208644073259
28	0.0140047646381	0.0314	-0.0189999	0.000123025	0.00207136353562
29	0.0145011765401	0.0316	-0.0194999	0.000110627	0.00207150335937
30	0.0150098771015	0.0311	-0.0199999	9.82289e-05	0.0020499960267
31	0.0155054112422	0.03135	-0.0204999	8.86922e-05	0.00205360191317
0	0.0	0.0318	-0.005	0.0153695	0.00201893047754
1	0.000507095450429	0.0314	-0.0054999	0.0149823	0.0020187137985
2	0.00100620288149	0.03145	-0.006	0.013423	0.00197999230585
3	0.00150612010535	0.03145	-0.0065	0.0112725	0.00197005048634
4	0.00200512755297	0.0315	-0.007	0.00919729	0.00197590632728
5	0.00250686432934	0.0314	-0.0075	0.00765708	0.00198829292082
6	0.003003952241	0.03155	-0.0079999	0.00617889	0.00201428638189
7	0.00350932812238	0.03125	-0.0084999	0.0053263	0.00201787551876
8	0.00400479644843	0.0315	-0.009	0.004509	0.00201605508463
9	0.00450289411979	0.0316	-0.0095	0.00366499	0.00199927751434
10	0.00500453091272	0.0315	-0.0099999	0.00275137	0.00199628981026
11	0.00550717746533	0.03135	-0.0104999	0.00186349	0.00203679103222
12	0.00600719467264	0.03135	-0.011	0.00131322	0.00208111544076
13	0.00651156079432	0.0311	-0.0114999	0.00101376	0.00210276246766
14	0.00700965846568	0.0312	-0.0119999	0.000844005	0.00212491567266
15	0.00750775613705	0.0313	-0.0124999	0.000715259	0.00213308403268
16	0.00801040268967	0.03115	-0.0129999	0.000600819	0.00215136250149
17	0.00850304170352	0.03155	-0.0134999	0.000535969	0.00212515547701
18	0.00900568825614	0.0314	-0.0139999	0.000495914	0.00210218869669
19	0.00950742503251	0.0313	-0.0144999	0.000433924	0.00207655100609
20	0.0100064324801	0.03135	-0.0149999	0.000360491	0.00207947560928
21	0.0105090790327	0.0312	-0.0154999	0.00030327	0.00207518694144
22	0.0110100060163	0.03115	-0.016	0.000263216	0.00206462982475
23	0.0115099232402	0.03115	-0.0165	0.000239373	0.00206980118588
24	0.0120097404806	0.03115	-0.0169999	0.000211717	0.00207291287621
25	0.0125060185995	0.03135	-0.0174999	0.000177384	0.00207706563393
26	0.0130068455996	0.0313	-0.0179999	0.000154496	0.00208471312572
27	0.0135095921356	0.03115	-0.0185	0.00013733	0.00208644073259
28	0.0140048604948	0.0314	-0.0189999	0.000123025	0.00207136353562
29	0.0145011386137	0.0316	-0.0194999	0.000110627	0.00207150335937
30	0.0150101536	0.0311	-0.0199999	9.82289e-05	0.0020499960267
31	0.0155055219426	0.03135	-0.0204999	8.86922e-05	0.00205360191317
32	0.0160090782715	0.03115	-0.0209999	7.91554e-05	0.00206281187909
0	0.0	0.0318	-0.005	0.0153695	0.00201893047754
1	0.000504895710244	0.0314	-0.0054999	0.0149823	0.0020187137985
2	0.0010043266694	0.03145	-0.006	0.013423	0.00197999230585
3	0.0015042870515	0.03145	-0.0065	0.0112725	0.00197005048634
4	0.00200361801857	0.0315	-0.007	0.00919729	0.00197590632728
5	0.00250483723073	0.0314	-0.0075	0.00765708	0.00198829292082
6	0.00300280937568	0.03155	-0.0079999	0.00617889	0.00201428638189
7	0.00350654624794	0.03125	-0.0084999	0.0053263	0.00201787551876
8	0.00400345954699	0.0315	-0.009	0.004509	0.00201605508463
9	0.00450216109903	0.0316	-0.0095	0.00366499	0.00199927751434
10	0.00500328031911	0.0315	-0.0099999	0.00275137	0.00199628981026
11	0.0055051289463	0.03135	-0.0104999	0.00186349	0.00203679103222
12	0.00600518932048	0.03135	-0.011	0.00131322	0.00208111544076
13	0.00650819678564	0.0311	-0.0114999	0.00101376	0.00210276246766
14	0.00700689833769	0.0312	-0.0119999	0.000844005	0.00212491567266
15	0.00750559988974	0.0313	-0.0124999	0.000715259	0.00213308403268
16	0.00800744851692	0.03115	-0.0129999	0.000600819	0.00215136250149
17	0.00850237357881	0.03155	-0.0134999	0.000535969	0.00212515547701
18	0.00900422220599	0.0314	-0.0139999	0.000495914	0.00210218869669
19	0.00950544141815	0.0313	-0.0144999	0.000433924	0.00207655100609
20	0.0100047723852	0.03135	-0.0149999	0.000360491	0.00207947560928
21	0.0105066210124	0.0312	-0.0154999	0.00030327	0.00207518694144
22	0.0110073108016	0.03115	-0.016	0.000263216	0.00206462982475
23	0.0115072711837	0.03115	-0.0165	0.000239373	0.00206980118588
24	0.0120071315737	0.03115	-0.0169999	0.000211717	0.00207291287621
25	0.0125045742957	0.03135	-0.0174999	0.000177384	0.00207706563393
26	0.0130051640929	0.0313	-0.0179999	0.000154496	0.00208471312572
27	0.0135071127121	0.03115	-0.0185	0.00013733	0.00208644073259
28	0.014003826027	0.0314	-0.0189999	0.000123025	0.00207136353562
29	0.014501268749	0.0316	-0.0194999	0.000110627	0.00207150335937
30	0.0150075232814	0.0311	-0.0199999	9.82289e-05	0.0020499960267
31	0.0155043365884	0.03135	-0.0204999	8.86922e-05	0.00205360191317
32	0.0160068146306	0.03115	-0.0209999	7.91554e-05	0.00206281187909
33	0.0164992220323	0.03175	-0.0214999	7.24797e-05	0.00207221265834
0	0.0	0.0318	-0.005	0.0153695	0.00201893047754
1	0.000503768625638	0.0314	-0.0054999	0.0149823	0.0020187137985
2	0.00100335841189	0.03145	-0.006	0.013423	0.00197999230585
3	0.00150333473954	0.03145	-0.0065	0.0112725	0.00197005048634
4	0.00200282453053	0.0315	-0.007	0.00919729	0.00197590632728
5	0.00250377393149	0.0314	-0.0075	0.00765708	0.00198829292082
6	0.00300219065391	0.03155	-0.0079999	0.00617889	0.00201428638189
7	0.0035050862015	0.03125	-0.0084999	0.0053263	0.00201787551876
8	0.00400272984112	0.0315	-0.009	0.004509	0.00201605508463
9	0.00450173309546	0.0316	-0.0095	0.00366499	0.00199927751434
10	0.00500258250115	0.0315	-0.0099999	0.00275137	0.00199628981026
11	0.00550401843877	0.03135	-0.0104999	0.00186349	0.00203679103222
12	0.00600409476169	0.03135	-0.011	0.00131322	0.00208111544076
13	0.00650640377735	0.0311	-0.0114999	0.00101376	0.00210276246766
14	0.00700540703169	0.0312	-0.0119999	0.000844005	0.00212491567266
15	0.00750441028602	0.0313	-0.0124999	0.000715259	0.00213308403268
16	0.00800584622364	0.03115	-0.0129999	0.000600819	0.00215136250149
17	0.00850193025803	0.03155	-0.0134999	0.000535969	0.00212515547701
18	0.00900336619565	0.0314	-0.0139999	0.000495914	0.00210218869669
19	0.00950431559661	0.0313	-0.0144999	0.000433924	0.00207655100609
20	0.0100038053876	0.03135	-0.0149999	0.000360491	0.00207947560928
21	0.0105052413252	0.0312	-0.0154999	0.00030327	0.00207518694144
22	0.0110058041848	0.03115	-0.016	0.000263216	0.00206462982475
23	0.0115057805124	0.03115	-0.0165	0.000239373	0.00206980118588
24	0.0120056568448	0.03115	-0.0169999	0.000211717	0.00207291287621
25	0.0125036870258	0.03135	-0.0174999	0.000177384	0.00207706563393
26	0.0130041498901	0.0313	-0.0179999	0.000154496	0.00208471312572
27	0.013505685823	0.03115	-0.0185	0.00013733	0.00208644073259
28	0.0140031294721	0.0314	-0.0189999	0.000123025	0.00207136353562
29	0.0145011596531	0.0316	-0.0194999	0.000110627	0.00207150335937
30	0.0150060013474	0.0311	-0.0199999	9.82289e-05	0.0020499960267
31	0.0155035449917	0.03135	-0.0204999	8.86922e-05	0.00205360191317
32	0.016005467466	0.03115	-0.0209999	7.91554e-05	0.00206281187909
33	0.0164996053538	0.03175	-0.0214999	7.24797e-05	0.00207221265834
34	0.0170016278233	0.03155	-0.022	6.77113e-05	0.00209292102369
0	0.0	0.0318	-0.005	0.0153695	0.00201893047754
1	0.000503155733891	0.0314	-0.0054999	0.0149823	0.0020187137985
2	0.00100282993947	0.03145	-0.006	0.013423	0.00197999230585
3	0.00150281320634	0.03145	-0.0065	0.0112725	0.00197005048634
4	0.00200238741526	0.0315	-0.007	0.00919729	0.00197590632728
5	0.00250318879806	0.0314	-0.0075	0.00765708	0.00198829292082
6	0.00300184489441	0.03155	-0.0079999	0.00617889	0.00201428638189
7	0.00350428250904	0.03125	-0.0084999	0.0053263	0.00201787551876
8	0.00400232048278	0.0315	-0.009	0.004509	0.00201605508463
9	0.00450148563374	0.0316	-0.0095	0.00366499	0.00199927751434
10	0.00500218701988	0.0315	-0.0099999	0.00275137	0.00199628981026
11	0.00550339746064	0.03135	-0.0104999	0.00186349	0.00203679103222
12	0.00600348072417	0.03135	-0.011	0.00131322	0.00208111544076
13	0.00650540928419	0.0311	-0.0114999	0.00101376	0.00210276246766
14	0.00700457443515	0.0312	-0.0119999	0.000844005	0.00212491567266
15	0.00750373958611	0.0313	-0.0124999	0.000715259	0.00213308403268
16	0.00800495002686	0.03115	-0.0129999	0.000600819	0.00215136250149
17	0.00850166083008	0.03155	-0.0134999	0.000535969	0.00212515547701
18	0.00900287127083	0.0314	-0.0139999	0.000495914	0.00210218869669
19	0.00950367265362	0.0313	-0.0144999	0.000433924	0.00207655100609
20	0.0100032468625	0.03135	-0.0149999	0.000360491	0.00207947560928
21	0.0105044573033	0.0312	-0.0154999	0.00030327	0.00207518694144
22	0.0110049496248	0.03115	-0.016	0.000263216	0.00206462982475
23	0.0115049328917	0.03115	-0.0165	0.000239373	0.00206980118588
24	0.0120048161619	0.03115	-0.0169999	0.000211717	0.00207291287621
25	0.0125031631969	0.03135	-0.0174999	0.000177384	0.00207706563393
26	0.0130035555218	0.0313	-0.0179999	0.000154496	0.00208471312572
27	0.0135048659592	0.03115	-0.0185	0.00013733	0.00208644073259
28	0.0140027039396	0.0314	-0.0189999	0.000123025	0.00207136353562
29	0.0145010509747	0.0316	-0.0194999	0.000110627	0.00207150335937
30	0.0150051248211	0.0311	-0.0199999	9.82289e-05	0.0020499960267
31	0.0155030627982	0.03135	-0.0204999	8.86922e-05	0.00205360191317
32	0.0160046822969	0.03115	-0.0209999	7.91554e-05	0.00206281187909
33	0.0164997568683	0.03175	-0.0214999	7.24797e-05	0.00207221265834
34	0.0170014763637	0.03155	-0.022	6.77113e-05	0.00209292102369
35	0.0175021777498	0.03145	-0.0224999	6.19893e-05	0.0020623096763
0	0.0	0.0318	-0.005	0.0153695	0.00201893047754
1	0.000503299022899	0.0314	-0.0054999	0.0149823	0.0020187137985
2	0.00100295361425	0.03145	-0.006	0.013423	0.00197999230585
3	0.0015029353675	0.03145	-0.0065	0.0112725	0.00197005048634
4	0.0020024899625	0.0315	-0.007	0.00919729	0.00197590632728
5	0.00250332603225	0.0314	-0.0075	0.00765708	0.00198829292082
6	0.0030019263144	0.03155	-0.0079999	0.00617889	0.00201428638189
7	0.00350447101715	0.03125	-0.0084999	0.0053263	0.00201787551876
8	0.0040024169755	0.0315	-0.009	0.004509	0.00201605508463
9	0.00450154441225	0.0316	-0.0095	0.00366499	0.00199927751434
10	0.00500228048565	0.0315	-0.0099999	0.00275137	0.00199628981026
11	0.00550354371365	0.03135	-0.0104999	0.00186349	0.00203679103222
12	0.00600362546325	0.03135	-0.011	0.00131322	0.00208111544076
13	0.0065056430114	0.0311	-0.0114999	0.00101376	0.00210276246766
14	0.00700477044815	0.0312	-0.0119999	0.000844005	0.00212491567266
15	0.0075038978849	0.0313	-0.0124999	0.000715259	0.00213308403268
16	0.0080051611129	0.03115	-0.0129999	0.000600819	0.00215136250149
17	0.00850172560015	0.03155	-0.0134999	0.000535969	0.00212515547701
18	0.00900298882815	0.0314	-0.0139999	0.000495914	0.00210218869669
19	0.0095038248979	0.0313	-0.0144999	0.000433924	0.00207655100609
20	0.0100033794929	0.03135	-0.0149999	0.000360491	0.00207947560928
21	0.0105046427209	0.0312	-0.0154999	0.00030327	0.00207518694144
22	0.0110051516288	0.03115	-0.016	0.000263216	0.00206462982475
23	0.011505133382	0.03115	-0.0165	0.000239373	0.00206980118588
24	0.0120050151389	0.03115	-0.0169999	0.000211717	0.00207291287621
25	0.0125032882591	0.03135	-0.0174999	0.000177384	0.00207706563393
26	0.0130036971706	0.0313	-0.0179999	0.000154496	0.00208471312572
27	0.013505060395	0.03115	-0.0185	0.00013733	0.00208644073259
28	0.0140028063606	0.0314	-0.0189999	0.000123025	0.00207136353562
29	0.0145010794809	0.0316	-0.0194999	0.000110627	0.00207150335937
30	0.0150053328166	0.0311	-0.0199999	9.82289e-05	0.0020499960267
31	0.0155031787786	0.03135	-0.0204999	8.86922e-05	0.00205360191317
32	0.0160048691649	0.03115	-0.0209999	7.91554e-05	0.00206281187909
33	0.0164997250191	0.03175	-0.0214999	7.24797e-05	0.00207221265834
34	0.0170015154018	0.03155	-0.022	6.77113e-05	0.00209292102369
35	0.0175022514751	0.03145	-0.0224999	6.19893e-05	0.0020623096763
36	0.0180040418578	0.03125	-0.023	5.81744e-05	0.00207116545748
0	0.0	0.0318	-0.005	0.0153695	0.00201893047754
1	0.000501961363538	0.0314	-0.0054999	0.0149823	0.0020187137985
2	0.00100179617405	0.03145	-0.006	0.013423	0.00197999230585
3	0.00150178949149	0.03145	-0.0065	0.0112725	0.00197005048634
4	0.00200152430333	0.0315	-0.007	0.00919729	0.00197590632728
5	0.00250203463197	0.0314	-0.0075	0.00765708	0.00198829292082
6	0.00300115243396	0.03155	-0.0079999	0.00617889	0.00201428638189
7	0.00350269678497	0.03125	-0.0084999	0.0053263	0.00201787551876
8	0.0040014975731	0.0315	-0.009	0.004509	0.00201605508463
9	0.00450097387935	0.0316	-0.0095	0.00366499	0.00199927751434
10	0.00500138420932	0.0315	-0.0099999	0.00275137	0.00199628981026
11	0.00550215304354	0.03135	-0.0104999	0.00186349	0.00203679103222
12	0.00600224635965	0.03135	-0.011	0.00131322	0.00208111544076
13	0.0065034322064	0.0311	-0.0114999	0.00101376	0.00210276246766
14	0.00700290851265	0.0312	-0.0119999	0.000844005	0.00212491567266
15	0.0075023848189	0.0313	-0.0124999	0.000715259	0.00213308403268
16	0.00800315365313	0.03115	-0.0129999	0.000600819	0.00215136250149
17	0.00850107892581	0.03155	-0.0134999	0.000535969	0.00212515547701
18	0.00900184776004	0.0314	-0.0139999	0.000495914	0.00210218869669
19	0.00950235808867	0.0313	-0.0144999	0.000433924	0.00207655100609
20	0.0100020929005	0.03135	-0.0149999	0.000360491	0.00207947560928
21	0.0105028617347	0.0312	-0.0154999	0.00030327	0.00207518694144
22	0.0110032135564	0.03115	-0.016	0.000263216	0.00206462982475
23	0.0115032068739	0.03115	-0.0165	0.000239373	0.00206980118588
24	0.0120031001927	0.03115	-0.0169999	0.000211717	0.00207291287621
25	0.0125020594877	0.03135	-0.0174999	0.000177384	0.00207706563393
26	0.0130023113108	0.0313	-0.0179999	0.000154496	0.00208471312572
27	0.0135031801436	0.03115	-0.0185	0.00013733	0.00208644073259
28	0.0140017809344	0.0314	-0.0189999	0.000123025	0.00207136353562
29	0.0145007402295	0.0316	-0.0194999	0.000110627	0.00207150335937
30	0.0150033186029	0.0311	-0.0199999	9.82289e-05	0.0020499960267
31	0.0155020193924	0.03135	-0.0204999	8.86922e-05	0.00205360191317
32	0.0160030467322	0.03115	-0.0209999	7.91554e-05	0.00206281187909
33	0.0164999379825	0.03175	-0.0214999	7.24797e-05	0.00207221265834
34	0.017001065321	0.03155	-0.022	6.77113e-05	0.00209292102369
35	0.0175014756509	0.03145	-0.0224999	6.19893e-05	0.0020623096763
36	0.0180026029894	0.03125	-0.023	5.81744e-05	0.00207116545748
37	0.0185001697578	0.0317	-0.0234999	5.43597e-05	0.00206269772029
0	0.0	0.0318	-0.005	0.0153695	0.00201893047754
1	0.000502338395693	0.0314	-0.0054999	0.0149823	0.0020187137985
2	0.00100212306255	0.03145	-0.006	0.013423	0.00197999230585
3	0.00150211370073	0.03145	-0.0065	0.0112725	0.00197005048634
4	0.00200179836946	0.0315	-0.007	0.00919729	0.00197590632728
5	0.00250240094655	0.0314	-0.0075	0.00765708	0.00198829292082
6	0.00300137367824	0.03155	-0.0079999	0.00617889	0.00201428638189
7	0.00350320013315	0.03125	-0.0084999	0.0053263	0.00201787551876
8	0.00400176092218	0.0315	-0.009	0.004509	0.00201605508463
9	0.00450113962145	0.0316	-0.0095	0.00366499	0.00199927751434
10	0.00500164220042	0.0315	-0.0099999	0.00275137	0.00199628981026
11	0.00550255074696	0.03135	-0.0104999	0.00186349	0.00203679103222
12	0.00600264138327	0.03135	-0.011	0.00131322	0.00208111544076
13	0.0065040618706	0.0311	-0.0114999	0.00101376	0.00210276246766
14	0.00700344056987	0.0312	-0.0119999	0.000844005	0.00212491567266
15	0.00750281926915	0.0313	-0.0124999	0.000715259	0.00213308403268
16	0.00800372781569	0.03115	-0.0129999	0.000600819	0.00215136250149
17	0.00850127069823	0.03155	-0.0134999	0.000535969	0.00212515547701
18	0.00900217924478	0.0314	-0.0139999	0.000495914	0.00210218869669
19	0.00950278182187	0.0313	-0.0144999	0.000433924	0.00207655100609
20	0.0100024664906	0.03135	-0.0149999	0.000360491	0.00207947560928
21	0.0105033750371	0.0312	-0.0154999	0.00030327	0.00207518694144
22	0.0110037716429	0.03115	-0.016	0.000263216	0.00206462982475
23	0.0115037622811	0.03115	-0.0165	0.000239373	0.00206980118588
24	0.0120036529211	0.03115	-0.0169999	0.000211717	0.00207291287621
25	0.0125024196815	0.03135	-0.0174999	0.000177384	0.00207706563393
26	0.0130027162891	0.0313	-0.0179999	0.000154496	0.00208471312572
27	0.0135037248338	0.03115	-0.0185	0.00013733	0.00208644073259
28	0.0140020856266	0.0314	-0.0189999	0.000123025	0.00207136353562
29	0.014500852387	0.0316	-0.0194999	0.000110627	0.00207150335937
30	0.0150039027197	0.0311	-0.0199999	9.82289e-05	0.0020499960267
31	0.0155023635106	0.03135	-0.0204999	8.86922e-05	0.00205360191317
32	0.0160035780266	0.03115	-0.0209999	7.91554e-05	0.00206281187909
33	0.0164998970313	0.03175	-0.0214999	7.24797e-05	0.00207221265834
34	0.0170012115454	0.03155	-0.022	6.77113e-05	0.00209292102369
35	0.0175017141244	0.03145	-0.0224999	6.19893e-05	0.0020623096763
36	0.0180030286385	0.03125	-0.023	5.81744e-05	0.00207116545748
37	0.0185001655535	0.0317	-0.0234999	5.43597e-05	0.00206269772029
38	0.0190033158844	0.0312	-0.024	5.24523e-05	0.00204064635566
0	0.0	0.0318	-0.005	0.0153695	0.00201893047754
1	0.00050250705249	0.0314	-0.0054999	0.0149823	0.0020187137985
2	0.00100226912324	0.03145	-0.006	0.013423	0.00197999230585
3	0.00150225841585	0.03145	-0.0065	0.0112725	0.00197005048634
4	0.00200192048875	0.0315	-0.007	0.00919729	0.00197590632728
5	0.00250256422079	0.0314	-0.0075	0.00765708	0.00198829292082
6	0.00300147185639	0.03155	-0.0079999	0.00617889	0.00201428638189
7	0.00350342446731	0.03125	-0.0084999	0.0053263	0.00201787551876
8	0.00400187765919	0.0315	-0.009	0.004509	0.00201605508463
9	0.00450121251237	0.0316	-0.0095	0.00366499	0.00199927751434
10	0.00500175624655	0.0315	-0.0099999	0.00275137	0.00199628981026
11	0.00550272719832	0.03135	-0.0104999	0.00186349	0.00203679103222
12	0.00600281648879	0.03135	-0.011	0.00131322	0.00208111544076
13	0.00650434188213	0.0311	-0.0114999	0.00101376	0.00210276246766
14	0.0070036767353	0.0312	-0.0119999	0.000844005	0.00212491567266
15	0.00750301158848	0.0313	-0.0124999	0.000715259	0.00213308403268
16	0.00800398254024	0.03115	-0.0129999	0.000600819	0.00215136250149
17	0.00850135407511	0.03155	-0.0134999	0.000535969	0.00212515547701
18	0.00900232502688	0.0314	-0.0139999	0.000495914	0.00210218869669
19	0.00950296875892	0.0313	-0.0144999	0.000433924	0.00207655100609
20	0.0100026308318	0.03135	-0.0149999	0.000360491	0.00207947560928
21	0.0105036017836	0.0312	-0.0154999	0.00030327	0.00207518694144
22	0.0110040182938	0.03115	-0.016	0.000263216	0.00206462982475
23	0.0115040075864	0.03115	-0.0165	0.000239373	0.00206980118588
24	0.0120038968811	0.03115	-0.0169999	0.000211717	0.00207291287621
25	0.0125025772949	0.03135	-0.0174999	0.000177384	0.00207706563393
26	0.0130028938072	0.0313	-0.0179999	0.000154496	0.00208471312572
27	0.0135039647568	0.03115	-0.0185	0.00013733	0.00208644073259
28	0.014002217953	0.0314	-0.0189999	0.000123025	0.00207136353562
29	0.0145008983667	0.0316	-0.0194999	0.000110627	0.00207150335937
30	0.0150041598565	0.0311	-0.0199999	9.82289e-05	0.0020499960267
31	0.0155025130505	0.03135	-0.0204999	8.86922e-05	0.00205360191317
32	0.016003811222	0.03115	-0.0209999	7.91554e-05	0.00206281187909
33	0.016499873878	0.03175	-0.0214999	7.24797e-05	0.00207221265834
34	0.0170012720474	0.03155	-0.022	6.77113e-05	0.00209292102369
35	0.0175018157815	0.03145	-0.0224999	6.19893e-05	0.0020623096763
36	0.0180032139509	0.03125	-0.023	5.81744e-05	0.00207116545748
37	0.0185001582682	0.0317	-0.0234999	5.43597e-05	0.00206269772029
38	0.0190035197558	0.0312	-0.024	5.24523e-05	0.00204064635566
39	0.0195030818309	0.03125	-0.0244999	5.14986e-05	0.00206134747429
0	0.0	0.0318	-0.005	0.0153695	0.00201893047754
1	0.000501812319293	0.0314	-0.0054999	0.0149823	0.0020187137985
2	0.00100166681138	0.03145	-0.006	0.013423	0.00197999230585
3	0.00150166106294	0.03145	-0.0065	0.0112725	0.00197005048634
4	0.00200141555618	0.0315	-0.007	0.00919729	0.00197590632728
5	0.00250188932439	0.0314	-0.0075	0.00765708	0.00198829292082
6	0.00300106430213	0.03155	-0.0079999	0.00617889	0.00201428638189
7	0.00350249710363	0.03125	-0.0084999	0.0053263	0.00201787551876
8	0.00400139256243	0.0315	-0.009	0.004509	0.00201605508463
9	0.00450090729735	0.0316	-0.0095	0.00366499	0.00199927751434
10	0.0050012810667	0.0315	-0.0099999	0.00275137	0.00199628981026
11	0.00550199459323	0.03135	-0.0104999	0.00186349	0.00203679103222
12	0.00600208884364	0.03135	-0.011	0.00131322	0.00208111544076
13	0.00650318188797	0.0311	-0.0114999	0.00101376	0.00210276246766
14	0.00700269662288	0.0312	-0.0119999	0.000844005	0.00212491567266
15	0.0075022113578	0.0313	-0.0124999	0.000715259	0.00213308403268
16	0.00800292488433	0.03115	-0.0129999	0.000600819	0.00215136250149
17	0.00850100106931	0.03155	-0.0134999	0.000535969	0.00212515547701
18	0.00900171459584	0.0314	-0.0139999	0.000495914	0.00210218869669
19	0.00950218836405	0.0313	-0.0144999	0.000433924	0.00207655100609
20	0.0100019428573	0.03135	-0.0149999	0.000360491	0.00207947560928
21	0.0105026563838	0.0312	-0.0154999	0.00030327	0.00207518694144
22	0.0110029903926	0.03115	-0.016	0.000263216	0.00206462982475
23	0.0115029846441	0.03115	-0.0165	0.000239373	0.00206980118588
24	0.0120028788968	0.03115	-0.0169999	0.000211717	0.00207291287621
25	0.0125019141151	0.03135	-0.0174999	0.000177384	0.00207706563393
26	0.013002148125	0.0313	-0.0179999	0.000154496	0.00208471312572
27	0.0135029616504	0.03115	-0.0185	0.00013733	0.00208644073259
28	0.0140016571115	0.0314	-0.0189999	0.000123025	0.00207136353562
29	0.0145006923297	0.0316	-0.0194999	0.000110627	0.00207150335937
30	0.0150030841645	0.0311	-0.0199999	9.82289e-05	0.0020499960267
31	0.0155018796245	0.03135	-0.0204999	8.86922e-05	0.00205360191317
32	0.0160028329093	0.03115	-0.0209999	7.91554e-05	0.00206281187909
33	0.016499950061	0.03175	-0.0214999	7.24797e-05	0.00207221265834
34	0.0170010033447	0.03155	-0.022	6.77113e-05	0.00209292102369
35	0.0175013771141	0.03145	-0.0224999	6.19893e-05	0.0020623096763
36	0.0180024303978	0.03125	-0.023	5.81744e-05	0.00207116545748
37	0.0185001668256	0.0317	-0.0234999	5.43597e-05	0.00206269772029
38	0.0190026586592	0.0312	-0.024	5.24523e-05	0.00204064635566
39	0.0195023131536	0.03125	-0.0244999	5.14986e-05	0.00206134747429
40	0.0200008688552	0.03155	-0.0249999	5.24523e-05	0.00208274270357
0	0.0	0.0318	-0.005	0.0153695	0.00201893047754
1	0.000501734028314	0.0314	-0.0054999	0.0149823	0.0020187137985
2	0.00100159882701	0.03145	-0.006	0.013423	0.00197999230585
3	0.00150159354093	0.03145	-0.0065	0.0112725	0.00197005048634
4	0.00200135834068	0.0315	-0.007	0.00919729	0.00197590632728
5	0.00250181288294	0.0314	-0.0075	0.00765708	0.00198829292082
6	0.00300101785541	0.03155	-0.0079999	0.00617889	0.00201428638189
7	0.00350239205433	0.03125	-0.0084999	0.0053263	0.00201787551876
8	0.00400133719636	0.0315	-0.009	0.004509	0.00201605508463
9	0.00450087208195	0.0316	-0.0095	0.00366499	0.00199927751434
10	0.00500122662526	0.0315	-0.0099999	0.00275137	0.00199628981026
11	0.00550191108168	0.03135	-0.0104999	0.00186349	0.00203679103222
12	0.00600200579454	0.03135	-0.011	0.00131322	0.00208111544076
13	0.00650305008035	0.0311	-0.0114999	0.00101376	0.00210276246766
14	0.00700258496594	0.0312	-0.0119999	0.000844005	0.00212491567266
15	0.00750211985152	0.0313	-0.0124999	0.000715259	0.00213308403268
16	0.00800280430794	0.03115	-0.0129999	0.000600819	0.00215136250149
17	0.00850095970853	0.03155	-0.0134999	0.000535969	0.00212515547701
18	0.00900164416495	0.0314	-0.0139999	0.000495914	0.00210218869669
19	0.0095020987072	0.0313	-0.0144999	0.000433924	0.00207655100609
20	0.010001863507	0.03135	-0.0149999	0.000360491	0.00207947560928
21	0.0105025479634	0.0312	-0.0154999	0.00030327	0.00207518694144
22	0.0110028725904	0.03115	-0.016	0.000263216	0.00206462982475
23	0.0115028673043	0.03115	-0.0165	0.000239373	0.00206980118588
24	0.0120027620193	0.03115	-0.0169999	0.000211717	0.00207291287621
25	0.0125018370766	0.03135	-0.0174999	0.000177384	0.00207706563393
26	0.0130020617046	0.0313	-0.0179999	0.000154496	0.00208471312572
27	0.01350284616	0.03115	-0.0185	0.00013733	0.00208644073259
28	0.0140015913041	0.0314	-0.0189999	0.000123025	0.00207136353562
29	0.0145006663614	0.0316	-0.0194999	0.000110627	0.00207150335937
30	0.015002960217	0.0311	-0.0199999	9.82289e-05	0.0020499960267
31	0.0155018053601	0.03135	-0.0204999	8.86922e-05	0.00205360191317
32	0.0160027197307	0.03115	-0.0209999	7.91554e-05	0.00206281187909
33	0.0164999554746	0.03175	-0.0214999	7.24797e-05	0.00207221265834
34	0.0170009698441	0.03155	-0.022	6.77113e-05	0.00209292102369
35	0.0175013243874	0.03145	-0.0224999	6.19893e-05	0.0020623096763
36	0.0180023387569	0.03125	-0.023	5.81744e-05	0.00207116545748
37	0.0185001642444	0.0317	-0.0234999	5.43597e-05	0.00206269772029
38	0.019002558099	0.0312	-0.024	5.24523e-05	0.00204064635566
39	0.0195022228998	0.03125	-0.0244999	5.14986e-05	0.00206134747429
40	0.0200008381287	0.03155	-0.0249999	5.24523e-05	0.00208274270357
41	0.0205018524982	0.03135	-0.0255	5.24523e-05	0.00209187838751
0	0.0	0.0318	-0.005	0.0153695	0.00201893047754
1	0.000502038843136	0.0314	-0.0054999	0.0149823	0.0020187137985
2	0.00100186339086	0.03145	-0.006	0.013423	0.00197999230585
3	0.00150185619475	0.03145	-0.0065	0.0112725	0.00197005048634
4	0.00200158074391	0.0315	-0.007	0.00919729	0.00197590632728
5	0.00250211005725	0.0314	-0.0075	0.00765708	0.00198829292082
6	0.0030011980984	0.03155	-0.0079999	0.00617889	0.00201428638189
7	0.00350280043064	0.03125	-0.0084999	0.0053263	0.00201787551876
8	0.00400155195946	0.0315	-0.009	0.004509	0.00201605508463
9	0.0045010082539	0.0316	-0.0095	0.00366499	0.00199927751434
10	0.00500143756868	0.0315	-0.0099999	0.00275137	0.00199628981026
11	0.00550223513675	0.03135	-0.0104999	0.00186349	0.00203679103222
12	0.00600232793919	0.03135	-0.011	0.00131322	0.00208111544076
13	0.00650356201815	0.0311	-0.0114999	0.00101376	0.00210276246766
14	0.00700301831259	0.0312	-0.0119999	0.000844005	0.00212491567266
15	0.00750247460703	0.0313	-0.0124999	0.000715259	0.00213308403268
16	0.00800327217509	0.03115	-0.0129999	0.000600819	0.00215136250149
17	0.00850111894117	0.03155	-0.0134999	0.000535969	0.00212515547701
18	0.00900191650924	0.0314	-0.0139999	0.000495914	0.00210218869669
19	0.00950244582258	0.0313	-0.0144999	0.000433924	0.00207655100609
20	0.0100021703717	0.03135	-0.0149999	0.000360491	0.00207947560928
21	0.0105029679398	0.0312	-0.0154999	0.00030327	0.00207518694144
22	0.011003328997	0.03115	-0.016	0.000263216	0.00206462982475
23	0.0115033218009	0.03115	-0.0165	0.000239373	0.00206980118588
24	0.0120032146062	0.03115	-0.0169999	0.000211717	0.00207291287621
25	0.0125021343912	0.03135	-0.0174999	0.000177384	0.00207706563393
26	0.0130023954498	0.0313	-0.0179999	0.000154496	0.00208471312572
27	0.0135032930164	0.03115	-0.0185	0.00013733	0.00208644073259
28	0.0140018445481	0.0314	-0.0189999	0.000123025	0.00207136353562
29	0.0145007643331	0.0316	-0.0194999	0.000110627	0.00207150335937
30	0.0150034396843	0.0311	-0.0199999	9.82289e-05	0.0020499960267
31	0.0155020912145	0.03135	-0.0204999	8.86922e-05	0.00205360191317
32	0.0160031570373	0.03115	-0.0209999	7.91554e-05	0.00206281187909
33	0.0164999307845	0.03175	-0.0214999	7.24797e-05	0.00207221265834
34	0.0170010966058	0.03155	-0.022	6.77113e-05	0.00209292102369
35	0.0175015259206	0.03145	-0.0224999	6.19893e-05	0.0020623096763
36	0.018002691742	0.03125	-0.023	5.81744e-05	0.00207116545748
37	0.0185001702548	0.0317	-0.0234999	5.43597e-05	0.00206269772029
38	0.0190029456045	0.0312	-0.024	5.24523e-05	0.00204064635566
39	0.0195025701551	0.03125	-0.0244999	5.14986e-05	0.00206134747429
40	0.0200009534306	0.03155	-0.0249999	5.24523e-05	0.00208274270357
41	0.020502119252	0.03135	-0.0255	5.24523e-05	0.00209187838751
42	0.0210028168215	0.0312	-0.0259999	5.72207e-05	0.0020499992712
0	0.0	0.0318	-0.005	0.0153695	0.00201893047754
1	0.000502176810847	0.0314	-0.0054999	0.0149823	0.0020187137985
2	0.00100198303032	0.03145	-0.006	0.013423	0.00197999230585
3	0.00150197487232	0.03145	-0.0065	0.0112725	0.00197005048634
4	0.00200168109342	0.0315	-0.007	0.00919729	0.00197590632728
5	0.00250224417723	0.0314	-0.0075	0.00765708	0.00198829292082
6	0.00300127915816	0.03155	-0.0079999	0.00617889	0.00201428638189
7	0.00350298472557	0.03125	-0.0084999	0.0053263	0.00201787551876
8	0.00400164846144	0.0315	-0.009	0.004509	0.00201605508463
9	0.00450106906164	0.0316	-0.0095	0.00366499	0.00199927751434
10	0.00500153214708	0.0315	-0.0099999	0.00275137	0.00199628981026
11	0.00550238085178	0.03135	-0.0104999	0.00186349	0.00203679103222
12	0.00600247269216	0.03135	-0.011	0.00131322	0.00208111544076
13	0.0065037926403	0.0311	-0.0114999	0.00101376	0.00210276246766
14	0.0070032132405	0.0312	-0.0119999	0.000844005	0.00212491567266
15	0.0075026338407	0.0313	-0.0124999	0.000715259	0.00213308403268
16	0.00800348254541	0.03115	-0.0129999	0.000600819	0.00215136250149
17	0.0085011894202	0.03155	-0.0134999	0.000535969	0.00212515547701
18	0.00900203812491	0.0314	-0.0139999	0.000495914	0.00210218869669
19	0.00950260120871	0.0313	-0.0144999	0.000433924	0.00207655100609
20	0.0100023074298	0.03135	-0.0149999	0.000360491	0.00207947560928
21	0.0105031561345	0.0312	-0.0154999	0.00030327	0.00207518694144
22	0.0110035335958	0.03115	-0.016	0.000263216	0.00206462982475
23	0.0115035254378	0.03115	-0.0165	0.000239373	0.00206980118588
24	0.0120034172814	0.03115	-0.0169999	0.000211717	0.00207291287621
25	0.0125022666398	0.03135	-0.0174999	0.000177384	0.00207706563393
26	0.0130025441027	0.0313	-0.0179999	0.000154496	0.00208471312572
27	0.0135034928058	0.03115	-0.0185	0.00013733	0.00208644073259
28	0.0140019565449	0.0314	-0.0189999	0.000123025	0.00207136353562
29	0.0145008059033	0.0316	-0.0194999	0.000110627	0.00207150335937
30	0.0150036539544	0.0311	-0.0199999	9.82289e-05	0.0020499960267
31	0.0155022176919	0.03135	-0.0204999	8.86922e-05	0.00205360191317
32	0.0160033520175	0.03115	-0.0209999	7.91554e-05	0.00206281187909
33	0.0164999164086	0.03175	-0.0214999	7.24797e-05	0.00207221265834
34	0.0170011507326	0.03155	-0.022	6.77113e-05	0.00209292102369
35	0.0175016138181	0.03145	-0.0224999	6.19893e-05	0.0020623096763
36	0.018002848142	0.03125	-0.023	5.81744e-05	0.00207116545748
37	0.0185001693976	0.0317	-0.0234999	5.43597e-05	0.00206269772029
38	0.019003117447	0.0312	-0.024	5.24523e-05	0.00204064635566
39	0.0195027236697	0.03125	-0.0244999	5.14986e-05	0.00206134747429
40	0.0200010017863	0.03155	-0.0249999	5.24523e-05	0.00208274270357
41	0.0205022361103	0.03135	-0.0255	5.24523e-05	0.00209187838751
42	0.0210029848166	0.0312	-0.0259999	5.72207e-05	0.0020499992712
43	0.0215026910377	0.03125	-0.0264999	6.5804e-05	0.00204148262682
0	0.0	0.0318	-0.005	0.0153695	0.00201893047754
1	0.000502635816267	0.0314	-0.0054999	0.0149823	0.0020187137985
2	0.00100238056665	0.03145	-0.006	0.013423	0.00197999230585
3	0.00150236877064	0.03145	-0.0065	0.0112725	0.00197005048634
4	0.00200201352338	0.0315	-0.007	0.00919729	0.00197590632728
5	0.00250268862985	0.0314	-0.0075	0.00765708	0.00198829292082
6	0.00300154648247	0.03155	-0.0079999	0.00617889	0.00201428638189
7	0.0035035953939	0.03125	-0.0084999	0.0053263	0.00201787551876
8	0.00400196633933	0.0315	-0.009	0.004509	0.00201605508463
9	0.00450126764083	0.0316	-0.0095	0.00366499	0.00199927751434
10	0.00500184274966	0.0315	-0.0099999	0.00275137	0.00199628981026
11	0.00550286130736	0.03135	-0.0104999	0.00186349	0.00203679103222
12	0.00600294950899	0.03135	-0.011	0.00131322	0.00208111544076
13	0.00650455497153	0.0311	-0.0114999	0.00101376	0.00210276246766
14	0.00700385627304	0.0312	-0.0119999	0.000844005	0.00212491567266
15	0.00750315757454	0.0313	-0.0124999	0.000715259	0.00213308403268
16	0.00800417613225	0.03115	-0.0129999	0.000600819	0.00215136250149
17	0.00850141672631	0.03155	-0.0134999	0.000535969	0.00212515547701
18	0.00900243528402	0.0314	-0.0139999	0.000495914	0.00210218869669
19	0.00950311039049	0.0313	-0.0144999	0.000433924	0.00207655100609
20	0.0100027551432	0.03135	-0.0149999	0.000360491	0.00207947560928
21	0.0105037737009	0.0312	-0.0154999	0.00030327	0.00207518694144
22	0.0110042053538	0.03115	-0.016	0.000263216	0.00206462982475
23	0.0115041935578	0.03115	-0.0165	0.000239373	0.00206980118588
24	0.0120040817641	0.03115	-0.0169999	0.000211717	0.00207291287621
25	0.0125026961632	0.03135	-0.0174999	0.000177384	0.00207706563393
26	0.0130030278184	0.0313	-0.0179999	0.000154496	0.00208471312572
27	0.0135041463737	0.03115	-0.0185	0.00013733	0.00208644073259
28	0.0140023173239	0.0314	-0.0189999	0.000123025	0.00207136353562
29	0.0145009317229	0.0316	-0.0194999	0.000110627	0.00207150335937
30	0.0150043544393	0.0311	-0.0199999	9.82289e-05	0.0020499960267
31	0.0155026253871	0.03135	-0.0204999	8.86922e-05	0.00205360191317
32	0.016003987396	0.03115	-0.0209999	7.91554e-05	0.00206281187909
33	0.0164998541851	0.03175	-0.0214999	7.24797e-05	0.00207221265834
34	0.0170013161917	0.03155	-0.022	6.77113e-05	0.00209292102369
35	0.0175018913005	0.03145	-0.0224999	6.19893e-05	0.0020623096763
36	0.0180033533071	0.03125	-0.023	5.81744e-05	0.00207116545748
37	0.0185001504523	0.0317	-0.0234999	5.43597e-05	0.00206269772029
38	0.0190036731663	0.0312	-0.024	5.24523e-05	0.00204064635566
39	0.0195032179214	0.03125	-0.0244999	5.14986e-05	0.00206134747429
40	0.020001145418	0.03155	-0.0249999	5.24523e-05	0.00208274270357
41	0.0205026074246	0.03135	-0.0255	5.24523e-05	0.00209187838751
42	0.0210035259846	0.0312	-0.0259999	5.72207e-05	0.0020499992712
43	0.0215031707374	0.03125	-0.0264999	6.5804e-05	0.00204148262682
44	0.0220041892951	0.0311	-0.0269999	7.72481e-05	0.00203706466734
0	0.0	0.0318	-0.005	0.0153695	0.00201893047754
1	0.000503139355755	0.0314	-0.0054999	0.0149823	0.0020187137985
2	0.00100281579852	0.03145	-0.006	0.013423	0.00197999230585
3	0.00150279923419	0.03145	-0.0065	0.0112725	0.00197005048634
4	0.00200237568027	0.0315	-0.007	0.00919729	0.00197590632728
5	0.00250317309513	0.0314	-0.0075	0.00765708	0.00198829292082
6	0.00300183556533	0.03155	-0.0079999	0.00617889	0.00201428638189
7	0.00350426093858	0.03125	-0.0084999	0.0053263	0.00201787551876
8	0.00400230942296	0.0315	-0.009	0.004509	0.00201605508463
9	0.00450147887944	0.0316	-0.0095	0.00366499	0.00199927751434
10	0.00500217629762	0.0315	-0.0099999	0.00275137	0.00199628981026
11	0.00550338070208	0.03135	-0.0104999	0.00186349	0.00203679103222
12	0.00600346413444	0.03135	-0.011	0.00131322	0.00208111544076
13	0.0065053825214	0.0311	-0.0114999	0.00101376	0.00210276246766
14	0.00700455197788	0.0312	-0.0119999	0.000844005	0.00212491567266
15	0.00750372143436	0.0313	-0.0124999	0.000715259	0.00213308403268
16	0.00800492583882	0.03115	-0.0129999	0.000600819	0.00215136250149
17	0.00850165335773	0.03155	-0.0134999	0.000535969	0.00212515547701
18	0.00900285776219	0.0314	-0.0139999	0.000495914	0.00210218869669
19	0.00950365517705	0.0313	-0.0144999	0.000433924	0.00207655100609
20	0.0100032316231	0.03135	-0.0149999	0.000360491	0.00207947560928
21	0.0105044360276	0.0312	-0.0154999	0.00030327	0.00207518694144
22	0.0110049264495	0.03115	-0.016	0.000263216	0.00206462982475
23	0.0115049098852	0.03115	-0.0165	0.000239373	0.00206980118588
24	0.0120047933242	0.03115	-0.0169999	0.000211717	0.00207291287621
25	0.0125031488015	0.03135	-0.0174999	0.000177384	0.00207706563393
26	0.0130035392268	0.0313	-0.0179999	0.000154496	0.00208471312572
27	0.0135048436279	0.03115	-0.0185	0.00013733	0.00208644073259
28	0.0140026921189	0.0314	-0.0189999	0.000123025	0.00207136353562
29	0.0145010475962	0.0316	-0.0194999	0.000110627	0.00207150335937
30	0.0150051009278	0.0311	-0.0199999	9.82289e-05	0.0020499960267
31	0.0155030494155	0.03135	-0.0204999	8.86922e-05	0.00205360191317
32	0.0160046608096	0.03115	-0.0209999	7.91554e-05	0.00206281187909
33	0.0164997603701	0.03175	-0.0214999	7.24797e-05	0.00207221265834
34	0.0170014717608	0.03155	-0.022	6.77113e-05	0.00209292102369
35	0.017502169179	0.03145	-0.0224999	6.19893e-05	0.0020623096763
36	0.0180038805698	0.03125	-0.023	5.81744e-05	0.00207116545748
37	0.0185001011024	0.0317	-0.0234999	5.43597e-05	0.00206269772029
38	0.0190042544307	0.0312	-0.024	5.24523e-05	0.00204064635566
39	0.0195037308801	0.03125	-0.0244999	5.14986e-05	0.00206134747429
40	0.0200012723782	0.03155	-0.0249999	5.24523e-05	0.00208274270357
41	0.0205029837689	0.03135	-0.0255	5.24523e-05	0.00209187838751
42	0.0210040881767	0.0312	-0.0259999	5.72207e-05	0.0020499992712
43	0.0215036646228	0.03125	-0.0264999	6.5804e-05	0.00204148262682
44	0.0220048690272	0.0311	-0.0269999	7.72481e-05	0.00203706466734
45	0.0225052594525	0.03105	-0.0274999	7.43871e-05	0.00202576833598
0	0.0	0.0318	-0.005	0.0153695	0.00201893047754
1	0.000502412576154	0.0314	-0.0054999	0.0149823	0.0020187137985
2	0.00100218731716	0.03145	-0.006	0.013423	0.00197999230585
3	0.00150217737474	0.03145	-0.0065	0.0112725	0.00197005048634
4	0.00200185211774	0.0315	-0.007	0.00919729	0.00197590632728
5	0.00250247280446	0.0314	-0.0075	0.00765708	0.00198829292082
6	0.0030014169203	0.03155	-0.0079999	0.00617889	0.00201428638189
7	0.00350329886532	0.03125	-0.0084999	0.0053263	0.00201787551876
8	0.00400181234803	0.0315	-0.009	0.004509	0.00201605508463
9	0.00450117177645	0.0316	-0.0095	0.00366499	0.00199927751434
10	0.00500169246516	0.0315	-0.0099999	0.00275137	0.00199628981026
11	0.00550262846646	0.03135	-0.0104999	0.00186349	0.00203679103222
12	0.00600271852204	0.03135	-0.011	0.00131322	0.00208111544076
13	0.00650418515448	0.0311	-0.0114999	0.00101376	0.00210276246766
14	0.0070035445829	0.0312	-0.0119999	0.000844005	0.00212491567266
15	0.00750290401133	0.0313	-0.0124999	0.000715259	0.00213308403268
16	0.00800384001262	0.03115	-0.0129999	0.000600819	0.00215136250149
17	0.0085013075536	0.03155	-0.0134999	0.000535969	0.00212515547701
18	0.0090022435549	0.0314	-0.0139999	0.000495914	0.00210218869669
19	0.00950286424162	0.0313	-0.0144999	0.000433924	0.00207655100609
20	0.0100025389846	0.03135	-0.0149999	0.000360491	0.00207947560928
21	0.0105034749859	0.0312	-0.0154999	0.00030327	0.00207518694144
22	0.0110038803561	0.03115	-0.016	0.000263216	0.00206462982475
23	0.0115038704136	0.03115	-0.0165	0.000239373	0.00206980118588
24	0.0120037604732	0.03115	-0.0169999	0.000211717	0.00207291287621
25	0.0125024892725	0.03135	-0.0174999	0.000177384	0.00207706563393
26	0.0130027946446	0.0313	-0.0179999	0.000154496	0.00208471312572
27	0.0135038306439	0.03115	-0.0185	0.00013733	0.00208644073259
28	0.0140021441306	0.0314	-0.0189999	0.000123025	0.00207136353562
29	0.0145008729299	0.0316	-0.0194999	0.000110627	0.00207150335937
30	0.0150040161332	0.0311	-0.0199999	9.82289e-05	0.0020499960267
31	0.0155024296179	0.03135	-0.0204999	8.86922e-05	0.00205360191317
32	0.0160036809338	0.03115	-0.0209999	7.91554e-05	0.00206281187909
33	0.0164998872165	0.03175	-0.0214999	7.24797e-05	0.00207221265834
34	0.0170012385304	0.03155	-0.022	6.77113e-05	0.00209292102369
35	0.0175017592191	0.03145	-0.0224999	6.19893e-05	0.0020623096763
36	0.0180031105329	0.03125	-0.023	5.81744e-05	0.00207116545748
37	0.0185001627613	0.0317	-0.0234999	5.43597e-05	0.00206269772029
38	0.0190034059627	0.0312	-0.024	5.24523e-05	0.00204064635566
39	0.0195029807077	0.03125	-0.0244999	5.14986e-05	0.00206134747429
40	0.0200010788778	0.03155	-0.0249999	5.24523e-05	0.00208274270357
41	0.0205024301917	0.03135	-0.0255	5.24523e-05	0.00209187838751
42	0.0210032661949	0.0312	-0.0259999	5.72207e-05	0.0020499992712
43	0.0215029409379	0.03125	-0.0264999	6.5804e-05	0.00204148262682
44	0.0220038769392	0.0311	-0.0269999	7.72481e-05	0.00203706466734
45	0.0225041823114	0.03105	-0.0274999	7.43871e-05	0.00202576833598
46	0.0230007039086	0.0316	-0.0279999	4.19619e-05	0.00203656987127
0	0.0	0.0318	-0.005	0.0153695	0.00201893047754
1	0.000502980857969	0.0314	-0.0054999	0.0149823	0.0020187137985
2	0.00100267890068	0.03145	-0.006	0.013423	0.00197999230585
3	0.0015026639252	0.03145	-0.0065	0.0112725	0.00197005048634
4	0.00200226197091	0.0315	-0.007	0.00919729	0.00197590632728
5	0.00250302095304	0.0314	-0.0075	0.00765708	0.00198829292082
6	0.00300174504413	0.03155	-0.0079999	0.00617889	0.00201428638189
7	0.00350405194149	0.03125	-0.0084999	0.0053263	0.00201787551876
8	0.00400220206897	0.0315	-0.009	0.004509	0.00201605508463
9	0.00450141313587	0.0316	-0.0095	0.00366499	0.00199927751434
10	0.005002072121	0.0315	-0.0099999	0.00275137	0.00199628981026
11	0.00550321808194	0.03135	-0.0104999	0.00186349	0.00203679103222
12	0.00600330310346	0.03135	-0.011	0.00131322	0.00208111544076
13	0.006505123025	0.0311	-0.0114999	0.00101376	0.00210276246766
14	0.00700433409191	0.0312	-0.0119999	0.000844005	0.00212491567266
15	0.00750354515881	0.0313	-0.0124999	0.000715259	0.00213308403268
16	0.00800469111975	0.03115	-0.0129999	0.000600819	0.00215136250149
17	0.0085015803138	0.03155	-0.0134999	0.000535969	0.00212515547701
18	0.00900272627474	0.0314	-0.0139999	0.000495914	0.00210218869669
19	0.00950348525687	0.0313	-0.0144999	0.000433924	0.00207655100609
20	0.0100030833026	0.03135	-0.0149999	0.000360491	0.00207947560928
21	0.0105042292635	0.0312	-0.0154999	0.00030327	0.00207518694144
22	0.0110047012638	0.03115	-0.016	0.000263216	0.00206462982475
23	0.0115046862884	0.03115	-0.0165	0.000239373	0.00206980118588
24	0.0120045713159	0.03115	-0.0169999	0.000211717	0.00207291287621
25	0.0125030084252	0.03135	-0.0174999	0.000177384	0.00207706563393
26	0.0130033804285	0.0313	-0.0179999	0.000154496	0.00208471312572
27	0.0135046263864	0.03115	-0.0185	0.00013733	0.00208644073259
28	0.0140025765199	0.0314	-0.0189999	0.000123025	0.00207136353562
29	0.0145010136292	0.0316	-0.0194999	0.000110627	0.00207150335937
30	0.0150048684418	0.0311	-0.0199999	9.82289e-05	0.0020499960267
31	0.0155029185723	0.03135	-0.0204999	8.86922e-05	0.00205360191317
32	0.016004451512	0.03115	-0.0209999	7.91554e-05	0.00206281187909
33	0.0164997927908	0.03175	-0.0214999	7.24797e-05	0.00207221265834
34	0.0170014257276	0.03155	-0.022	6.77113e-05	0.00209292102369
35	0.0175020847127	0.03145	-0.0224999	6.19893e-05	0.0020623096763
36	0.0180037176495	0.03125	-0.023	5.81744e-05	0.00207116545748
37	0.0185001198677	0.0317	-0.0234999	5.43597e-05	0.00206269772029
38	0.0190040746773	0.0312	-0.024	5.24523e-05	0.00204064635566
39	0.019503572726	0.03125	-0.0244999	5.14986e-05	0.00206134747429
40	0.0200012358777	0.03155	-0.0249999	5.24523e-05	0.00208274270357
41	0.0205028688144	0.03135	-0.0255	5.24523e-05	0.00209187838751
42	0.0210039147784	0.0312	-0.0259999	5.72207e-05	0.0020499992712
43	0.0215035128241	0.03125	-0.0264999	6.5804e-05	0.00204148262682
44	0.022004658785	0.0311	-0.0269999	7.72481e-05	0.00203706466734
45	0.0225050307883	0.03105	-0.0274999	7.43871e-05	0.00202576833598
46	0.023000759046	0.0316	-0.0279999	4.19619e-05	0.00203656987127
47	0.0235054878132	0.031	-0.0285	8.10628e-05	0.0019654702582
0	0.0	0.0318	-0.005	0.0153695	0.00201893047754
1	0.000503376962177	0.0314	-0.0054999	0.0149823	0.0020187137985
2	0.00100302085345	0.03145	-0.006	0.013423	0.00197999230585
3	0.00150300175557	0.03145	-0.0065	0.0112725	0.00197005048634
4	0.00200254565066	0.0315	-0.007	0.00919729	0.00197590632728
5	0.00250340056684	0.0314	-0.0075	0.00765708	0.00198829292082
6	0.00300197045169	0.03155	-0.0079999	0.00617889	0.00201428638189
7	0.00350457339599	0.03125	-0.0084999	0.0053263	0.00201787551876
8	0.00400246925914	0.0315	-0.009	0.004509	0.00201605508463
9	0.00450157614721	0.0316	-0.0095	0.00366499	0.00199927751434
10	0.00500233106721	0.0315	-0.0099999	0.00275137	0.00199628981026
11	0.00550362299042	0.03135	-0.0104999	0.00186349	0.00203679103222
12	0.00600370388872	0.03135	-0.011	0.00131322	0.00208111544076
13	0.0065057698298	0.0311	-0.0114999	0.00101376	0.00210276246766
14	0.00700487671787	0.0312	-0.0119999	0.000844005	0.00212491567266
15	0.00750398360593	0.0313	-0.0124999	0.000715259	0.00213308403268
16	0.00800527552914	0.03115	-0.0129999	0.000600819	0.00215136250149
17	0.00850176037502	0.03155	-0.0134999	0.000535969	0.00212515547701
18	0.00900305229823	0.0314	-0.0139999	0.000495914	0.00210218869669
19	0.00950390721441	0.0313	-0.0144999	0.000433924	0.00207655100609
20	0.0100034511095	0.03135	-0.0149999	0.000360491	0.00207947560928
21	0.0105047430327	0.0312	-0.0154999	0.00030327	0.00207518694144
22	0.011005260938	0.03115	-0.016	0.000263216	0.00206462982475
23	0.0115052418402	0.03115	-0.0165	0.000239373	0.00206980118588
24	0.0120051227461	0.03115	-0.0169999	0.000211717	0.00207291287621
25	0.0125033556201	0.03135	-0.0174999	0.000177384	0.00207706563393
26	0.0130037735293	0.0313	-0.0179999	0.000154496	0.00208471312572
27	0.0135051654486	0.03115	-0.0185	0.00013733	0.00208644073259
28	0.0140028613194	0.0314	-0.0189999	0.000123025	0.00207136353562
29	0.0145010941934	0.0316	-0.0194999	0.000110627	0.00207150335937
30	0.0150054451659	0.0311	-0.0199999	9.82289e-05	0.0020499960267
31	0.0155032410328	0.03135	-0.0204999	8.86922e-05	0.00205360191317
32	0.0160049699631	0.03115	-0.0209999	7.91554e-05	0.00206281187909
33	0.0164997067808	0.03175	-0.0214999	7.24797e-05	0.00207221265834
34	0.0170015357073	0.03155	-0.022	6.77113e-05	0.00209292102369
35	0.0175022906273	0.03145	-0.0224999	6.19893e-05	0.0020623096763
36	0.0180041195537	0.03125	-0.023	5.81744e-05	0.00207116545748
37	0.0185000673964	0.0317	-0.0234999	5.43597e-05	0.00206269772029
38	0.0190045183649	0.0312	-0.024	5.24523e-05	0.00204064635566
39	0.0195039622639	0.03125	-0.0244999	5.14986e-05	0.00206134747429
40	0.0200013211238	0.03155	-0.0249999	5.24523e-05	0.00208274270357
41	0.0205031500502	0.03135	-0.0255	5.24523e-05	0.00209187838751
42	0.0210043419773	0.0312	-0.0259999	5.72207e-05	0.0020499992712
43	0.0215038858723	0.03125	-0.0264999	6.5804e-05	0.00204148262682
44	0.0220051777956	0.0311	-0.0269999	7.72481e-05	0.00203706466734
45	0.0225055957047	0.03105	-0.0274999	7.43871e-05	0.00202576833598
46	0.0230007695295	0.0316	-0.0279999	4.19619e-05	0.00203656987127
47	0.0235060945122	0.031	-0.0285	8.10628e-05	0.0019654702582
48	0.0240055384111	0.03105	-0.0289999	9.63216e-05	0.00204939485766
0	0.0	0.0318	-0.005	0.0153695	0.00201893047754
1	0.000503160080299	0.0314	-0.0054999	0.0149823	0.0020187137985
2	0.00100283369201	0.03145	-0.006	0.013423	0.00197999230585
3	0.00150281691395	0.03145	-0.0065	0.0112725	0.00197005048634
4	0.00200239052901	0.0315	-0.007	0.00919729	0.00197590632728
5	0.0025031929647	0.0314	-0.0075	0.00765708	0.00198829292082
6	0.00300184736937	0.03155	-0.0079999	0.00617889	0.00201428638189
7	0.00350428823256	0.03125	-0.0084999	0.0053263	0.00201787551876
8	0.00400232341677	0.0315	-0.009	0.004509	0.00201605508463
9	0.00450148742496	0.0316	-0.0095	0.00366499	0.00199927751434
10	0.005002189864	0.0315	-0.0099999	0.00275137	0.00199628981026
11	0.00550340190657	0.03135	-0.0104999	0.00186349	0.00203679103222
12	0.00600348512515	0.03135	-0.011	0.00131322	0.00208111544076
13	0.00650541638482	0.0311	-0.0114999	0.00101376	0.00210276246766
14	0.00700458039301	0.0312	-0.0119999	0.000844005	0.00212491567266
15	0.0075037444012	0.0313	-0.0124999	0.000715259	0.00213308403268
16	0.00800495644376	0.03115	-0.0129999	0.000600819	0.00215136250149
17	0.0085016628107	0.03155	-0.0134999	0.000535969	0.00212515547701
18	0.00900287485327	0.0314	-0.0139999	0.000495914	0.00210218869669
19	0.00950367728896	0.0313	-0.0144999	0.000433924	0.00207655100609
20	0.010003250904	0.03135	-0.0149999	0.000360491	0.00207947560928
21	0.0105044629466	0.0312	-0.0154999	0.00030327	0.00207518694144
22	0.011004955772	0.03115	-0.016	0.000263216	0.00206462982475
23	0.011504938994	0.03115	-0.0165	0.000239373	0.00206980118588
24	0.0120048222193	0.03115	-0.0169999	0.000211717	0.00207291287621
25	0.0125031670137	0.03135	-0.0174999	0.000177384	0.00207706563393
26	0.0130035598425	0.0313	-0.0179999	0.000154496	0.00208471312572
27	0.0135048718817	0.03115	-0.0185	0.00013733	0.00208644073259
28	0.0140027070727	0.0314	-0.0189999	0.000123025	0.00207136353562
29	0.0145010518671	0.0316	-0.0194999	0.000110627	0.00207150335937
30	0.0150051311578	0.0311	-0.0199999	9.82289e-05	0.0020499960267
31	0.0155030663454	0.03135	-0.0204999	8.86922e-05	0.00205360191317
32	0.0160046879948	0.03115	-0.0209999	7.91554e-05	0.00206281187909
33	0.0164997559342	0.03175	-0.0214999	7.24797e-05	0.00207221265834
34	0.0170014775803	0.03155	-0.022	6.77113e-05	0.00209292102369
35	0.0175021800194	0.03145	-0.0224999	6.19893e-05	0.0020623096763
36	0.0180039016654	0.03125	-0.023	5.81744e-05	0.00207116545748
37	0.0185000984289	0.0317	-0.0234999	5.43597e-05	0.00206269772029
38	0.0190042777162	0.0312	-0.024	5.24523e-05	0.00204064635566
39	0.0195037513346	0.03125	-0.0244999	5.14986e-05	0.00206134747429
40	0.0200012769153	0.03155	-0.0249999	5.24523e-05	0.00208274270357
41	0.0205029985614	0.03135	-0.0255	5.24523e-05	0.00209187838751
42	0.0210041106073	0.0312	-0.0259999	5.72207e-05	0.0020499992712
43	0.0215036842224	0.03125	-0.0264999	6.5804e-05	0.00204148262682
44	0.0220048962649	0.0311	-0.0269999	7.72481e-05	0.00203706466734
45	0.0225052890938	0.03105	-0.0274999	7.43871e-05	0.00202576833598
46	0.0230007666401	0.0316	-0.0279999	4.19619e-05	0.00203656987127
47	0.0235057651412	0.031	-0.0285	8.10628e-05	0.0019654702582
48	0.0240052387596	0.03105	-0.0289999	9.63216e-05	0.00204939485766
49	0.0245027643403	0.03135	-0.0294999	7.72481e-05	0.00211770009056
0	0.0	0.0318	-0.005	0.0153695	0.00201893047754
1	0.000504034786614	0.0314	-0.0054999	0.0149823	0.0020187137985
2	0.00100358748572	0.03145	-0.006	0.013423	0.00197999230585
3	0.00150356042099	0.03145	-0.0065	0.0112725	0.00197005048634
4	0.00200301312551	0.0315	-0.007	0.00919729	0.00197590632728
5	0.00250402652226	0.0314	-0.0075	0.00765708	0.00198829292082
6	0.00300233877071	0.03155	-0.0079999	0.00617889	0.00201428638189
7	0.00350543309043	0.03125	-0.0084999	0.0053263	0.00201787551876
8	0.00400290486657	0.0315	-0.009	0.004509	0.00201605508463
9	0.00450183734035	0.0316	-0.0095	0.00366499	0.00199927751434
10	0.00500275074252	0.0315	-0.0099999	0.00275137	0.00199628981026
11	0.00550428437001	0.03135	-0.0104999	0.00186349	0.00203679103222
12	0.00600435729986	0.03135	-0.011	0.00131322	0.00208111544076
13	0.00650683139425	0.0311	-0.0114999	0.00101376	0.00210276246766
14	0.00700576386803	0.0312	-0.0119999	0.000844005	0.00212491567266
15	0.00750469634181	0.0313	-0.0124999	0.000715259	0.00213308403268
16	0.0080062299693	0.03115	-0.0129999	0.000600819	0.00215136250149
17	0.00850204105863	0.03155	-0.0134999	0.000535969	0.00212515547701
18	0.00900357468612	0.0314	-0.0139999	0.000495914	0.00210218869669
19	0.00950458808287	0.0313	-0.0144999	0.000433924	0.00207655100609
20	0.0100040407874	0.03135	-0.0149999	0.000360491	0.00207947560928
21	0.0105055744149	0.0312	-0.0154999	0.00030327	0.00207518694144
22	0.0110061675755	0.03115	-0.016	0.000263216	0.00206462982475
23	0.0115061405107	0.03115	-0.0165	0.000239373	0.00206980118588
24	0.0120060134514	0.03115	-0.0169999	0.000211717	0.00207291287621
25	0.0125039054637	0.03135	-0.0174999	0.000177384	0.00207706563393
26	0.0130043986297	0.0313	-0.0179999	0.000154496	0.00208471312572
27	0.0135060322518	0.03115	-0.0185	0.00013733	0.00208644073259
28	0.0140033040388	0.0314	-0.0189999	0.000123025	0.00207136353562
29	0.0145011960511	0.0316	-0.0194999	0.000110627	0.00207150335937
30	0.0150063712938	0.0311	-0.0199999	9.82289e-05	0.0020499960267
31	0.0155037430753	0.03135	-0.0204999	8.86922e-05	0.00205360191317
32	0.0160057969335	0.03115	-0.0209999	7.91554e-05	0.00206281187909
33	0.0164995270999	0.03175	-0.0214999	7.24797e-05	0.00207221265834
34	0.0170016809527	0.03155	-0.022	6.77113e-05	0.00209292102369
35	0.0175025943549	0.03145	-0.0224999	6.19893e-05	0.0020623096763
36	0.0180047482077	0.03125	-0.023	5.81744e-05	0.00207116545748
37	0.0184999390717	0.0317	-0.0234999	5.43597e-05	0.00206269772029
38	0.019005214309	0.0312	-0.024	5.24523e-05	0.00204064635566
39	0.0195045670189	0.03125	-0.0244999	5.14986e-05	0.00206134747429
40	0.0200014185697	0.03155	-0.0249999	5.24523e-05	0.00208274270357
41	0.0205035724225	0.03135	-0.0255	5.24523e-05	0.00209187838751
42	0.0210050060554	0.0312	-0.0259999	5.72207e-05	0.0020499992712
43	0.02150445876	0.03125	-0.0264999	6.5804e-05	0.00204148262682
44	0.0220059923875	0.0311	-0.0269999	7.72481e-05	0.00203706466734
45	0.0225064855535	0.03105	-0.0274999	7.43871e-05	0.00202576833598
46	0.0230007359506	0.0316	-0.0279999	4.19619e-05	0.00203656987127
47	0.0235070516493	0.031	-0.0285	8.10628e-05	0.0019654702582
48	0.0240064043593	0.03105	-0.0289999	9.63216e-05	0.00204939485766
49	0.0245032559101	0.03135	-0.0294999	7.72481e-05	0.00211770009056
50	0.0250094716142	0.03075	-0.0299999	5.72207e-05	0.0022224515455
