Your comment line - do NOT delete this line
Col 0: Axis index
Col 1: S_path [m]
Col 2: Max voltage X-pos[m]
Col 3: Max voltage Y-pos[m]
Col 4: Max voltage [V]
Col 5: Full width half maximum (FWHM) [m]

Col 0	Col 1	Col 2	Col 3	Col 4	Col 5
0	0	0.0609	-0.0029999	0.0245172	0.00159784147571
0	0.0	0.0609	-0.0029999	0.0245172	0.00159784147571
1	0.0005	0.0609	-0.0034999	0.0194417	0.001628203147
0	0.0	0.0609	-0.0029999	0.0245172	0.00159784147571
1	0.000497502258638	0.0609	-0.0034999	0.0194417	0.001628203147
2	0.00100498750811	0.061	-0.0039999	0.0181848	0.00150214412841
0	0.0	0.0609	-0.0029999	0.0245172	0.00159784147571
1	0.000495148390024	0.0609	-0.0034999	0.0194417	0.001628203147
2	0.00100419364568	0.061	-0.0039999	0.0181848	0.00150214412841
3	0.00151323890133	0.0611	-0.0044999	0.0173208	0.00135466324675
0	0.0	0.0609	-0.0029999	0.0245172	0.00159784147571
1	0.0004937010485	0.0609	-0.0034999	0.0194417	0.001628203147
2	0.00100322521264	0.061	-0.0039999	0.0181848	0.00150214412841
3	0.00151274937677	0.0611	-0.0044999	0.0173208	0.00135466324675
4	0.00202227354091	0.0612	-0.0049999	0.0113469	0.00149360964083
0	0.0	0.0609	-0.0029999	0.0245172	0.00159784147571
1	0.00049814312129	0.0609	-0.0034999	0.0194417	0.001628203147
2	0.00100489654039	0.061	-0.0039999	0.0181848	0.00150214412841
3	0.0015116499595	0.0611	-0.0044999	0.0173208	0.00135466324675
4	0.0020184033786	0.0612	-0.0049999	0.0113469	0.00149360964083
5	0.00249932590426	0.061	-0.0054999	0.00746921	0.0014679723147
0	0.0	0.0609	-0.0029999	0.0245172	0.00159784147571
1	0.000499791650493	0.0609	-0.0034999	0.0194417	0.001628203147
2	0.00100246986363	0.061	-0.0039999	0.0181848	0.00150214412841
3	0.00150514807677	0.0611	-0.0044999	0.0173208	0.00135466324675
4	0.0020078262899	0.0612	-0.0049999	0.0113469	0.00149360964083
5	0.00250184481511	0.061	-0.0054999	0.00746921	0.0014679723147
6	0.00299874990296	0.0609	-0.0059999	0.00518993	0.00148011899045
0	0.0	0.0609	-0.0029999	0.0245172	0.00159784147571
1	0.00049967681597	0.0609	-0.0034999	0.0194417	0.001628203147
2	0.00100294851487	0.061	-0.0039999	0.0181848	0.00150214412841
3	0.00150622021377	0.0611	-0.0044999	0.0173208	0.00135466324675
4	0.00200949191267	0.0612	-0.0049999	0.0113469	0.00149360964083
5	0.00250197896278	0.061	-0.0054999	0.00746921	0.0014679723147
6	0.00299806089582	0.0609	-0.0059999	0.00518993	0.00148011899045
7	0.00350492747765	0.0611	-0.0064999	0.00372125	0.00147090471065
0	0.0	0.0609	-0.0029999	0.0245172	0.00159784147571
1	0.000499862471245	0.0609	-0.0034999	0.0194417	0.001628203147
2	0.00100207023429	0.061	-0.0039999	0.0181848	0.00150214412841
3	0.00150427799733	0.0611	-0.0044999	0.0173208	0.00135466324675
4	0.00200648576038	0.0612	-0.0049999	0.0113469	0.00149360964083
5	0.00250165764803	0.061	-0.0054999	0.00746921	0.0014679723147
6	0.00299917482747	0.0609	-0.0059999	0.00518993	0.00148011899045
7	0.00350372788231	0.0611	-0.0064999	0.00372125	0.00147090471065
8	0.00400124506176	0.061	-0.0069999	0.00283433	0.00149487436448
0	0.0	0.0609	-0.0029999	0.0245172	0.00159784147571
1	0.00049993742639	0.0609	-0.0034999	0.0194417	0.001628203147
2	0.00100145687294	0.061	-0.0039999	0.0181848	0.00150214412841
3	0.0015029763195	0.0611	-0.0044999	0.0173208	0.00135466324675
4	0.00200449576605	0.0612	-0.0049999	0.0113469	0.00149360964083
5	0.00250126915211	0.061	-0.0054999	0.00746921	0.0014679723147
6	0.00299962455834	0.0609	-0.0059999	0.00518993	0.00148011899045
7	0.00350272602505	0.0611	-0.0064999	0.00372125	0.00147090471065
8	0.00400108143128	0.061	-0.0069999	0.00283433	0.00149487436448
9	0.00450101885767	0.061	-0.0074999	0.00210954	0.00153264587497
0	0.0	0.0609	-0.0029999	0.0245172	0.00159784147571
1	0.000499899407697	0.0609	-0.0034999	0.0194417	0.001628203147
2	0.00100180462879	0.061	-0.0039999	0.0181848	0.00150214412841
3	0.00150370984988	0.0611	-0.0044999	0.0173208	0.00135466324675
4	0.00200561507097	0.0612	-0.0049999	0.0113469	0.00149360964083
5	0.00250150285188	0.061	-0.0054999	0.00746921	0.0014679723147
6	0.00299939644618	0.0609	-0.0059999	0.00518993	0.00148011899045
7	0.00350330748067	0.0611	-0.0064999	0.00372125	0.00147090471065
8	0.00400120107497	0.061	-0.0069999	0.00283433	0.00149487436448
9	0.00450110048267	0.061	-0.0074999	0.00210954	0.00153264587497
10	0.00500310568364	0.0611	-0.008	0.00169183	0.00150457319323
0	0.0	0.0609	-0.0029999	0.0245172	0.00159784147571
1	0.000499881991331	0.0609	-0.0034999	0.0194417	0.001628203147
2	0.00100193649037	0.061	-0.0039999	0.0181848	0.00150214412841
3	0.0015039909894	0.0611	-0.0044999	0.0173208	0.00135466324675
4	0.00200604548844	0.0612	-0.0049999	0.0113469	0.00149360964083
5	0.00250158246436	0.061	-0.0054999	0.00746921	0.0014679723147
6	0.00299929194798	0.0609	-0.0059999	0.00518993	0.00148011899045
7	0.00350351895473	0.0611	-0.0064999	0.00372125	0.00147090471065
8	0.00400122843835	0.061	-0.0069999	0.00283433	0.00149487436448
9	0.00450111042968	0.061	-0.0074999	0.00210954	0.00153264587497
10	0.00500326490512	0.0611	-0.008	0.00169183	0.00150457319323
11	0.00550314689645	0.0611	-0.0085	0.00144578	0.00142870566148
0	0.0	0.0609	-0.0029999	0.0245172	0.00159784147571
1	0.000499940597793	0.0609	-0.0034999	0.0194417	0.001628203147
2	0.00100142260635	0.061	-0.0039999	0.0181848	0.00150214412841
3	0.00150290461491	0.0611	-0.0044999	0.0173208	0.00135466324675
4	0.00200438662347	0.0612	-0.0049999	0.0113469	0.00149360964083
5	0.00250124439973	0.061	-0.0054999	0.00746921	0.0014679723147
6	0.00299964358676	0.0609	-0.0059999	0.00518993	0.00148011899045
7	0.00350266700608	0.0611	-0.0064999	0.00372125	0.00147090471065
8	0.00400106619311	0.061	-0.0069999	0.00283433	0.00149487436448
9	0.0045010067909	0.061	-0.0074999	0.00210954	0.00153264587497
10	0.00500258878758	0.0611	-0.008	0.00169183	0.00150457319323
11	0.00550252938537	0.0611	-0.0085	0.00144578	0.00142870566148
12	0.00600082858428	0.061	-0.0089999	0.00126076	0.00151758234266
0	0.0	0.0609	-0.0029999	0.0245172	0.00159784147571
1	0.000499999951601	0.0609	-0.0034999	0.0194417	0.001628203147
2	0.000999955903852	0.061	-0.0039999	0.0181848	0.00150214412841
3	0.0014999118561	0.0611	-0.0044999	0.0173208	0.00135466324675
4	0.00199986780835	0.0612	-0.0049999	0.0113469	0.00149360964083
5	0.00249995575866	0.061	-0.0054999	0.00746921	0.0014679723147
6	0.00299999970961	0.0609	-0.0059999	0.00518993	0.00148011899045
7	0.00349991166251	0.0611	-0.0064999	0.00372125	0.00147090471065
8	0.00399995561346	0.061	-0.0069999	0.00283433	0.00149487436448
9	0.00449995556506	0.061	-0.0074999	0.00210954	0.00153264587497
10	0.0050000115173	0.0611	-0.008	0.00169183	0.00150457319323
11	0.0055000114689	0.0611	-0.0085	0.00144578	0.00142870566148
12	0.00599995541987	0.061	-0.0089999	0.00126076	0.00151758234266
13	0.00650004337017	0.0608	-0.0094999	0.0010872	0.00158141865118
0	0.0	0.0609	-0.0029999	0.0245172	0.00159784147571
1	0.000499937890835	0.0609	-0.0034999	0.0194417	0.001628203147
2	0.000998299643258	0.061	-0.0039999	0.0181848	0.00150214412841
3	0.00149666139568	0.0611	-0.0044999	0.0173208	0.00135466324675
4	0.0019950231481	0.0612	-0.0049999	0.0113469	0.00149360964083
5	0.00249811331576	0.061	-0.0054999	0.00746921	0.0014679723147
6	0.00299962734501	0.0609	-0.0059999	0.00518993	0.00148011899045
7	0.00349641295902	0.0611	-0.0064999	0.00372125	0.00147090471065
8	0.00399792698827	0.061	-0.0069999	0.00283433	0.00149487436448
9	0.0044978648791	0.061	-0.0074999	0.00210954	0.00153264587497
10	0.00499632661911	0.0611	-0.008	0.00169183	0.00150457319323
11	0.00549626450994	0.0611	-0.0085	0.00144578	0.00142870566148
12	0.00599767855161	0.061	-0.0089999	0.00126076	0.00151758234266
13	0.00650076871927	0.0608	-0.0094999	0.0010872	0.00158141865118
14	0.00700228274852	0.0607	-0.0099999	0.000953678	0.00158741800451
0	0.0	0.0609	-0.0029999	0.0245172	0.00159784147571
1	0.000499929389213	0.0609	-0.0034999	0.0194417	0.001628203147
2	0.000998178233266	0.061	-0.0039999	0.0181848	0.00150214412841
3	0.00149642707732	0.0611	-0.0044999	0.0173208	0.00135466324675
4	0.00199467592137	0.0612	-0.0049999	0.0113469	0.00149360964083
5	0.00249796640091	0.061	-0.0054999	0.00746921	0.0014679723147
6	0.00299957633528	0.0609	-0.0059999	0.00518993	0.00148011899045
7	0.00349614463417	0.0611	-0.0064999	0.00372125	0.00147090471065
8	0.00399775456854	0.061	-0.0069999	0.00283433	0.00149487436448
9	0.00449768395776	0.061	-0.0074999	0.00210954	0.00153264587497
10	0.00499603278769	0.0611	-0.008	0.00169183	0.00150457319323
11	0.0054959621769	0.0611	-0.0085	0.00144578	0.00142870566148
12	0.0059974721254	0.061	-0.0089999	0.00126076	0.00151758234266
13	0.00650076260493	0.0608	-0.0094999	0.0010872	0.00158141865118
14	0.00700237253931	0.0607	-0.0099999	0.000953678	0.00158741800451
15	0.0074989408382	0.0609	-0.0104999	0.000804905	0.00152067113183
0	0.0	0.0609	-0.0029999	0.0245172	0.00159784147571
1	0.000499956019	0.0609	-0.0034999	0.0194417	0.001628203147
2	0.000998585703715	0.061	-0.0039999	0.0181848	0.00150214412841
3	0.00149721538843	0.0611	-0.0044999	0.0173208	0.00135466324675
4	0.00199584507314	0.0612	-0.0049999	0.0113469	0.00149360964083
5	0.00249845376071	0.061	-0.0054999	0.00746921	0.0014679723147
6	0.002999736114	0.0609	-0.0059999	0.00518993	0.00148011899045
7	0.00349703946443	0.0611	-0.0064999	0.00372125	0.00147090471065
8	0.00399832181771	0.061	-0.0069999	0.00283433	0.00149487436448
9	0.00449827783671	0.061	-0.0074999	0.00210954	0.00153264587497
10	0.00499700751263	0.0611	-0.008	0.00169183	0.00150457319323
11	0.00549696353163	0.0611	-0.0085	0.00144578	0.00142870566148
12	0.00599814589371	0.061	-0.0089999	0.00126076	0.00151758234266
13	0.00650075458128	0.0608	-0.0094999	0.0010872	0.00158141865118
14	0.00700203693457	0.0607	-0.0099999	0.000953678	0.00158741800451
15	0.007499340285	0.0609	-0.0104999	0.000804905	0.00152067113183
16	0.00799796996971	0.061	-0.0109999	0.000623707	0.00149465693354
0	0.0	0.0609	-0.0029999	0.0245172	0.00159784147571
1	0.000499972196169	0.0609	-0.0034999	0.0194417	0.001628203147
2	0.000998889820238	0.061	-0.0039999	0.0181848	0.00150214412841
3	0.00149780744431	0.0611	-0.0044999	0.0173208	0.00135466324675
4	0.00199672506837	0.0612	-0.0049999	0.0113469	0.00149360964083
5	0.00249880640874	0.061	-0.0054999	0.00746921	0.0014679723147
6	0.00299983317701	0.0609	-0.0059999	0.00518993	0.00148011899045
7	0.00349769622898	0.0611	-0.0064999	0.00372125	0.00147090471065
8	0.00399872299725	0.061	-0.0069999	0.00283433	0.00149487436448
9	0.00449869519342	0.061	-0.0074999	0.00210954	0.00153264587497
10	0.00499771281193	0.0611	-0.008	0.00169183	0.00150457319323
11	0.0054976850081	0.0611	-0.0085	0.00144578	0.00142870566148
12	0.00599861178193	0.061	-0.0089999	0.00126076	0.00151758234266
13	0.0065006931223	0.0608	-0.0094999	0.0010872	0.00158141865118
14	0.00700171989057	0.0607	-0.0099999	0.000953678	0.00158741800451
15	0.00749958294254	0.0609	-0.0104999	0.000804905	0.00152067113183
16	0.0079985005666	0.061	-0.0109999	0.000623707	0.00149465693354
17	0.00849847276277	0.061	-0.0114999	0.00052071	0
0	0.0	0.0609	-0.0029999	0.0245172	0.00159784147571
1	0.000499982214567	0.0609	-0.0034999	0.0194417	0.001628203147
2	0.00099912098106	0.061	-0.0039999	0.0181848	0.00150214412841
3	0.00149825974755	0.0611	-0.0044999	0.0173208	0.00135466324675
4	0.00199739851404	0.0612	-0.0049999	0.0113469	0.00149360964083
5	0.00249906762476	0.061	-0.0054999	0.00746921	0.0014679723147
6	0.0029998932874	0.0609	-0.0059999	0.00518993	0.00148011899045
7	0.00349818860582	0.0611	-0.0064999	0.00372125	0.00147090471065
8	0.00399901426846	0.061	-0.0069999	0.00283433	0.00149487436448
9	0.00449899648303	0.061	-0.0074999	0.00210954	0.00153264587497
10	0.00499823524597	0.0611	-0.008	0.00169183	0.00150457319323
11	0.00549821746053	0.0611	-0.0085	0.00144578	0.00142870566148
12	0.00599894312673	0.061	-0.0089999	0.00126076	0.00151758234266
13	0.00650061223745	0.0608	-0.0094999	0.0010872	0.00158141865118
14	0.00700143790009	0.0607	-0.0099999	0.000953678	0.00158741800451
15	0.00749973321851	0.0609	-0.0104999	0.000804905	0.00152067113183
16	0.007998871985	0.061	-0.0109999	0.000623707	0.00149465693354
17	0.00849885419957	0.061	-0.0114999	0.00052071	0
18	0.00899893641058	0.061	-0.012	0.000524525	0.00129961465313
0	0.0	0.0609	-0.0029999	0.0245172	0.00159784147571
1	0.00049998852115	0.0609	-0.0034999	0.0194417	0.001628203147
2	0.000999299437154	0.061	-0.0039999	0.0181848	0.00150214412841
3	0.00149861035316	0.0611	-0.0044999	0.0173208	0.00135466324675
4	0.00199792126916	0.0612	-0.0049999	0.0113469	0.00149360964083
5	0.0024992650006	0.061	-0.0054999	0.00746921	0.0014679723147
6	0.0029999311269	0.0609	-0.0059999	0.00518993	0.00148011899045
7	0.00349856443776	0.0611	-0.0064999	0.00372125	0.00147090471065
8	0.00399923056405	0.061	-0.0069999	0.00283433	0.00149487436448
9	0.0044992190852	0.061	-0.0074999	0.00210954	0.00153264587497
10	0.00499862999891	0.0611	-0.008	0.00169183	0.00150457319323
11	0.00549861852006	0.0611	-0.0085	0.00144578	0.00142870566148
12	0.00599918464865	0.061	-0.0089999	0.00126076	0.00151758234266
13	0.00650052838009	0.0608	-0.0094999	0.0010872	0.00158141865118
14	0.00700119450639	0.0607	-0.0099999	0.000953678	0.00158741800451
15	0.00749982781725	0.0609	-0.0104999	0.000804905	0.00152067113183
16	0.00799913873325	0.061	-0.0109999	0.000623707	0.00149465693354
17	0.0084991272544	0.061	-0.0114999	0.00052071	0
18	0.00899921577326	0.061	-0.012	0.000524525	0.00129961465313
19	0.0094991042967	0.061	-0.0124999	0.000527386	0.00123567001272
0	0.0	0.0609	-0.0029999	0.0245172	0.00159784147571
1	0.000499983752807	0.0609	-0.0034999	0.0194417	0.001628203147
2	0.000999161356018	0.061	-0.0039999	0.0181848	0.00150214412841
3	0.00149833895923	0.0611	-0.0044999	0.0173208	0.00135466324675
4	0.00199751656244	0.0612	-0.0049999	0.0113469	0.00149360964083
5	0.00249911261444	0.061	-0.0054999	0.00746921	0.0014679723147
6	0.00299990251684	0.0609	-0.0059999	0.00518993	0.00148011899045
7	0.00349827397046	0.0611	-0.0064999	0.00372125	0.00147090471065
8	0.00399906387286	0.061	-0.0069999	0.00283433	0.00149487436448
9	0.00449904762567	0.061	-0.0074999	0.00210954	0.00153264587497
10	0.00499832522563	0.0611	-0.008	0.00169183	0.00150457319323
11	0.00549830897843	0.0611	-0.0085	0.00144578	0.00142870566148
12	0.00599899888409	0.061	-0.0089999	0.00126076	0.00151758234266
13	0.00650059493608	0.0608	-0.0094999	0.0010872	0.00158141865118
14	0.00700138483849	0.0607	-0.0099999	0.000953678	0.00158741800451
15	0.0074997562921	0.0609	-0.0104999	0.000804905	0.00152067113183
16	0.00799893389531	0.061	-0.0109999	0.000623707	0.00149465693354
17	0.00849891764812	0.061	-0.0114999	0.00052071	0
18	0.00899900139768	0.061	-0.012	0.000524525	0.00129961465313
19	0.00949888515373	0.061	-0.0124999	0.000527386	0.00123567001272
20	0.00999967505614	0.0609	-0.0129999	0.000337245	0
0	0.0	0.0609	-0.0029999	0.0245172	0.00159784147571
1	0.000499980060173	0.0609	-0.0034999	0.0194417	0.001628203147
2	0.000999067048575	0.061	-0.0039999	0.0181848	0.00150214412841
3	0.00149815403698	0.0611	-0.0044999	0.0173208	0.00135466324675
4	0.00199724102538	0.0612	-0.0049999	0.0113469	0.00149360964083
5	0.00249900722909	0.061	-0.0054999	0.00746921	0.0014679723147
6	0.00299988036104	0.0609	-0.0059999	0.00518993	0.00148011899045
7	0.00349807427767	0.0611	-0.0064999	0.00372125	0.00147090471065
8	0.00399894740961	0.061	-0.0069999	0.00283433	0.00149487436448
9	0.00449892746978	0.061	-0.0074999	0.00210954	0.00153264587497
10	0.0049981144542	0.0611	-0.008	0.00169183	0.00150457319323
11	0.00549809451437	0.0611	-0.0085	0.00144578	0.00142870566148
12	0.0059988676503	0.061	-0.0089999	0.00126076	0.00151758234266
13	0.00650063385402	0.0608	-0.0094999	0.0010872	0.00158141865118
14	0.00700150698596	0.0607	-0.0099999	0.000953678	0.00158741800451
15	0.00749970090259	0.0609	-0.0104999	0.000804905	0.00152067113183
16	0.00799878789099	0.061	-0.0109999	0.000623707	0.00149465693354
17	0.00849876795117	0.061	-0.0114999	0.00052071	0
18	0.00899884800735	0.061	-0.012	0.000524525	0.00129961465313
19	0.00949872807151	0.061	-0.0124999	0.000527386	0.00123567001272
20	0.00999960120345	0.0609	-0.0129999	0.000337245	0
21	0.0104995812636	0.0609	-0.0134999	0.00025952	0
0	0.0	0.0609	-0.0029999	0.0245172	0.00159784147571
1	0.000499663201181	0.0609	-0.0034999	0.0194417	0.001628203147
2	0.0010029962001	0.061	-0.0039999	0.0181848	0.00150214412841
3	0.00150632919902	0.0611	-0.0044999	0.0173208	0.00135466324675
4	0.00200966219793	0.0612	-0.0049999	0.0113469	0.00149360964083
5	0.00250198580364	0.061	-0.0054999	0.00746921	0.0014679723147
6	0.00299797920709	0.0609	-0.0059999	0.00518993	0.00148011899045
7	0.00350498200374	0.0611	-0.0064999	0.00372125	0.00147090471065
8	0.00400097540718	0.061	-0.0069999	0.00283433	0.00149487436448
9	0.00450063860836	0.061	-0.0074999	0.00210954	0.00153264587497
10	0.00500407153992	0.0611	-0.008	0.00169183	0.00150457319323
11	0.0055037347411	0.0611	-0.0085	0.00144578	0.00142870566148
12	0.00599962821191	0.061	-0.0089999	0.00126076	0.00151758234266
13	0.00649195181761	0.0608	-0.0094999	0.0010872	0.00158141865118
14	0.00698794522106	0.0607	-0.0099999	0.000953678	0.00158741800451
15	0.00749494801771	0.0609	-0.0104999	0.000804905	0.00152067113183
16	0.00799828101663	0.061	-0.0109999	0.000623707	0.00149465693354
17	0.00849794421781	0.061	-0.0114999	0.00052071	0
18	0.00899770735163	0.061	-0.012	0.000524525	0.00129961465313
19	0.00949727062017	0.061	-0.0124999	0.000527386	0.00123567001272
20	0.00999326402362	0.0609	-0.0129999	0.000337245	0
21	0.0104929272248	0.0609	-0.0134999	0.00025952	0
22	0.0110696561785	0.063	-0.0139999	0.000223757	0.00431735605424
0	0.0	0.0609	-0.0029999	0.0245172	0.00159784147571
1	0.000499760819945	0.0609	-0.0034999	0.0194417	0.001628203147
2	0.00100261435939	0.061	-0.0039999	0.0181848	0.00150214412841
3	0.00150546789884	0.0611	-0.0044999	0.0173208	0.00135466324675
4	0.00200832143829	0.0612	-0.0049999	0.0113469	0.00149360964083
5	0.00250189681923	0.061	-0.0054999	0.00746921	0.0014679723147
6	0.00299856491967	0.0609	-0.0059999	0.00518993	0.00148011899045
7	0.00350451117862	0.0611	-0.0064999	0.00372125	0.00147090471065
8	0.00400117927906	0.061	-0.0069999	0.00283433	0.00149487436448
9	0.00450094009901	0.061	-0.0074999	0.00210954	0.00153264587497
10	0.00500389359062	0.0611	-0.008	0.00169183	0.00150457319323
11	0.00550365441056	0.0611	-0.0085	0.00144578	0.00142870566148
12	0.00600022255884	0.061	-0.0089999	0.00126076	0.00151758234266
13	0.00649379793978	0.0608	-0.0094999	0.0010872	0.00158141865118
14	0.00699046604022	0.0607	-0.0099999	0.000953678	0.00158741800451
15	0.00749641229917	0.0609	-0.0104999	0.000804905	0.00152067113183
16	0.00799926583862	0.061	-0.0109999	0.000623707	0.00149465693354
17	0.00849902665856	0.061	-0.0114999	0.00052071	0
18	0.00899888743067	0.061	-0.012	0.000524525	0.00129961465313
19	0.00949854829845	0.061	-0.0124999	0.000527386	0.00123567001272
20	0.00999521639889	0.0609	-0.0129999	0.000337245	0
21	0.0104949772188	0.0609	-0.0134999	0.00025952	0
22	0.0110596851484	0.063	-0.0139999	0.000223757	0.00431735605424
23	0.0114975915782	0.061	-0.0144999	0.000202597	0.00339166511247
0	0.0	0.0609	-0.0029999	0.0245172	0.00159784147571
1	0.000499828937446	0.0609	-0.0034999	0.0194417	0.001628203147
2	0.00100227346884	0.061	-0.0039999	0.0181848	0.00150214412841
3	0.00150471800022	0.0611	-0.0044999	0.0173208	0.00135466324675
4	0.00200716253161	0.0612	-0.0049999	0.0113469	0.00149360964083
5	0.00250176028117	0.061	-0.0054999	0.00746921	0.0014679723147
6	0.00299897362467	0.0609	-0.0059999	0.00518993	0.00148011899045
7	0.00350403375001	0.0611	-0.0064999	0.00372125	0.00147090471065
8	0.00400124709351	0.061	-0.0069999	0.00283433	0.00149487436448
9	0.00450107603095	0.061	-0.0074999	0.00210954	0.00153264587497
10	0.00500362052813	0.0611	-0.008	0.00169183	0.00150457319323
11	0.00550344946558	0.0611	-0.0085	0.00144578	0.00142870566148
12	0.00600056284329	0.061	-0.0089999	0.00126076	0.00151758234266
13	0.00649516059285	0.0608	-0.0094999	0.0010872	0.00158141865118
14	0.00699237393635	0.0607	-0.0099999	0.000953678	0.00158741800451
15	0.00749743406168	0.0609	-0.0104999	0.000804905	0.00152067113183
16	0.00799987859307	0.061	-0.0109999	0.000623707	0.00149465693354
17	0.00849970753052	0.061	-0.0114999	0.00052071	0
18	0.00899963643375	0.061	-0.012	0.000524525	0.00129961465313
19	0.00949936540541	0.061	-0.0124999	0.000527386	0.00123567001272
20	0.00999657874891	0.0609	-0.0129999	0.000337245	0
21	0.0104964076864	0.0609	-0.0134999	0.00025952	0
22	0.0110511640966	0.063	-0.0139999	0.000223757	0.00431735605424
23	0.0114986811552	0.061	-0.0144999	0.000202597	0.00339166511247
24	0.0119985100926	0.061	-0.0149999	0.00017953	0
0	0.0	0.0609	-0.0029999	0.0245172	0.00159784147571
1	0.000499876926339	0.0609	-0.0034999	0.0194417	0.001628203147
2	0.00100197248752	0.061	-0.0039999	0.0181848	0.00150214412841
3	0.0015040680487	0.0611	-0.0044999	0.0173208	0.00135466324675
4	0.00200616360988	0.0612	-0.0049999	0.0113469	0.00149360964083
5	0.00250160326654	0.061	-0.0054999	0.00746921	0.0014679723147
6	0.00299926155803	0.0609	-0.0059999	0.00518993	0.00148011899045
7	0.00350357575406	0.0611	-0.0064999	0.00372125	0.00147090471065
8	0.00400123404555	0.061	-0.0069999	0.00283433	0.00149487436448
9	0.00450111097189	0.061	-0.0074999	0.00210954	0.00153264587497
10	0.00500330650846	0.0611	-0.008	0.00169183	0.00150457319323
11	0.0055031834348	0.0611	-0.0085	0.00144578	0.00142870566148
12	0.00600074175091	0.061	-0.0089999	0.00126076	0.00151758234266
13	0.00649618140756	0.0608	-0.0094999	0.0010872	0.00158141865118
14	0.00699383969906	0.0607	-0.0099999	0.000953678	0.00158741800451
15	0.00749815389508	0.0609	-0.0104999	0.000804905	0.00152067113183
16	0.00800024945626	0.061	-0.0109999	0.000623707	0.00149465693354
17	0.0085001263826	0.061	-0.0114999	0.00052071	0
18	0.00900010328433	0.061	-0.012	0.000524525	0.00129961465313
19	0.00949988023528	0.061	-0.0124999	0.000527386	0.00123567001272
20	0.00999753852678	0.0609	-0.0129999	0.000337245	0
21	0.0104974154531	0.0609	-0.0134999	0.00025952	0
22	0.0110438837111	0.063	-0.0139999	0.000223757	0.00431735605424
23	0.0114993879406	0.061	-0.0144999	0.000202597	0.00339166511247
24	0.011999264867	0.061	-0.0149999	0.00017953	0
25	0.0124991417933	0.061	-0.0154999	0.000172497	0
0	0.0	0.0609	-0.0029999	0.0245172	0.00159784147571
1	0.000499925484995	0.0609	-0.0034999	0.0194417	0.001628203147
2	0.00100157734715	0.061	-0.0039999	0.0181848	0.00150214412841
3	0.0015032292093	0.0611	-0.0044999	0.0173208	0.00135466324675
4	0.00200488107145	0.0612	-0.0049999	0.0113469	0.00149360964083
5	0.00250135380213	0.061	-0.0054999	0.00746921	0.0014679723147
6	0.00299955290997	0.0609	-0.0059999	0.00518993	0.00148011899045
7	0.00350293114928	0.0611	-0.0064999	0.00372125	0.00147090471065
8	0.00400113025712	0.061	-0.0069999	0.00283433	0.00149487436448
9	0.00450105574211	0.061	-0.0074999	0.00210954	0.00153264587497
10	0.00500280758936	0.0611	-0.008	0.00169183	0.00150457319323
11	0.00550273307436	0.0611	-0.0085	0.00144578	0.00142870566148
12	0.0060008321971	0.061	-0.0089999	0.00126076	0.00151758234266
13	0.00649730492778	0.0608	-0.0094999	0.0010872	0.00158141865118
14	0.00699550403562	0.0607	-0.0099999	0.000953678	0.00158741800451
15	0.00749888227493	0.0609	-0.0104999	0.000804905	0.00152067113183
16	0.00800053413708	0.061	-0.0109999	0.000623707	0.00149465693354
17	0.00850045962208	0.061	-0.0114999	0.00052071	0
18	0.00900048509217	0.061	-0.012	0.000524525	0.00129961465313
19	0.00950031059207	0.061	-0.0124999	0.000527386	0.00123567001272
20	0.00999850969991	0.0609	-0.0129999	0.000337245	0
21	0.0104984351849	0.0609	-0.0134999	0.00025952	0
22	0.0110346145902	0.063	-0.0139999	0.000223757	0.00431735605424
23	0.0115000125321	0.061	-0.0144999	0.000202597	0.00339166511247
24	0.011999938017	0.061	-0.0149999	0.00017953	0
25	0.012499863502	0.061	-0.0154999	0.000172497	0
26	0.0129980626099	0.0609	-0.0159999	0.000156284	0
0	0.0	0.0609	-0.0029999	0.0245172	0.00159784147571
1	0.000499946047335	0.0609	-0.0034999	0.0194417	0.001628203147
2	0.0010013611046	0.061	-0.0039999	0.0181848	0.00150214412841
3	0.00150277616186	0.0611	-0.0044999	0.0173208	0.00135466324675
4	0.00200419121913	0.0612	-0.0049999	0.0113469	0.00149360964083
5	0.0025011992466	0.061	-0.0054999	0.00746921	0.0014679723147
6	0.00299967628401	0.0609	-0.0059999	0.00518993	0.00148011899045
7	0.0035025603512	0.0611	-0.0064999	0.00372125	0.00147090471065
8	0.00400103738861	0.061	-0.0069999	0.00283433	0.00149487436448
9	0.00450098343594	0.061	-0.0074999	0.00210954	0.00153264587497
10	0.00500249848242	0.0611	-0.008	0.00169183	0.00150457319323
11	0.00550244452975	0.0611	-0.0085	0.00144578	0.00142870566148
12	0.00600082157795	0.061	-0.0089999	0.00126076	0.00151758234266
13	0.00649782960542	0.0608	-0.0094999	0.0010872	0.00158141865118
14	0.00699630664283	0.0607	-0.0099999	0.000953678	0.00158741800451
15	0.00749919071002	0.0609	-0.0104999	0.000804905	0.00152067113183
16	0.00800060576729	0.061	-0.0109999	0.000623707	0.00149465693354
17	0.00850055181462	0.061	-0.0114999	0.00052071	0
18	0.00900059785117	0.061	-0.012	0.000524525	0.00129961465313
19	0.00950044390929	0.061	-0.0124999	0.000527386	0.00123567001272
20	0.0099989209467	0.0609	-0.0129999	0.000337245	0
21	0.010498866994	0.0609	-0.0134999	0.00025952	0
22	0.0110296622499	0.063	-0.0139999	0.000223757	0.00431735605424
23	0.0115002280986	0.061	-0.0144999	0.000202597	0.00339166511247
24	0.012000174146	0.061	-0.0149999	0.00017953	0
25	0.0125001201933	0.061	-0.0154999	0.000172497	0
26	0.0129985972307	0.0609	-0.0159999	0.000156284	0
27	0.013500012288	0.061	-0.0164999	0.000120402	0
0	0.0	0.0609	-0.0029999	0.0245172	0.00159784147571
1	0.0004999608435	0.0609	-0.0034999	0.0194417	0.001628203147
2	0.00100117316559	0.061	-0.0039999	0.0181848	0.00150214412841
3	0.00150238548769	0.0611	-0.0044999	0.0173208	0.00135466324675
4	0.00200359780978	0.0612	-0.0049999	0.0113469	0.00149360964083
5	0.00250105569609	0.061	-0.0054999	0.00746921	0.0014679723147
6	0.002999765061	0.0609	-0.0059999	0.00518993	0.00148011899045
7	0.00350222886169	0.0611	-0.0064999	0.00372125	0.00147090471065
8	0.00400093822659	0.061	-0.0069999	0.00283433	0.00149487436448
9	0.00450089907009	0.061	-0.0074999	0.00210954	0.00153264587497
10	0.00500221138435	0.0611	-0.008	0.00169183	0.00150457319323
11	0.00550217222785	0.0611	-0.0085	0.00144578	0.00142870566148
12	0.00600078160059	0.061	-0.0089999	0.00126076	0.00151758234266
13	0.00649823948691	0.0608	-0.0094999	0.0010872	0.00158141865118
14	0.00699694885182	0.0607	-0.0099999	0.000953678	0.00158741800451
15	0.0074994126525	0.0609	-0.0104999	0.000804905	0.00152067113183
16	0.00800062497459	0.061	-0.0109999	0.000623707	0.00149465693354
17	0.00850058581809	0.061	-0.0114999	0.00052071	0
18	0.00900064665376	0.061	-0.012	0.000524525	0.00129961465313
19	0.00950050750509	0.061	-0.0124999	0.000527386	0.00123567001272
20	0.00999921687	0.0609	-0.0129999	0.000337245	0
21	0.0104991777135	0.0609	-0.0134999	0.00025952	0
22	0.0110254196074	0.063	-0.0139999	0.000223757	0.00431735605424
23	0.0115003508791	0.061	-0.0144999	0.000202597	0.00339166511247
24	0.0120003117226	0.061	-0.0149999	0.00017953	0
25	0.0125002725661	0.061	-0.0154999	0.000172497	0
26	0.012998981931	0.0609	-0.0159999	0.000156284	0
27	0.0135001942531	0.061	-0.0164999	0.000120402	0
28	0.0140001550966	0.061	-0.0169999	0.00011164	0
0	0.0	0.0609	-0.0029999	0.0245172	0.00159784147571
1	0.000499978057722	0.0609	-0.0034999	0.0194417	0.001628203147
2	0.00100089295687	0.061	-0.0039999	0.0181848	0.00150214412841
3	0.00150180785601	0.0611	-0.0044999	0.0173208	0.00135466324675
4	0.00200272275515	0.0612	-0.0049999	0.0113469	0.00149360964083
5	0.00250082713003	0.061	-0.0054999	0.00746921	0.0014679723147
6	0.00299986834633	0.0609	-0.0059999	0.00518993	0.00148011899045
7	0.0035017200869	0.0611	-0.0064999	0.00372125	0.00147090471065
8	0.0040007613032	0.061	-0.0069999	0.00283433	0.00149487436448
9	0.00450073936092	0.061	-0.0074999	0.00210954	0.00153264587497
10	0.00500175425568	0.0611	-0.008	0.00169183	0.00150457319323
11	0.0055017323134	0.0611	-0.0085	0.00144578	0.00142870566148
12	0.00600067353409	0.061	-0.0089999	0.00126076	0.00151758234266
13	0.00649877790897	0.0608	-0.0094999	0.0010872	0.00158141865118
14	0.00699781912527	0.0607	-0.0099999	0.000953678	0.00158741800451
15	0.00749967086584	0.0609	-0.0104999	0.000804905	0.00152067113183
16	0.00800058576498	0.061	-0.0109999	0.000623707	0.00149465693354
17	0.0085005638227	0.061	-0.0114999	0.00052071	0
18	0.00900064187603	0.061	-0.012	0.000524525	0.00129961465313
19	0.00950051993815	0.061	-0.0124999	0.000527386	0.00123567001272
20	0.00999956115445	0.0609	-0.0129999	0.000337245	0
21	0.0104995392122	0.0609	-0.0134999	0.00025952	0
22	0.0110191909397	0.063	-0.0139999	0.000223757	0.00431735605424
23	0.011500432169	0.061	-0.0144999	0.000202597	0.00339166511247
24	0.0120004102268	0.061	-0.0149999	0.00017953	0
25	0.0125003882845	0.061	-0.0154999	0.000172497	0
26	0.0129994295008	0.0609	-0.0159999	0.000156284	0
27	0.0135003443999	0.061	-0.0164999	0.000120402	0
28	0.0140003224576	0.061	-0.0169999	0.00011164	0
29	0.0144993636739	0.0609	-0.0174999	0.00013429	0
0	0.0	0.0609	-0.0029999	0.0245172	0.00159784147571
1	0.000499988645254	0.0609	-0.0034999	0.0194417	0.001628203147
2	0.00100065122275	0.061	-0.0039999	0.0181848	0.00150214412841
3	0.00150131380025	0.0611	-0.0044999	0.0173208	0.00135466324675
4	0.00200197637774	0.0612	-0.0049999	0.0113469	0.00149360964083
5	0.00250061715851	0.061	-0.0054999	0.00746921	0.0014679723147
6	0.00299993187153	0.0609	-0.0059999	0.00518993	0.00148011899045
7	0.00350126838127	0.0611	-0.0064999	0.00372125	0.00147090471065
8	0.00400058309428	0.061	-0.0069999	0.00283433	0.00149487436448
9	0.00450057173953	0.061	-0.0074999	0.00210954	0.00153264587497
10	0.00500133431476	0.0611	-0.008	0.00169183	0.00150457319323
11	0.00550132296001	0.0611	-0.0085	0.00144578	0.00142870566148
12	0.0060005376753	0.061	-0.0089999	0.00126076	0.00151758234266
13	0.00649917845606	0.0608	-0.0094999	0.0010872	0.00158141865118
14	0.00699849316908	0.0607	-0.0099999	0.000953678	0.00158741800451
15	0.00749982967882	0.0609	-0.0104999	0.000804905	0.00152067113183
16	0.00800049225631	0.061	-0.0109999	0.000623707	0.00149465693354
17	0.00850048090157	0.061	-0.0114999	0.00052071	0
18	0.00900056954455	0.061	-0.012	0.000524525	0.00129961465313
19	0.00950045819208	0.061	-0.0124999	0.000527386	0.00123567001272
20	0.00999977290509	0.0609	-0.0129999	0.000337245	0
21	0.0104997615503	0.0609	-0.0134999	0.00025952	0
22	0.0110139027727	0.063	-0.0139999	0.000223757	0.00431735605424
23	0.0115004127731	0.061	-0.0144999	0.000202597	0.00339166511247
24	0.0120004014183	0.061	-0.0149999	0.00017953	0
25	0.0125003900636	0.061	-0.0154999	0.000172497	0
26	0.0129997047766	0.0609	-0.0159999	0.000156284	0
27	0.0135003673541	0.061	-0.0164999	0.000120402	0
28	0.0140003559994	0.061	-0.0169999	0.00011164	0
29	0.0144996707124	0.0609	-0.0174999	0.00013429	0
30	0.0149997593554	0.0609	-0.018	0.00010103	0
0	0.0	0.0609	-0.0029999	0.0245172	0.00159784147571
1	0.000499991933905	0.0609	-0.0034999	0.0194417	0.001628203147
2	0.00100055188294	0.061	-0.0039999	0.0181848	0.00150214412841
3	0.00150111183198	0.0611	-0.0044999	0.0173208	0.00135466324675
4	0.00200167178102	0.0612	-0.0049999	0.0113469	0.00149360964083
5	0.00250052768466	0.061	-0.0054999	0.00746921	0.0014679723147
6	0.00299995160343	0.0609	-0.0059999	0.00518993	0.00148011899045
7	0.0035010795676	0.0611	-0.0064999	0.00372125	0.00147090471065
8	0.00400050348637	0.061	-0.0069999	0.00283433	0.00149487436448
9	0.00450049542028	0.061	-0.0074999	0.00210954	0.00153264587497
10	0.0050011553677	0.0611	-0.008	0.00169183	0.00150457319323
11	0.00550114730161	0.0611	-0.0085	0.00144578	0.00142870566148
12	0.00600047122199	0.061	-0.0089999	0.00126076	0.00151758234266
13	0.00649932712564	0.0608	-0.0094999	0.0010872	0.00158141865118
14	0.00699875104441	0.0607	-0.0099999	0.000953678	0.00158741800451
15	0.00749987900858	0.0609	-0.0104999	0.000804905	0.00152067113183
16	0.00800043895761	0.061	-0.0109999	0.000623707	0.00149465693354
17	0.00850043089152	0.061	-0.0114999	0.00052071	0
18	0.00900052282381	0.061	-0.012	0.000524525	0.00129961465313
19	0.00950041475933	0.061	-0.0124999	0.000527386	0.00123567001272
20	0.0099998386781	0.0609	-0.0129999	0.000337245	0
21	0.010499830612	0.0609	-0.0134999	0.00025952	0
22	0.0110117508637	0.063	-0.0139999	0.000223757	0.00431735605424
23	0.011500382495	0.061	-0.0144999	0.000202597	0.00339166511247
24	0.0120003744289	0.061	-0.0149999	0.00017953	0
25	0.0125003663628	0.061	-0.0154999	0.000172497	0
26	0.0129997902815	0.0609	-0.0159999	0.000156284	0
27	0.0135003502306	0.061	-0.0164999	0.000120402	0
28	0.0140003421645	0.061	-0.0169999	0.00011164	0
29	0.0144997660833	0.0609	-0.0174999	0.00013429	0
30	0.0149998580155	0.0609	-0.018	0.00010103	0
31	0.0155003179662	0.061	-0.0184999	9.47719e-05	0
0	0.0	0.0609	-0.0029999	0.0245172	0.00159784147571
1	0.000499996582156	0.0609	-0.0034999	0.0194417	0.001628203147
2	0.00100036291194	0.061	-0.0039999	0.0181848	0.00150214412841
3	0.00150072924173	0.0611	-0.0044999	0.0173208	0.00135466324675
4	0.00200109557152	0.0612	-0.0049999	0.0113469	0.00149360964083
5	0.00250035265841	0.061	-0.0054999	0.00746921	0.0014679723147
6	0.00299997949293	0.0609	-0.0059999	0.00518993	0.00148011899045
7	0.00350071557035	0.0611	-0.0064999	0.00372125	0.00147090471065
8	0.00400034240488	0.061	-0.0069999	0.00283433	0.00149487436448
9	0.00450033898703	0.061	-0.0074999	0.00210954	0.00153264587497
10	0.00500080531613	0.0611	-0.008	0.00169183	0.00150457319323
11	0.00550080189829	0.0611	-0.0085	0.00144578	0.00142870566148
12	0.0060003287335	0.061	-0.0089999	0.00126076	0.00151758234266
13	0.00649958582039	0.0608	-0.0094999	0.0010872	0.00158141865118
14	0.00699921265491	0.0607	-0.0099999	0.000953678	0.00158741800451
15	0.00749994873233	0.0609	-0.0104999	0.000804905	0.00152067113183
16	0.00800031506212	0.061	-0.0109999	0.000623707	0.00149465693354
17	0.00850031164428	0.061	-0.0114999	0.00052071	0
18	0.00900040822575	0.061	-0.012	0.000524525	0.00129961465313
19	0.00950030480859	0.061	-0.0124999	0.000527386	0.00123567001272
20	0.00999993164311	0.0609	-0.0129999	0.000337245	0
21	0.0104999282253	0.0609	-0.0134999	0.00025952	0
22	0.0110076895077	0.063	-0.0139999	0.000223757	0.00431735605424
23	0.0115002911372	0.061	-0.0144999	0.000202597	0.00339166511247
24	0.0120002877194	0.061	-0.0149999	0.00017953	0
25	0.0125002843015	0.061	-0.0154999	0.000172497	0
26	0.012999911136	0.0609	-0.0159999	0.000156284	0
27	0.0135002774658	0.061	-0.0164999	0.000120402	0
28	0.014000274048	0.061	-0.0169999	0.00011164	0
29	0.0144999008825	0.0609	-0.0174999	0.00013429	0
30	0.014999997464	0.0609	-0.018	0.00010103	0
31	0.0155002637945	0.061	-0.0184999	9.47719e-05	0
32	0.015999890629	0.0609	-0.0189999	8.45199e-05	0
0	0.0	0.0609	-0.0029999	0.0245172	0.00159784147571
1	0.000499997688112	0.0609	-0.0034999	0.0194417	0.001628203147
2	0.00100029947375	0.061	-0.0039999	0.0181848	0.00150214412841
3	0.00150060125939	0.0611	-0.0044999	0.0173208	0.00135466324675
4	0.00200090304502	0.0612	-0.0049999	0.0113469	0.00149360964083
5	0.00250029253809	0.061	-0.0054999	0.00746921	0.0014679723147
6	0.00299998612867	0.0609	-0.0059999	0.00518993	0.00148011899045
7	0.00350059201184	0.0611	-0.0064999	0.00372125	0.00147090471065
8	0.00400028560242	0.061	-0.0069999	0.00283433	0.00149487436448
9	0.00450028329053	0.061	-0.0074999	0.00210954	0.00153264587497
10	0.00500068507571	0.0611	-0.008	0.00169183	0.00150457319323
11	0.00550068276382	0.0611	-0.0085	0.00144578	0.00142870566148
12	0.00600027635487	0.061	-0.0089999	0.00126076	0.00151758234266
13	0.00649966584793	0.0608	-0.0094999	0.0010872	0.00158141865118
14	0.00699935943852	0.0607	-0.0099999	0.000953678	0.00158741800451
15	0.00749996532168	0.0609	-0.0104999	0.000804905	0.00152067113183
16	0.00800026710732	0.061	-0.0109999	0.000623707	0.00149465693354
17	0.00850026479543	0.061	-0.0114999	0.00052071	0
18	0.00900036248308	0.061	-0.012	0.000524525	0.00129961465313
19	0.00950026017165	0.061	-0.0124999	0.000527386	0.00123567001272
20	0.00999995376224	0.0609	-0.0129999	0.000337245	0
21	0.0104999514504	0.0609	-0.0134999	0.00025952	0
22	0.0110063351865	0.063	-0.0139999	0.000223757	0.00431735605424
23	0.0115002509241	0.061	-0.0144999	0.000202597	0.00339166511247
24	0.0120002486122	0.061	-0.0149999	0.00017953	0
25	0.0125002463003	0.061	-0.0154999	0.000172497	0
26	0.0129999398909	0.0609	-0.0159999	0.000156284	0
27	0.0135002416766	0.061	-0.0164999	0.000120402	0
28	0.0140002393647	0.061	-0.0169999	0.00011164	0
29	0.0144999329552	0.0609	-0.0174999	0.00013429	0
30	0.0150000306429	0.0609	-0.018	0.00010103	0
31	0.015500232429	0.061	-0.0184999	9.47719e-05	0
32	0.0159999260196	0.0609	-0.0189999	8.45199e-05	0
33	0.0165002278052	0.061	-0.0194999	8.3745e-05	0.00503534022949
0	0.0	0.0609	-0.0029999	0.0245172	0.00159784147571
1	0.000499958596354	0.0609	-0.0034999	0.0194417	0.001628203147
2	0.000998630306047	0.061	-0.0039999	0.0181848	0.00150214412841
3	0.00149730201574	0.0611	-0.0044999	0.0173208	0.00135466324675
4	0.00199597372543	0.0612	-0.0049999	0.0113469	0.00149360964083
5	0.00249850609511	0.061	-0.0054999	0.00746921	0.0014679723147
6	0.00299975157812	0.0609	-0.0059999	0.00518993	0.00148011899045
7	0.00349713640116	0.0611	-0.0064999	0.00372125	0.00147090471065
8	0.00399838188417	0.061	-0.0069999	0.00283433	0.00149487436448
9	0.00449834048052	0.061	-0.0074999	0.00210954	0.00153264587497
10	0.00499711218194	0.0611	-0.008	0.00169183	0.00150457319323
11	0.00549707077829	0.0611	-0.0085	0.00144578	0.00142870566148
12	0.00599821626958	0.061	-0.0089999	0.00126076	0.00151758234266
13	0.00650074863926	0.0608	-0.0094999	0.0010872	0.00158141865118
14	0.00700199412227	0.0607	-0.0099999	0.000953678	0.00158741800451
15	0.00749937894531	0.0609	-0.0104999	0.000804905	0.00152067113183
16	0.007998050655	0.061	-0.0109999	0.000623707	0.00149465693354
17	0.00849800925135	0.061	-0.0114999	0.00052071	0
18	0.00899806783943	0.061	-0.012	0.000524525	0.00129961465313
19	0.00949792644406	0.061	-0.0124999	0.000527386	0.00123567001272
20	0.00999917192708	0.0609	-0.0129999	0.000337245	0
21	0.0104991305234	0.0609	-0.0134999	0.00025952	0
22	0.0109720644999	0.063	-0.0139999	0.000223757	0.00431735605424
23	0.0114977608295	0.061	-0.0144999	0.000202597	0.00339166511247
24	0.0119977194258	0.061	-0.0149999	0.00017953	0
25	0.0124976780222	0.061	-0.0154999	0.000172497	0
26	0.0129989235052	0.0609	-0.0159999	0.000156284	0
27	0.0134975952149	0.061	-0.0164999	0.000120402	0
28	0.0139975538112	0.061	-0.0169999	0.00011164	0
29	0.0144987992943	0.0609	-0.0174999	0.00013429	0
30	0.0149988578823	0.0609	-0.018	0.00010103	0
31	0.0154974296003	0.061	-0.0184999	9.47719e-05	0
32	0.0159986750833	0.0609	-0.0189999	8.45199e-05	0
33	0.016497346793	0.061	-0.0194999	8.3745e-05	0.00503534022949
34	0.0170178955759	0.0594	-0.0199999	9.1732e-05	0
0	0.0	0.0609	-0.0029999	0.0245172	0.00159784147571
1	0.000499827734556	0.0609	-0.0034999	0.0194417	0.001628203147
2	0.0009970306966	0.061	-0.0039999	0.0181848	0.00150214412841
3	0.00149423365864	0.0611	-0.0044999	0.0173208	0.00135466324675
4	0.00199143662069	0.0612	-0.0049999	0.0113469	0.00149360964083
5	0.00249651390027	0.061	-0.0054999	0.00746921	0.0014679723147
6	0.00299896640734	0.0609	-0.0059999	0.00518993	0.00148011899045
7	0.00349354459687	0.0611	-0.0064999	0.00372125	0.00147090471065
8	0.00399599710394	0.061	-0.0069999	0.00283433	0.00149487436448
9	0.00449582483849	0.061	-0.0074999	0.00210954	0.00153264587497
10	0.00499312776608	0.0611	-0.008	0.00169183	0.00150457319323
11	0.00549295550064	0.0611	-0.0085	0.00144578	0.00142870566148
12	0.00599530804216	0.061	-0.0089999	0.00126076	0.00151758234266
13	0.00650038532174	0.0608	-0.0094999	0.0010872	0.00158141865118
14	0.00700283782881	0.0607	-0.0099999	0.000953678	0.00158741800451
15	0.00749741601834	0.0609	-0.0104999	0.000804905	0.00152067113183
16	0.00799461898038	0.061	-0.0109999	0.000623707	0.00149465693354
17	0.00849444671494	0.061	-0.0114999	0.00052071	0
18	0.00899437441504	0.061	-0.012	0.000524525	0.00129961465313
19	0.00949410218405	0.061	-0.0124999	0.000527386	0.00123567001272
20	0.00999655469112	0.0609	-0.0129999	0.000337245	0
21	0.0104963824257	0.0609	-0.0134999	0.00025952	0
22	0.0109410899375	0.063	-0.0139999	0.000223757	0.00431735605424
23	0.0114934131223	0.061	-0.0144999	0.000202597	0.00339166511247
24	0.0119932408568	0.061	-0.0149999	0.00017953	0
25	0.0124930685914	0.061	-0.0154999	0.000172497	0
26	0.0129955210985	0.0609	-0.0159999	0.000156284	0
27	0.0134927240605	0.061	-0.0164999	0.000120402	0
28	0.0139925517951	0.061	-0.0169999	0.00011164	0
29	0.0144950043021	0.0609	-0.0174999	0.00013429	0
30	0.0149949320022	0.0609	-0.018	0.00010103	0
31	0.0154920349987	0.061	-0.0184999	9.47719e-05	0
32	0.0159944875058	0.0609	-0.0189999	8.45199e-05	0
33	0.0164916904678	0.061	-0.0194999	8.3745e-05	0.00503534022949
34	0.0170335145626	0.0594	-0.0199999	9.1732e-05	0
35	0.0175333422971	0.0594	-0.0204999	0.000100554	0.00376083373744
0	0.0	0.0609	-0.0029999	0.0245172	0.00159784147571
1	0.000499649042083	0.0609	-0.0034999	0.0194417	0.001628203147
2	0.00099555196753	0.061	-0.0039999	0.0181848	0.00150214412841
3	0.00149145489298	0.0611	-0.0044999	0.0173208	0.00135466324675
4	0.00198735781843	0.0612	-0.0049999	0.0113469	0.00149360964083
5	0.00249449909378	0.061	-0.0054999	0.00746921	0.0014679723147
6	0.0029978942525	0.0609	-0.0059999	0.00518993	0.00148011899045
7	0.00349005106131	0.0611	-0.0064999	0.00372125	0.00147090471065
8	0.00399344622003	0.061	-0.0069999	0.00283433	0.00149487436448
9	0.00449309526211	0.061	-0.0074999	0.00210954	0.00153264587497
10	0.00498909811736	0.0611	-0.008	0.00169183	0.00150457319323
11	0.00548874715945	0.0611	-0.0085	0.00144578	0.00142870566148
12	0.00599204238836	0.061	-0.0089999	0.00126076	0.00151758234266
13	0.00649918366371	0.0608	-0.0094999	0.0010872	0.00158141865118
14	0.00700257882242	0.0607	-0.0099999	0.000953678	0.00158741800451
15	0.00749473563124	0.0609	-0.0104999	0.000804905	0.00152067113183
16	0.00799063855669	0.061	-0.0109999	0.000623707	0.00149465693354
17	0.00849028759877	0.061	-0.0114999	0.00052071	0
18	0.00899003657066	0.061	-0.012	0.000524525	0.00129961465313
19	0.00948958568293	0.061	-0.0124999	0.000527386	0.00123567001272
20	0.00999298084165	0.0609	-0.0129999	0.000337245	0
21	0.0104926298837	0.0609	-0.0134999	0.00025952	0
22	0.0109136104765	0.063	-0.0139999	0.000223757	0.00431735605424
23	0.0114881818513	0.061	-0.0144999	0.000202597	0.00339166511247
24	0.0119878308933	0.061	-0.0149999	0.00017953	0
25	0.0124874799354	0.061	-0.0154999	0.000172497	0
26	0.0129908750941	0.0609	-0.0159999	0.000156284	0
27	0.0134867780196	0.061	-0.0164999	0.000120402	0
28	0.0139864270617	0.061	-0.0169999	0.00011164	0
29	0.0144898222204	0.0609	-0.0174999	0.00013429	0
30	0.0149895711923	0.0609	-0.018	0.00010103	0
31	0.0154853741879	0.061	-0.0184999	9.47719e-05	0
32	0.0159887693466	0.0609	-0.0189999	8.45199e-05	0
33	0.0164846722721	0.061	-0.0194999	8.3745e-05	0.00503534022949
34	0.0170442591803	0.0594	-0.0199999	9.1732e-05	0
35	0.0175439082224	0.0594	-0.0204999	0.000100554	0.00376083373744
36	0.0180435572645	0.0594	-0.0209999	8.01091e-05	0
0	0.0	0.0609	-0.0029999	0.0245172	0.00159784147571
1	0.000499451442938	0.0609	-0.0034999	0.0194417	0.001628203147
2	0.000994219911833	0.061	-0.0039999	0.0181848	0.00150214412841
3	0.00148898838073	0.0611	-0.0044999	0.0173208	0.00135466324675
4	0.00198375684962	0.0612	-0.0049999	0.0113469	0.00149360964083
5	0.00249257424065	0.061	-0.0054999	0.00746921	0.0014679723147
6	0.00299670865763	0.0609	-0.0059999	0.00518993	0.00148011899045
7	0.00348679415248	0.0611	-0.0064999	0.00372125	0.00147090471065
8	0.00399092856946	0.061	-0.0069999	0.00283433	0.00149487436448
9	0.0044903800124	0.061	-0.0074999	0.00210954	0.00153264587497
10	0.00498524837158	0.0611	-0.008	0.00169183	0.00150457319323
11	0.00548469981452	0.0611	-0.0085	0.00144578	0.00142870566148
12	0.00598873434121	0.061	-0.0089999	0.00126076	0.00151758234266
13	0.00649755173224	0.0608	-0.0094999	0.0010872	0.00158141865118
14	0.00700168614922	0.0607	-0.0099999	0.000953678	0.00158741800451
15	0.00749177164407	0.0609	-0.0104999	0.000804905	0.00152067113183
16	0.00798654011297	0.061	-0.0109999	0.000623707	0.00149465693354
17	0.0084859915559	0.061	-0.0114999	0.00052071	0
18	0.00898554288913	0.061	-0.012	0.000524525	0.00129961465313
19	0.00948489444178	0.061	-0.0124999	0.000527386	0.00123567001272
20	0.00998902885876	0.0609	-0.0129999	0.000337245	0
21	0.0104884803017	0.0609	-0.0134999	0.00025952	0
22	0.0108895892897	0.063	-0.0139999	0.000223757	0.00431735605424
23	0.0114827002135	0.061	-0.0144999	0.000202597	0.00339166511247
24	0.0119821516565	0.061	-0.0149999	0.00017953	0
25	0.0124816030994	0.061	-0.0154999	0.000172497	0
26	0.0129857375164	0.0609	-0.0159999	0.000156284	0
27	0.0134805059853	0.061	-0.0164999	0.000120402	0
28	0.0139799574282	0.061	-0.0169999	0.00011164	0
29	0.0144840918452	0.0609	-0.0174999	0.00013429	0
30	0.0149836431784	0.0609	-0.018	0.00010103	0
31	0.015478311757	0.061	-0.0184999	9.47719e-05	0
32	0.015982446174	0.0609	-0.0189999	8.45199e-05	0
33	0.0164772146429	0.061	-0.0194999	8.3745e-05	0.00503534022949
34	0.0170515936705	0.0594	-0.0199999	9.1732e-05	0
35	0.0175510451135	0.0594	-0.0204999	0.000100554	0.00376083373744
36	0.0180504965564	0.0594	-0.0209999	8.01091e-05	0
37	0.0185499479993	0.0594	-0.0214999	0.000105203	0.00215811245223
0	0.0	0.0609	-0.0029999	0.0245172	0.00159784147571
1	0.000499253331419	0.0609	-0.0034999	0.0194417	0.001628203147
2	0.000993043656092	0.061	-0.0039999	0.0181848	0.00150214412841
3	0.00148683398077	0.0611	-0.0044999	0.0173208	0.00135466324675
4	0.00198062430544	0.0612	-0.0049999	0.0113469	0.00149360964083
5	0.00249080365035	0.061	-0.0054999	0.00746921	0.0014679723147
6	0.00299551998851	0.0609	-0.0059999	0.00518993	0.00148011899045
7	0.00348384730644	0.0611	-0.0064999	0.00372125	0.00147090471065
8	0.0039885636446	0.061	-0.0069999	0.00283433	0.00149487436448
9	0.00448781697602	0.061	-0.0074999	0.00210954	0.00153264587497
10	0.00498170715136	0.0611	-0.008	0.00169183	0.00150457319323
11	0.00548096048278	0.0611	-0.0085	0.00144578	0.00142870566148
12	0.00598557697028	0.061	-0.0089999	0.00126076	0.00151758234266
13	0.00649575631519	0.0608	-0.0094999	0.0010872	0.00158141865118
14	0.00700047265335	0.0607	-0.0099999	0.000953678	0.00158741800451
15	0.00748879997128	0.0609	-0.0104999	0.000804905	0.00152067113183
16	0.00798259029595	0.061	-0.0109999	0.000623707	0.00149465693354
17	0.00848184362737	0.061	-0.0114999	0.00052071	0
18	0.00898119680946	0.061	-0.012	0.000524525	0.00129961465313
19	0.00948035029021	0.061	-0.0124999	0.000527386	0.00123567001272
20	0.00998506662837	0.0609	-0.0129999	0.000337245	0
21	0.0104843199598	0.0609	-0.0134999	0.00025952	0
22	0.0108688501496	0.063	-0.0139999	0.000223757	0.00431735605424
23	0.0114773636159	0.061	-0.0144999	0.000202597	0.00339166511247
24	0.0119766169473	0.061	-0.0149999	0.00017953	0
25	0.0124758702787	0.061	-0.0154999	0.000172497	0
26	0.0129805866169	0.0609	-0.0159999	0.000156284	0
27	0.0134743769416	0.061	-0.0164999	0.000120402	0
28	0.013973630273	0.061	-0.0169999	0.00011164	0
29	0.0144783466111	0.0609	-0.0174999	0.00013429	0
30	0.0149776997932	0.0609	-0.018	0.00010103	0
31	0.0154713902672	0.061	-0.0184999	9.47719e-05	0
32	0.0159761066054	0.0609	-0.0189999	8.45199e-05	0
33	0.0164698969301	0.061	-0.0194999	8.3745e-05	0.00503534022949
34	0.0170565583694	0.0594	-0.0199999	9.1732e-05	0
35	0.0175558117008	0.0594	-0.0204999	0.000100554	0.00376083373744
36	0.0180550650322	0.0594	-0.0209999	8.01091e-05	0
37	0.0185543183637	0.0594	-0.0214999	0.000105203	0.00215811245223
38	0.0190535716951	0.0594	-0.0219999	0.000118554	0.00101098432441
0	0.0	0.0609	-0.0029999	0.0245172	0.00159784147571
1	0.000499065878208	0.0609	-0.0034999	0.0194417	0.001628203147
2	0.00099202193086	0.061	-0.0039999	0.0181848	0.00150214412841
3	0.00148497798351	0.0611	-0.0044999	0.0173208	0.00135466324675
4	0.00197793403616	0.0612	-0.0049999	0.0113469	0.00149360964083
5	0.00248921956549	0.061	-0.0054999	0.00746921	0.0014679723147
6	0.00299439526925	0.0609	-0.0059999	0.00518993	0.00148011899045
7	0.00348124149635	0.0611	-0.0064999	0.00372125	0.00147090471065
8	0.00398641720011	0.061	-0.0069999	0.00283433	0.00149487436448
9	0.00448548307832	0.061	-0.0074999	0.00210954	0.00153264587497
10	0.00497853894415	0.0611	-0.008	0.00169183	0.00150457319323
11	0.00547760482235	0.0611	-0.0085	0.00144578	0.00142870566148
12	0.00598268071294	0.061	-0.0089999	0.00126076	0.00151758234266
13	0.00649396624226	0.0608	-0.0094999	0.0010872	0.00158141865118
14	0.00699914194603	0.0607	-0.0099999	0.000953678	0.00158741800451
15	0.00748598817312	0.0609	-0.0104999	0.000804905	0.00152067113183
16	0.00797894422578	0.061	-0.0109999	0.000623707	0.00149465693354
17	0.00847801010399	0.061	-0.0114999	0.00052071	0
18	0.00897717579537	0.061	-0.012	0.000524525	0.00129961465313
19	0.0094761418604	0.061	-0.0124999	0.000527386	0.00123567001272
20	0.00998131756417	0.0609	-0.0129999	0.000337245	0
21	0.0104803834424	0.0609	-0.0134999	0.00025952	0
22	0.0108511429839	0.063	-0.0139999	0.000223757	0.00431735605424
23	0.0114724053732	0.061	-0.0144999	0.000202597	0.00339166511247
24	0.0119714712514	0.061	-0.0149999	0.00017953	0
25	0.0124705371297	0.061	-0.0154999	0.000172497	0
26	0.0129757128334	0.0609	-0.0159999	0.000156284	0
27	0.0134686688861	0.061	-0.0164999	0.000120402	0
28	0.0139677347643	0.061	-0.0169999	0.00011164	0
29	0.014472910468	0.0609	-0.0174999	0.00013429	0
30	0.0149720761594	0.0609	-0.018	0.00010103	0
31	0.0154649323989	0.061	-0.0184999	9.47719e-05	0
32	0.0159701081027	0.0609	-0.0189999	8.45199e-05	0
33	0.0164630641553	0.061	-0.0194999	8.3745e-05	0.00503534022949
34	0.0170598872424	0.0594	-0.0199999	9.1732e-05	0
35	0.0175589531206	0.0594	-0.0204999	0.000100554	0.00376083373744
36	0.0180580189988	0.0594	-0.0209999	8.01091e-05	0
37	0.018557084877	0.0594	-0.0214999	0.000105203	0.00215811245223
38	0.0190561507553	0.0594	-0.0219999	0.000118554	0.00101098432441
39	0.0195552166335	0.0594	-0.0224999	0.000112415	0
0	0.0	0.0609	-0.0029999	0.0245172	0.00159784147571
1	0.000498895388679	0.0609	-0.0034999	0.0194417	0.001628203147
2	0.000991147310928	0.061	-0.0039999	0.0181848	0.00150214412841
3	0.00148339923318	0.0611	-0.0044999	0.0173208	0.00135466324675
4	0.00197565115543	0.0612	-0.0049999	0.0113469	0.00149360964083
5	0.00248783347696	0.061	-0.0054999	0.00746921	0.0014679723147
6	0.00299337233207	0.0609	-0.0059999	0.00518993	0.00148011899045
7	0.00347898078789	0.0611	-0.0064999	0.00372125	0.00147090471065
8	0.003984519643	0.061	-0.0069999	0.00283433	0.00149487436448
9	0.00448341503168	0.061	-0.0074999	0.00210954	0.00153264587497
10	0.00497576673301	0.0611	-0.008	0.00169183	0.00150457319323
11	0.00547466212168	0.0611	-0.0085	0.00144578	0.00142870566148
12	0.00598010119771	0.061	-0.0089999	0.00126076	0.00151758234266
13	0.00649228351925	0.0608	-0.0094999	0.0010872	0.00158141865118
14	0.00699782237436	0.0607	-0.0099999	0.000953678	0.00158741800451
15	0.00748343083018	0.0609	-0.0104999	0.000804905	0.00152067113183
16	0.00797568275243	0.061	-0.0109999	0.000623707	0.00149465693354
17	0.00847457814111	0.061	-0.0114999	0.00052071	0
18	0.00897357330886	0.061	-0.012	0.000524525	0.00129961465313
19	0.00947236891847	0.061	-0.0124999	0.000527386	0.00123567001272
20	0.00997790777357	0.0609	-0.0129999	0.000337245	0
21	0.0104768031623	0.0609	-0.0134999	0.00025952	0
22	0.0108361857559	0.063	-0.0139999	0.000223757	0.00431735605424
23	0.0114679504732	0.061	-0.0144999	0.000202597	0.00339166511247
24	0.0119668458619	0.061	-0.0149999	0.00017953	0
25	0.0124657412505	0.061	-0.0154999	0.000172497	0
26	0.0129712801056	0.0609	-0.0159999	0.000156284	0
27	0.0134635320279	0.061	-0.0164999	0.000120402	0
28	0.0139624274166	0.061	-0.0169999	0.00011164	0
29	0.0144679662717	0.0609	-0.0174999	0.00013429	0
30	0.0149669614394	0.0609	-0.018	0.00010103	0
31	0.0154591135826	0.061	-0.0184999	9.47719e-05	0
32	0.0159646524377	0.0609	-0.0189999	8.45199e-05	0
33	0.01645690436	0.061	-0.0194999	8.3745e-05	0.00503534022949
34	0.0170620952115	0.0594	-0.0199999	9.1732e-05	0
35	0.0175609906002	0.0594	-0.0204999	0.000100554	0.00376083373744
36	0.0180598859889	0.0594	-0.0209999	8.01091e-05	0
37	0.0185587813776	0.0594	-0.0214999	0.000105203	0.00215811245223
38	0.0190576767662	0.0594	-0.0219999	0.000118554	0.00101098432441
39	0.0195565721549	0.0594	-0.0224999	0.000112415	0
40	0.0200554675436	0.0594	-0.0229999	0.000107944	0
