Your comment line - do NOT delete this line
Col 0: X-pos [m]
Col 1: Y-pos [m]
Col 2: Voltage [V]

Col 0		Col 1		Col 2
0.002		0.001		5.53133e-05
0.0019		0.001		6.10356e-05
0.0018		0.001		6.48503e-05
0.0017		0.001		7.62944e-05
0.0016		0.001		9.72752e-05
0.0015		0.001		0.000122071
0.0014		0.001		0.000160218
0.0013		0.001		0.000196458
0.0012		0.001		0.000232697
0.0011		0.001		0.000284197
0.001		0.001		0.000347139
0.0009		0.001		0.000436785
0.0008		0.001		0.000532154
0.0007		0.001		0.000560764
0.0006		0.001		0.000545505
0.0005		0.001		0.000457766
0.0004		0.001		0.000337603
0.0003		0.001		0.000265123
0.0002		0.001		0.000276567
0.0001		0.001		0.000305178
0.0		0.001		0.000318529
-0.0001		0.001		0.000314714
-0.0002		0.001		0.000276567
-0.0003		0.001		0.000244142
-0.0004		0.001		0.000225068
-0.0005		0.001		0.000209809
-0.0006		0.001		0.000215531
-0.0007		0.001		0.000219346
-0.0008		0.001		0.000215531
-0.0009		0.001		0.000196458
-0.001		0.001		0.000162126
-0.0011		0.001		0.000141145
-0.0012		0.001		0.000123979
-0.0013		0.001		0.000116349
-0.0014		0.001		0.000104905
-0.0015		0.001		9.15532e-05
-0.0016		0.001		9.53679e-05
-0.0017		0.001		9.15532e-05
-0.0018		0.001		9.15532e-05
-0.0019		0.001		8.96459e-05
-0.002		0.001		8.39238e-05
-0.0021		0.001		7.82018e-05
-0.0022		0.001		8.01091e-05
-0.0023		0.001		8.01091e-05
-0.0024		0.001		7.82018e-05
-0.0025		0.001		8.01091e-05
-0.0026		0.001		8.01091e-05
-0.0027		0.001		8.20165e-05
-0.0028		0.001		8.39238e-05
-0.0029		0.001		8.20165e-05
-0.003		0.001		8.58312e-05
-0.0031		0.001		8.58312e-05
-0.0032		0.001		8.20165e-05
-0.0033		0.001		8.39238e-05
-0.0034		0.001		8.58312e-05
-0.0035		0.001		8.20165e-05
-0.0036		0.001		7.82018e-05
-0.0037		0.001		7.82018e-05
-0.0038		0.001		8.01091e-05
-0.0039		0.001		7.62944e-05
-0.004		0.001		7.82018e-05
-0.0041		0.001		8.01091e-05
-0.0042		0.001		8.39238e-05
-0.0043		0.001		7.82018e-05
-0.0044		0.001		7.82018e-05
-0.0045		0.001		7.05724e-05
-0.0046		0.001		7.05724e-05
-0.0047		0.001		6.67577e-05
-0.0048		0.001		6.48503e-05
-0.0049		0.001		6.2943e-05
-0.005		0.001		6.10356e-05
-0.005		0.0008001		5.3406e-05
-0.0049		0.0008001		5.9128e-05
-0.0048		0.0008001		6.10356e-05
-0.0047		0.0008001		6.10356e-05
-0.0046		0.0008001		6.67577e-05
-0.0045		0.0008001		6.8665e-05
-0.0044		0.0008001		7.05724e-05
-0.0043		0.0008001		7.82018e-05
-0.0042		0.0008001		7.82018e-05
-0.0041		0.0008001		7.62944e-05
-0.004		0.0008001		7.82018e-05
-0.0039		0.0008001		8.39238e-05
-0.0038		0.0008001		7.82018e-05
-0.0037		0.0008001		8.77385e-05
-0.0036		0.0008001		8.58312e-05
-0.0035		0.0008001		8.58312e-05
-0.0034		0.0008001		8.58312e-05
-0.0033		0.0008001		8.58312e-05
-0.0032		0.0008001		8.77385e-05
-0.0031		0.0008001		8.77385e-05
-0.003		0.0008001		8.96459e-05
-0.0029		0.0008001		8.96459e-05
-0.0028		0.0008001		8.77385e-05
-0.0027		0.0008001		9.15532e-05
-0.0026		0.0008001		8.58312e-05
-0.0025		0.0008001		8.77385e-05
-0.0024		0.0008001		8.77385e-05
-0.0023		0.0008001		8.77385e-05
-0.0022		0.0008001		8.58312e-05
-0.0021		0.0008001		8.39238e-05
-0.002		0.0008001		8.20165e-05
-0.0019		0.0008001		8.39238e-05
-0.0018		0.0008001		8.39238e-05
-0.0017		0.0008001		8.77385e-05
-0.0016		0.0008001		8.77385e-05
-0.0015		0.0008001		8.96459e-05
-0.0014		0.0008001		9.53679e-05
-0.0013		0.0008001		9.72752e-05
-0.0012		0.0008001		0.000104905
-0.0011		0.0008001		0.000127793
-0.001		0.0008001		0.000144959
-0.0009		0.0008001		0.000156404
-0.0008		0.0008001		0.000169755
-0.0007		0.0008001		0.000171662
-0.0006		0.0008001		0.00017357
-0.0005		0.0008001		0.000190736
-0.0004		0.0008001		0.000209809
-0.0003		0.0008001		0.000236512
-0.0002		0.0008001		0.000265123
-0.0001		0.0008001		0.00027466
0.0		0.0008001		0.000270845
0.0001		0.0008001		0.000253679
0.0002		0.0008001		0.000234605
0.0003		0.0008001		0.000251772
0.0004		0.0008001		0.000347139
0.0005		0.0008001		0.000497822
0.0006		0.0008001		0.000646595
0.0007		0.0008001		0.000705723
0.0008		0.0008001		0.000627521
0.0009		0.0008001		0.000505451
0.001		0.0008001		0.000402452
0.0011		0.0008001		0.00033951
0.0012		0.0008001		0.000291826
0.0013		0.0008001		0.00024605
0.0014		0.0008001		0.000198365
0.0015		0.0008001		0.000158311
0.0016		0.0008001		0.000122071
0.0017		0.0008001		8.58312e-05
0.0018		0.0008001		7.05724e-05
0.0019		0.0008001		6.10356e-05
0.002		0.0008001		6.10356e-05
0.002		0.0006001		5.3406e-05
0.0019		0.0006001		6.67577e-05
0.0018		0.0006001		7.43871e-05
0.0017		0.0006001		9.15532e-05
0.0016		0.0006001		0.000127793
0.0015		0.0006001		0.00016594
0.0014		0.0006001		0.000204087
0.0013		0.0006001		0.00023842
0.0012		0.0006001		0.000284197
0.0011		0.0006001		0.000328066
0.001		0.0006001		0.000398638
0.0009		0.0006001		0.000476839
0.0008		0.0006001		0.000528339
0.0007		0.0006001		0.000581745
0.0006		0.0006001		0.00057793
0.0005		0.0006001		0.000478746
0.0004		0.0006001		0.000349047
0.0003		0.0006001		0.00024605
0.0002		0.0006001		0.000192643
0.0001		0.0006001		0.000190736
0.0		0.0006001		0.000198365
-0.0001		0.0006001		0.000198365
-0.0002		0.0006001		0.000190736
-0.0003		0.0006001		0.000188828
-0.0004		0.0006001		0.000175477
-0.0005		0.0006001		0.000167848
-0.0006		0.0006001		0.000154496
-0.0007		0.0006001		0.000143052
-0.0008		0.0006001		0.000131608
-0.0009		0.0006001		0.000127793
-0.001		0.0006001		0.000118256
-0.0011		0.0006001		0.000104905
-0.0012		0.0006001		9.72752e-05
-0.0013		0.0006001		9.15532e-05
-0.0014		0.0006001		9.15532e-05
-0.0015		0.0006001		9.15532e-05
-0.0016		0.0006001		8.96459e-05
-0.0017		0.0006001		8.58312e-05
-0.0018		0.0006001		8.96459e-05
-0.0019		0.0006001		9.15532e-05
-0.002		0.0006001		9.53679e-05
-0.0021		0.0006001		9.34605e-05
-0.0022		0.0006001		9.72752e-05
-0.0023		0.0006001		9.34605e-05
-0.0024		0.0006001		9.15532e-05
-0.0025		0.0006001		9.53679e-05
-0.0026		0.0006001		9.15532e-05
-0.0027		0.0006001		9.91826e-05
-0.0028		0.0006001		9.34605e-05
-0.0029		0.0006001		9.53679e-05
-0.003		0.0006001		9.15532e-05
-0.0031		0.0006001		9.91826e-05
-0.0032		0.0006001		9.34605e-05
-0.0033		0.0006001		9.34605e-05
-0.0034		0.0006001		9.72752e-05
-0.0035		0.0006001		9.15532e-05
-0.0036		0.0006001		9.15532e-05
-0.0037		0.0006001		8.96459e-05
-0.0038		0.0006001		8.20165e-05
-0.0039		0.0006001		8.39238e-05
-0.004		0.0006001		7.43871e-05
-0.0041		0.0006001		6.8665e-05
-0.0042		0.0006001		6.8665e-05
-0.0043		0.0006001		6.67577e-05
-0.0044		0.0006001		6.48503e-05
-0.0045		0.0006001		6.48503e-05
-0.0046		0.0006001		6.10356e-05
-0.0047		0.0006001		5.3406e-05
-0.0048		0.0006001		5.9128e-05
-0.0049		0.0006001		5.14986e-05
-0.005		0.0006001		5.14986e-05
-0.005		0.0004001		4.57766e-05
-0.0049		0.0004001		4.19619e-05
-0.0048		0.0004001		4.95913e-05
-0.0047		0.0004001		4.95913e-05
-0.0046		0.0004001		5.14986e-05
-0.0045		0.0004001		5.3406e-05
-0.0044		0.0004001		6.10356e-05
-0.0043		0.0004001		6.10356e-05
-0.0042		0.0004001		6.2943e-05
-0.0041		0.0004001		6.48503e-05
-0.004		0.0004001		6.67577e-05
-0.0039		0.0004001		7.24797e-05
-0.0038		0.0004001		7.82018e-05
-0.0037		0.0004001		8.01091e-05
-0.0036		0.0004001		8.39238e-05
-0.0035		0.0004001		8.77385e-05
-0.0034		0.0004001		9.15532e-05
-0.0033		0.0004001		9.72752e-05
-0.0032		0.0004001		0.00010109
-0.0031		0.0004001		0.00010109
-0.003		0.0004001		9.72752e-05
-0.0029		0.0004001		0.00010109
-0.0028		0.0004001		0.00010109
-0.0027		0.0004001		0.00010109
-0.0026		0.0004001		0.000102997
-0.0025		0.0004001		9.91826e-05
-0.0024		0.0004001		0.000104905
-0.0023		0.0004001		0.000104905
-0.0022		0.0004001		0.000104905
-0.0021		0.0004001		0.000102997
-0.002		0.0004001		0.000106812
-0.0019		0.0004001		0.000102997
-0.0018		0.0004001		9.53679e-05
-0.0017		0.0004001		9.53679e-05
-0.0016		0.0004001		0.000102997
-0.0015		0.0004001		9.34605e-05
-0.0014		0.0004001		9.34605e-05
-0.0013		0.0004001		9.72752e-05
-0.0012		0.0004001		9.53679e-05
-0.0011		0.0004001		9.72752e-05
-0.001		0.0004001		0.00010109
-0.0009		0.0004001		0.000106812
-0.0008		0.0004001		0.000114441
-0.0007		0.0004001		0.000123979
-0.0006		0.0004001		0.000131608
-0.0005		0.0004001		0.000141145
-0.0004		0.0004001		0.000141145
-0.0003		0.0004001		0.000141145
-0.0002		0.0004001		0.000144959
-0.0001		0.0004001		0.000144959
0.0		0.0004001		0.000146867
0.0001		0.0004001		0.000167848
0.0002		0.0004001		0.000186921
0.0003		0.0004001		0.000217439
0.0004		0.0004001		0.000261309
0.0005		0.0004001		0.000329973
0.0006		0.0004001		0.00040436
0.0007		0.0004001		0.000411989
0.0008		0.0004001		0.00039673
0.0009		0.0004001		0.000356676
0.001		0.0004001		0.00030327
0.0011		0.0004001		0.000265123
0.0012		0.0004001		0.000249865
0.0013		0.0004001		0.000226975
0.0014		0.0004001		0.000185014
0.0015		0.0004001		0.000150681
0.0016		0.0004001		0.000120163
0.0017		0.0004001		9.15532e-05
0.0018		0.0004001		7.05724e-05
0.0019		0.0004001		6.8665e-05
0.002		0.0004001		6.10356e-05
0.002		0.0002001		5.53133e-05
0.0019		0.0002001		6.10356e-05
0.0018		0.0002001		6.48503e-05
0.0017		0.0002001		7.82018e-05
0.0016		0.0002001		9.53679e-05
0.0015		0.0002001		0.000123979
0.0014		0.0002001		0.000154496
0.0013		0.0002001		0.000175477
0.0012		0.0002001		0.000190736
0.0011		0.0002001		0.000196458
0.001		0.0002001		0.000217439
0.0009		0.0002001		0.000242234
0.0008		0.0002001		0.000263216
0.0007		0.0002001		0.000276567
0.0006		0.0002001		0.000276567
0.0005		0.0002001		0.000225068
0.0004		0.0002001		0.00017357
0.0003		0.0002001		0.000164033
0.0002		0.0002001		0.000169755
0.0001		0.0002001		0.000156404
0.0		0.0002001		0.000152589
-0.0001		0.0002001		0.000131608
-0.0002		0.0002001		0.000118256
-0.0003		0.0002001		0.000116349
-0.0004		0.0002001		0.000123979
-0.0005		0.0002001		0.000120163
-0.0006		0.0002001		0.000118256
-0.0007		0.0002001		0.000118256
-0.0008		0.0002001		0.000110627
-0.0009		0.0002001		0.000102997
-0.001		0.0002001		9.72752e-05
-0.0011		0.0002001		9.53679e-05
-0.0012		0.0002001		9.91826e-05
-0.0013		0.0002001		0.000104905
-0.0014		0.0002001		0.000104905
-0.0015		0.0002001		0.000104905
-0.0016		0.0002001		0.000104905
-0.0017		0.0002001		0.000104905
-0.0018		0.0002001		0.000102997
-0.0019		0.0002001		0.000110627
-0.002		0.0002001		0.000110627
-0.0021		0.0002001		0.000118256
-0.0022		0.0002001		0.000118256
-0.0023		0.0002001		0.000120163
-0.0024		0.0002001		0.000118256
-0.0025		0.0002001		0.000114441
-0.0026		0.0002001		0.000112534
-0.0027		0.0002001		0.000116349
-0.0028		0.0002001		0.000110627
-0.0029		0.0002001		0.000118256
-0.003		0.0002001		0.000112534
-0.0031		0.0002001		0.000108719
-0.0032		0.0002001		0.00010109
-0.0033		0.0002001		9.15532e-05
-0.0034		0.0002001		9.15532e-05
-0.0035		0.0002001		8.77385e-05
-0.0036		0.0002001		7.82018e-05
-0.0037		0.0002001		7.43871e-05
-0.0038		0.0002001		7.24797e-05
-0.0039		0.0002001		6.67577e-05
-0.004		0.0002001		6.48503e-05
-0.0041		0.0002001		6.10356e-05
-0.0042		0.0002001		5.72207e-05
-0.0043		0.0002001		5.3406e-05
-0.0044		0.0002001		5.53133e-05
-0.0045		0.0002001		4.76839e-05
-0.0046		0.0002001		4.95913e-05
-0.0047		0.0002001		4.19619e-05
-0.0048		0.0002001		4.57766e-05
-0.0049		0.0002001		3.81472e-05
-0.005		0.0002001		3.81472e-05
-0.005		1e-07		3.05178e-05
-0.0049		1e-07		3.43325e-05
-0.0048		1e-07		3.24252e-05
-0.0047		1e-07		3.81472e-05
-0.0046		1e-07		4.38693e-05
-0.0045		1e-07		4.57766e-05
-0.0044		1e-07		5.14986e-05
-0.0043		1e-07		5.14986e-05
-0.0042		1e-07		5.14986e-05
-0.0041		1e-07		6.10356e-05
-0.004		1e-07		6.2943e-05
-0.0039		1e-07		6.48503e-05
-0.0038		1e-07		6.48503e-05
-0.0037		1e-07		7.05724e-05
-0.0036		1e-07		7.62944e-05
-0.0035		1e-07		7.82018e-05
-0.0034		1e-07		8.96459e-05
-0.0033		1e-07		9.15532e-05
-0.0032		1e-07		0.00010109
-0.0031		1e-07		0.000104905
-0.003		1e-07		0.000110627
-0.0029		1e-07		0.000118256
-0.0028		1e-07		0.000120163
-0.0027		1e-07		0.000125886
-0.0026		1e-07		0.000129701
-0.0025		1e-07		0.000131608
-0.0024		1e-07		0.000135423
-0.0023		1e-07		0.000131608
-0.0022		1e-07		0.00013733
-0.0021		1e-07		0.000131608
-0.002		1e-07		0.000131608
-0.0019		1e-07		0.000125886
-0.0018		1e-07		0.000122071
-0.0017		1e-07		0.000118256
-0.0016		1e-07		0.000116349
-0.0015		1e-07		0.000120163
-0.0014		1e-07		0.000118256
-0.0013		1e-07		0.000114441
-0.0012		1e-07		0.000114441
-0.0011		1e-07		0.000108719
-0.001		1e-07		0.000104905
-0.0009		1e-07		0.000104905
-0.0008		1e-07		0.000110627
-0.0007		1e-07		0.000114441
-0.0006		1e-07		0.000112534
-0.0005		1e-07		0.000108719
-0.0004		1e-07		0.000110627
-0.0003		1e-07		0.000106812
-0.0002		1e-07		0.000114441
-0.0001		1e-07		0.000123979
0.0		1e-07		0.000133515
0.0001		1e-07		0.000143052
0.0002		1e-07		0.000141145
0.0003		1e-07		0.000135423
0.0004		1e-07		0.000144959
0.0005		1e-07		0.000179292
0.0006		1e-07		0.000207902
0.0007		1e-07		0.00019455
0.0008		1e-07		0.000190736
0.0009		1e-07		0.00017357
0.001		1e-07		0.000156404
0.0011		1e-07		0.000150681
0.0012		1e-07		0.000143052
0.0013		1e-07		0.000133515
0.0014		1e-07		0.000129701
0.0015		1e-07		0.000104905
0.0016		1e-07		8.20165e-05
0.0017		1e-07		6.10356e-05
0.0018		1e-07		5.53133e-05
0.0019		1e-07		5.72207e-05
0.002		1e-07		5.14986e-05
0.002		-0.0001999		4.76839e-05
0.0019		-0.0001999		4.95913e-05
0.0018		-0.0001999		4.95913e-05
0.0017		-0.0001999		5.53133e-05
0.0016		-0.0001999		6.48503e-05
0.0015		-0.0001999		7.24797e-05
0.0014		-0.0001999		9.15532e-05
0.0013		-0.0001999		0.000104905
0.0012		-0.0001999		0.000104905
0.0011		-0.0001999		0.000112534
0.001		-0.0001999		0.000116349
0.0009		-0.0001999		0.000120163
0.0008		-0.0001999		0.000131608
0.0007		-0.0001999		0.000141145
0.0006		-0.0001999		0.00013733
0.0005		-0.0001999		0.00013733
0.0004		-0.0001999		0.000125886
0.0003		-0.0001999		0.000118256
0.0002		-0.0001999		0.000118256
0.0001		-0.0001999		0.000123979
0.0		-0.0001999		0.000125886
-0.0001		-0.0001999		0.000122071
-0.0002		-0.0001999		0.000116349
-0.0003		-0.0001999		0.000108719
-0.0004		-0.0001999		0.000112534
-0.0005		-0.0001999		0.000112534
-0.0006		-0.0001999		0.000118256
-0.0007		-0.0001999		0.000118256
-0.0008		-0.0001999		0.000116349
-0.0009		-0.0001999		0.000116349
-0.001		-0.0001999		0.000114441
-0.0011		-0.0001999		0.000120163
-0.0012		-0.0001999		0.000122071
-0.0013		-0.0001999		0.000131608
-0.0014		-0.0001999		0.000133515
-0.0015		-0.0001999		0.000131608
-0.0016		-0.0001999		0.000129701
-0.0017		-0.0001999		0.000131608
-0.0018		-0.0001999		0.000131608
-0.0019		-0.0001999		0.00013733
-0.002		-0.0001999		0.000144959
-0.0021		-0.0001999		0.000146867
-0.0022		-0.0001999		0.000150681
-0.0023		-0.0001999		0.000148774
-0.0024		-0.0001999		0.000148774
-0.0025		-0.0001999		0.000144959
-0.0026		-0.0001999		0.000144959
-0.0027		-0.0001999		0.000133515
-0.0028		-0.0001999		0.000125886
-0.0029		-0.0001999		0.000118256
-0.003		-0.0001999		0.000112534
-0.0031		-0.0001999		0.000102997
-0.0032		-0.0001999		9.72752e-05
-0.0033		-0.0001999		9.53679e-05
-0.0034		-0.0001999		8.96459e-05
-0.0035		-0.0001999		8.58312e-05
-0.0036		-0.0001999		7.82018e-05
-0.0037		-0.0001999		7.82018e-05
-0.0038		-0.0001999		7.05724e-05
-0.0039		-0.0001999		6.48503e-05
-0.004		-0.0001999		5.72207e-05
-0.0041		-0.0001999		5.53133e-05
-0.0042		-0.0001999		5.14986e-05
-0.0043		-0.0001999		4.57766e-05
-0.0044		-0.0001999		4.19619e-05
-0.0045		-0.0001999		3.81472e-05
-0.0046		-0.0001999		3.81472e-05
-0.0047		-0.0001999		3.24252e-05
-0.0048		-0.0001999		3.24252e-05
-0.0049		-0.0001999		2.86103e-05
-0.005		-0.0001999		2.0981e-05
-0.005		-0.0003999		2.28883e-05
-0.0049		-0.0003999		2.0981e-05
-0.0048		-0.0003999		2.6703e-05
-0.0047		-0.0003999		2.28883e-05
-0.0046		-0.0003999		3.05178e-05
-0.0045		-0.0003999		3.24252e-05
-0.0044		-0.0003999		4.00546e-05
-0.0043		-0.0003999		4.38693e-05
-0.0042		-0.0003999		4.38693e-05
-0.0041		-0.0003999		5.14986e-05
-0.004		-0.0003999		5.53133e-05
-0.0039		-0.0003999		5.72207e-05
-0.0038		-0.0003999		6.48503e-05
-0.0037		-0.0003999		6.48503e-05
-0.0036		-0.0003999		6.8665e-05
-0.0035		-0.0003999		8.01091e-05
-0.0034		-0.0003999		8.39238e-05
-0.0033		-0.0003999		9.91826e-05
-0.0032		-0.0003999		9.72752e-05
-0.0031		-0.0003999		0.000106812
-0.003		-0.0003999		0.000116349
-0.0029		-0.0003999		0.000123979
-0.0028		-0.0003999		0.000133515
-0.0027		-0.0003999		0.000144959
-0.0026		-0.0003999		0.000144959
-0.0025		-0.0003999		0.000150681
-0.0024		-0.0003999		0.000158311
-0.0023		-0.0003999		0.000160218
-0.0022		-0.0003999		0.000169755
-0.0021		-0.0003999		0.000164033
-0.002		-0.0003999		0.000158311
-0.0019		-0.0003999		0.000156404
-0.0018		-0.0003999		0.000150681
-0.0017		-0.0003999		0.000150681
-0.0016		-0.0003999		0.000146867
-0.0015		-0.0003999		0.000152589
-0.0014		-0.0003999		0.000148774
-0.0013		-0.0003999		0.000144959
-0.0012		-0.0003999		0.000141145
-0.0011		-0.0003999		0.000129701
-0.001		-0.0003999		0.000125886
-0.0009		-0.0003999		0.000127793
-0.0008		-0.0003999		0.000123979
-0.0007		-0.0003999		0.000122071
-0.0006		-0.0003999		0.000120163
-0.0005		-0.0003999		0.000123979
-0.0004		-0.0003999		0.000120163
-0.0003		-0.0003999		0.000116349
-0.0002		-0.0003999		0.000116349
-0.0001		-0.0003999		0.000114441
0.0		-0.0003999		0.000116349
0.0001		-0.0003999		0.000108719
0.0002		-0.0003999		0.000102997
0.0003		-0.0003999		0.000104905
0.0004		-0.0003999		0.000102997
0.0005		-0.0003999		0.000102997
0.0006		-0.0003999		9.53679e-05
0.0007		-0.0003999		9.15532e-05
0.0008		-0.0003999		9.34605e-05
0.0009		-0.0003999		8.39238e-05
0.001		-0.0003999		8.01091e-05
0.0011		-0.0003999		8.01091e-05
0.0012		-0.0003999		7.82018e-05
0.0013		-0.0003999		7.43871e-05
0.0014		-0.0003999		6.67577e-05
0.0015		-0.0003999		6.10356e-05
0.0016		-0.0003999		5.3406e-05
0.0017		-0.0003999		4.76839e-05
0.0018		-0.0003999		4.76839e-05
0.0019		-0.0003999		4.76839e-05
0.002		-0.0003999		4.19619e-05
0.002		-0.0006		4.00546e-05
0.0019		-0.0006		3.81472e-05
0.0018		-0.0006		4.00546e-05
0.0017		-0.0006		4.19619e-05
0.0016		-0.0006		4.38693e-05
0.0015		-0.0006		3.81472e-05
0.0014		-0.0006		4.57766e-05
0.0013		-0.0006		5.14986e-05
0.0012		-0.0006		5.3406e-05
0.0011		-0.0006		5.72207e-05
0.001		-0.0006		6.2943e-05
0.0009		-0.0006		5.72207e-05
0.0008		-0.0006		6.2943e-05
0.0007		-0.0006		7.24797e-05
0.0006		-0.0006		7.05724e-05
0.0005		-0.0006		7.82018e-05
0.0004		-0.0006		8.20165e-05
0.0003		-0.0006		9.15532e-05
0.0002		-0.0006		9.34605e-05
0.0001		-0.0006		9.53679e-05
0.0		-0.0006		0.000104905
-0.0001		-0.0006		0.000112534
-0.0002		-0.0006		0.000118256
-0.0003		-0.0006		0.000120163
-0.0004		-0.0006		0.000127793
-0.0005		-0.0006		0.000127793
-0.0006		-0.0006		0.000133515
-0.0007		-0.0006		0.00013733
-0.0008		-0.0006		0.000139237
-0.0009		-0.0006		0.00013733
-0.001		-0.0006		0.000139237
-0.0011		-0.0006		0.000141145
-0.0012		-0.0006		0.000152589
-0.0013		-0.0006		0.000158311
-0.0014		-0.0006		0.000167848
-0.0015		-0.0006		0.000171662
-0.0016		-0.0006		0.000169755
-0.0017		-0.0006		0.00016594
-0.0018		-0.0006		0.000158311
-0.0019		-0.0006		0.000158311
-0.002		-0.0006		0.000164033
-0.0021		-0.0006		0.000169755
-0.0022		-0.0006		0.000169755
-0.0023		-0.0006		0.00017357
-0.0024		-0.0006		0.000171662
-0.0025		-0.0006		0.000169755
-0.0026		-0.0006		0.000160218
-0.0027		-0.0006		0.000158311
-0.0028		-0.0006		0.000143052
-0.0029		-0.0006		0.000133515
-0.003		-0.0006		0.000118256
-0.0031		-0.0006		0.000110627
-0.0032		-0.0006		0.00010109
-0.0033		-0.0006		9.91826e-05
-0.0034		-0.0006		8.20165e-05
-0.0035		-0.0006		7.82018e-05
-0.0036		-0.0006		6.48503e-05
-0.0037		-0.0006		6.48503e-05
-0.0038		-0.0006		5.9128e-05
-0.0039		-0.0006		5.9128e-05
-0.004		-0.0006		5.14986e-05
-0.0041		-0.0006		5.14986e-05
-0.0042		-0.0006		4.38693e-05
-0.0043		-0.0006		4.00546e-05
-0.0044		-0.0006		3.24252e-05
-0.0045		-0.0006		3.05178e-05
-0.0046		-0.0006		2.47956e-05
-0.0047		-0.0006		2.28883e-05
-0.0048		-0.0006		2.0981e-05
-0.0049		-0.0006		2.0981e-05
-0.005		-0.0006		1.71663e-05
-0.005		-0.0007999		1.33515e-05
-0.0049		-0.0007999		1.52589e-05
-0.0048		-0.0007999		1.52589e-05
-0.0047		-0.0007999		2.0981e-05
-0.0046		-0.0007999		1.90736e-05
-0.0045		-0.0007999		2.28883e-05
-0.0044		-0.0007999		2.6703e-05
-0.0043		-0.0007999		3.43325e-05
-0.0042		-0.0007999		3.81472e-05
-0.0041		-0.0007999		3.81472e-05
-0.004		-0.0007999		4.95913e-05
-0.0039		-0.0007999		4.95913e-05
-0.0038		-0.0007999		5.3406e-05
-0.0037		-0.0007999		5.72207e-05
-0.0036		-0.0007999		6.67577e-05
-0.0035		-0.0007999		7.05724e-05
-0.0034		-0.0007999		7.62944e-05
-0.0033		-0.0007999		9.72752e-05
-0.0032		-0.0007999		9.34605e-05
-0.0031		-0.0007999		0.000106812
-0.003		-0.0007999		0.000112534
-0.0029		-0.0007999		0.000131608
-0.0028		-0.0007999		0.000150681
-0.0027		-0.0007999		0.000162126
-0.0026		-0.0007999		0.00017357
-0.0025		-0.0007999		0.000181199
-0.0024		-0.0007999		0.000181199
-0.0023		-0.0007999		0.000183106
-0.0022		-0.0007999		0.000175477
-0.0021		-0.0007999		0.000169755
-0.002		-0.0007999		0.000169755
-0.0019		-0.0007999		0.00016594
-0.0018		-0.0007999		0.000171662
-0.0017		-0.0007999		0.000183106
-0.0016		-0.0007999		0.00019455
-0.0015		-0.0007999		0.00019455
-0.0014		-0.0007999		0.000192643
-0.0013		-0.0007999		0.000175477
-0.0012		-0.0007999		0.00016594
-0.0011		-0.0007999		0.000156404
-0.001		-0.0007999		0.000148774
-0.0009		-0.0007999		0.000148774
-0.0008		-0.0007999		0.000146867
-0.0007		-0.0007999		0.000146867
-0.0006		-0.0007999		0.000143052
-0.0005		-0.0007999		0.00013733
-0.0004		-0.0007999		0.000131608
-0.0003		-0.0007999		0.000123979
-0.0002		-0.0007999		0.000118256
-0.0001		-0.0007999		0.000116349
0.0		-0.0007999		0.000104905
0.0001		-0.0007999		9.91826e-05
0.0002		-0.0007999		8.96459e-05
0.0003		-0.0007999		8.01091e-05
0.0004		-0.0007999		8.01091e-05
0.0005		-0.0007999		7.05724e-05
0.0006		-0.0007999		6.10356e-05
0.0007		-0.0007999		5.9128e-05
0.0008		-0.0007999		5.9128e-05
0.0009		-0.0007999		5.3406e-05
0.001		-0.0007999		4.76839e-05
0.0011		-0.0007999		4.38693e-05
0.0012		-0.0007999		4.00546e-05
0.0013		-0.0007999		3.81472e-05
0.0014		-0.0007999		3.62399e-05
0.0015		-0.0007999		3.43325e-05
0.0016		-0.0007999		3.24252e-05
0.0017		-0.0007999		3.81472e-05
0.0018		-0.0007999		3.62399e-05
0.0019		-0.0007999		3.43325e-05
0.002		-0.0007999		3.81472e-05
0.002		-0.001		4.00546e-05
0.0019		-0.001		3.81472e-05
0.0018		-0.001		3.43325e-05
0.0017		-0.001		3.81472e-05
0.0016		-0.001		3.81472e-05
0.0015		-0.001		3.62399e-05
0.0014		-0.001		3.43325e-05
0.0013		-0.001		3.62399e-05
0.0012		-0.001		3.81472e-05
0.0011		-0.001		3.81472e-05
0.001		-0.001		4.00546e-05
0.0009		-0.001		4.95913e-05
0.0008		-0.001		4.76839e-05
0.0007		-0.001		4.95913e-05
0.0006		-0.001		5.9128e-05
0.0005		-0.001		6.48503e-05
0.0004		-0.001		6.8665e-05
0.0003		-0.001		7.82018e-05
0.0002		-0.001		8.58312e-05
0.0001		-0.001		9.34605e-05
0.0		-0.001		0.000104905
-0.0001		-0.001		0.000112534
-0.0002		-0.001		0.000118256
-0.0003		-0.001		0.000129701
-0.0004		-0.001		0.00013733
-0.0005		-0.001		0.000139237
-0.0006		-0.001		0.000146867
-0.0007		-0.001		0.000156404
-0.0008		-0.001		0.000158311
-0.0009		-0.001		0.000158311
-0.001		-0.001		0.000160218
-0.0011		-0.001		0.000158311
-0.0012		-0.001		0.000171662
-0.0013		-0.001		0.000186921
-0.0014		-0.001		0.000198365
-0.0015		-0.001		0.000213624
-0.0016		-0.001		0.000213624
-0.0017		-0.001		0.000207902
-0.0018		-0.001		0.000198365
-0.0019		-0.001		0.000186921
-0.002		-0.001		0.000183106
-0.0021		-0.001		0.000179292
-0.0022		-0.001		0.000183106
-0.0023		-0.001		0.000186921
-0.0024		-0.001		0.000190736
-0.0025		-0.001		0.000185014
-0.0026		-0.001		0.000175477
-0.0027		-0.001		0.000156404
-0.0028		-0.001		0.000148774
-0.0029		-0.001		0.000133515
-0.003		-0.001		0.000118256
-0.0031		-0.001		0.000108719
-0.0032		-0.001		9.15532e-05
-0.0033		-0.001		8.77385e-05
-0.0034		-0.001		7.82018e-05
-0.0035		-0.001		6.67577e-05
-0.0036		-0.001		5.9128e-05
-0.0037		-0.001		5.3406e-05
-0.0038		-0.001		5.14986e-05
-0.0039		-0.001		4.76839e-05
-0.004		-0.001		4.19619e-05
-0.0041		-0.001		2.6703e-05
-0.0042		-0.001		2.6703e-05
-0.0043		-0.001		2.86103e-05
-0.0044		-0.001		2.47956e-05
-0.0045		-0.001		1.71663e-05
-0.0046		-0.001		1.71663e-05
-0.0047		-0.001		1.33515e-05
-0.0048		-0.001		1.33515e-05
-0.0049		-0.001		1.14442e-05
-0.005		-0.001		7.62945e-06
-0.005		-0.0012		7.62945e-06
-0.0049		-0.0012		7.62945e-06
-0.0048		-0.0012		7.62945e-06
-0.0047		-0.0012		1.52589e-05
-0.0046		-0.0012		1.33515e-05
-0.0045		-0.0012		1.33515e-05
-0.0044		-0.0012		1.71663e-05
-0.0043		-0.0012		2.0981e-05
-0.0042		-0.0012		2.47956e-05
-0.0041		-0.0012		2.86103e-05
-0.004		-0.0012		3.24252e-05
-0.0039		-0.0012		3.81472e-05
-0.0038		-0.0012		4.19619e-05
-0.0037		-0.0012		5.14986e-05
-0.0036		-0.0012		5.14986e-05
-0.0035		-0.0012		5.9128e-05
-0.0034		-0.0012		6.48503e-05
-0.0033		-0.0012		7.05724e-05
-0.0032		-0.0012		7.82018e-05
-0.0031		-0.0012		9.34605e-05
-0.003		-0.0012		0.000104905
-0.0029		-0.0012		0.000112534
-0.0028		-0.0012		0.000131608
-0.0027		-0.0012		0.000144959
-0.0026		-0.0012		0.000160218
-0.0025		-0.0012		0.000175477
-0.0024		-0.0012		0.000183106
-0.0023		-0.0012		0.000183106
-0.0022		-0.0012		0.000190736
-0.0021		-0.0012		0.00019455
-0.002		-0.0012		0.00020218
-0.0019		-0.0012		0.000209809
-0.0018		-0.0012		0.00023079
-0.0017		-0.0012		0.000236512
-0.0016		-0.0012		0.000236512
-0.0015		-0.0012		0.000228883
-0.0014		-0.0012		0.000207902
-0.0013		-0.0012		0.000188828
-0.0012		-0.0012		0.00017357
-0.0011		-0.0012		0.000167848
-0.001		-0.0012		0.000169755
-0.0009		-0.0012		0.000169755
-0.0008		-0.0012		0.000171662
-0.0007		-0.0012		0.000158311
-0.0006		-0.0012		0.000152589
-0.0005		-0.0012		0.000133515
-0.0004		-0.0012		0.000131608
-0.0003		-0.0012		0.000125886
-0.0002		-0.0012		0.000122071
-0.0001		-0.0012		0.000112534
0.0		-0.0012		0.000104905
0.0001		-0.0012		0.000104905
0.0002		-0.0012		8.96459e-05
0.0003		-0.0012		7.82018e-05
0.0004		-0.0012		6.8665e-05
0.0005		-0.0012		6.2943e-05
0.0006		-0.0012		5.72207e-05
0.0007		-0.0012		5.14986e-05
0.0008		-0.0012		4.38693e-05
0.0009		-0.0012		4.00546e-05
0.001		-0.0012		4.00546e-05
0.0011		-0.0012		3.81472e-05
0.0012		-0.0012		3.81472e-05
0.0013		-0.0012		3.43325e-05
0.0014		-0.0012		3.43325e-05
0.0015		-0.0012		3.81472e-05
0.0016		-0.0012		3.62399e-05
0.0017		-0.0012		3.81472e-05
0.0018		-0.0012		3.81472e-05
0.0019		-0.0012		3.81472e-05
0.002		-0.0012		3.81472e-05
0.002		-0.0013999		4.57766e-05
0.0019		-0.0013999		3.81472e-05
0.0018		-0.0013999		4.19619e-05
0.0017		-0.0013999		3.62399e-05
0.0016		-0.0013999		3.62399e-05
0.0015		-0.0013999		3.43325e-05
0.0014		-0.0013999		3.62399e-05
0.0013		-0.0013999		3.43325e-05
0.0012		-0.0013999		3.62399e-05
0.0011		-0.0013999		3.81472e-05
0.001		-0.0013999		4.19619e-05
0.0009		-0.0013999		4.19619e-05
0.0008		-0.0013999		4.95913e-05
0.0007		-0.0013999		5.14986e-05
0.0006		-0.0013999		5.53133e-05
0.0005		-0.0013999		6.2943e-05
0.0004		-0.0013999		6.67577e-05
0.0003		-0.0013999		7.05724e-05
0.0002		-0.0013999		8.39238e-05
0.0001		-0.0013999		9.34605e-05
0.0		-0.0013999		0.000104905
-0.0001		-0.0013999		0.000112534
-0.0002		-0.0013999		0.000116349
-0.0003		-0.0013999		0.000123979
-0.0004		-0.0013999		0.000127793
-0.0005		-0.0013999		0.000135423
-0.0006		-0.0013999		0.000144959
-0.0007		-0.0013999		0.000154496
-0.0008		-0.0013999		0.00016594
-0.0009		-0.0013999		0.000167848
-0.001		-0.0013999		0.00016594
-0.0011		-0.0013999		0.00016594
-0.0012		-0.0013999		0.000169755
-0.0013		-0.0013999		0.000185014
-0.0014		-0.0013999		0.000209809
-0.0015		-0.0013999		0.000228883
-0.0016		-0.0013999		0.000236512
-0.0017		-0.0013999		0.000244142
-0.0018		-0.0013999		0.00024605
-0.0019		-0.0013999		0.000236512
-0.002		-0.0013999		0.000223161
-0.0021		-0.0013999		0.000209809
-0.0022		-0.0013999		0.000192643
-0.0023		-0.0013999		0.000181199
-0.0024		-0.0013999		0.00016594
-0.0025		-0.0013999		0.000154496
-0.0026		-0.0013999		0.000131608
-0.0027		-0.0013999		0.000122071
-0.0028		-0.0013999		0.000110627
-0.0029		-0.0013999		9.53679e-05
-0.003		-0.0013999		8.96459e-05
-0.0031		-0.0013999		7.43871e-05
-0.0032		-0.0013999		6.48503e-05
-0.0033		-0.0013999		6.2943e-05
-0.0034		-0.0013999		6.2943e-05
-0.0035		-0.0013999		5.14986e-05
-0.0036		-0.0013999		5.14986e-05
-0.0037		-0.0013999		5.14986e-05
-0.0038		-0.0013999		3.81472e-05
-0.0039		-0.0013999		3.05178e-05
-0.004		-0.0013999		2.6703e-05
-0.0041		-0.0013999		2.47956e-05
-0.0042		-0.0013999		2.28883e-05
-0.0043		-0.0013999		1.52589e-05
-0.0044		-0.0013999		1.33515e-05
-0.0045		-0.0013999		1.14442e-05
-0.0046		-0.0013999		9.5368e-06
-0.0047		-0.0013999		9.5368e-06
-0.0048		-0.0013999		1.33515e-05
-0.0049		-0.0013999		9.5368e-06
-0.005		-0.0013999		7.62945e-06
-0.005		-0.0015999		9.5368e-06
-0.0049		-0.0015999		5.72208e-06
-0.0048		-0.0015999		7.62945e-06
-0.0047		-0.0015999		9.5368e-06
-0.0046		-0.0015999		9.5368e-06
-0.0045		-0.0015999		1.14442e-05
-0.0044		-0.0015999		1.14442e-05
-0.0043		-0.0015999		1.33515e-05
-0.0042		-0.0015999		1.71663e-05
-0.0041		-0.0015999		1.52589e-05
-0.004		-0.0015999		1.90736e-05
-0.0039		-0.0015999		2.47956e-05
-0.0038		-0.0015999		2.6703e-05
-0.0037		-0.0015999		3.43325e-05
-0.0036		-0.0015999		4.19619e-05
-0.0035		-0.0015999		4.95913e-05
-0.0034		-0.0015999		5.53133e-05
-0.0033		-0.0015999		5.72207e-05
-0.0032		-0.0015999		6.10356e-05
-0.0031		-0.0015999		6.2943e-05
-0.003		-0.0015999		7.62944e-05
-0.0029		-0.0015999		7.62944e-05
-0.0028		-0.0015999		9.15532e-05
-0.0027		-0.0015999		9.72752e-05
-0.0026		-0.0015999		0.000116349
-0.0025		-0.0015999		0.000131608
-0.0024		-0.0015999		0.000146867
-0.0023		-0.0015999		0.000167848
-0.0022		-0.0015999		0.000192643
-0.0021		-0.0015999		0.000215531
-0.002		-0.0015999		0.00023079
-0.0019		-0.0015999		0.00023842
-0.0018		-0.0015999		0.000236512
-0.0017		-0.0015999		0.000225068
-0.0016		-0.0015999		0.000217439
-0.0015		-0.0015999		0.000205995
-0.0014		-0.0015999		0.000183106
-0.0013		-0.0015999		0.000169755
-0.0012		-0.0015999		0.000167848
-0.0011		-0.0015999		0.000162126
-0.001		-0.0015999		0.000167848
-0.0009		-0.0015999		0.000162126
-0.0008		-0.0015999		0.000152589
-0.0007		-0.0015999		0.000144959
-0.0006		-0.0015999		0.000125886
-0.0005		-0.0015999		0.000118256
-0.0004		-0.0015999		0.000112534
-0.0003		-0.0015999		0.000112534
-0.0002		-0.0015999		0.000104905
-0.0001		-0.0015999		9.72752e-05
0.0		-0.0015999		9.15532e-05
0.0001		-0.0015999		8.77385e-05
0.0002		-0.0015999		7.82018e-05
0.0003		-0.0015999		7.24797e-05
0.0004		-0.0015999		6.48503e-05
0.0005		-0.0015999		5.9128e-05
0.0006		-0.0015999		5.14986e-05
0.0007		-0.0015999		5.14986e-05
0.0008		-0.0015999		4.38693e-05
0.0009		-0.0015999		4.19619e-05
0.001		-0.0015999		4.19619e-05
0.0011		-0.0015999		3.62399e-05
0.0012		-0.0015999		3.81472e-05
0.0013		-0.0015999		3.81472e-05
0.0014		-0.0015999		3.81472e-05
0.0015		-0.0015999		3.81472e-05
0.0016		-0.0015999		4.00546e-05
0.0017		-0.0015999		4.00546e-05
0.0018		-0.0015999		4.00546e-05
0.0019		-0.0015999		3.62399e-05
0.002		-0.0015999		4.00546e-05
0.002		-0.0017999		4.19619e-05
0.0019		-0.0017999		4.00546e-05
0.0018		-0.0017999		3.81472e-05
0.0017		-0.0017999		4.00546e-05
0.0016		-0.0017999		4.00546e-05
0.0015		-0.0017999		3.81472e-05
0.0014		-0.0017999		4.00546e-05
0.0013		-0.0017999		3.81472e-05
0.0012		-0.0017999		3.62399e-05
0.0011		-0.0017999		3.81472e-05
0.001		-0.0017999		4.19619e-05
0.0009		-0.0017999		4.38693e-05
0.0008		-0.0017999		4.19619e-05
0.0007		-0.0017999		4.57766e-05
0.0006		-0.0017999		5.53133e-05
0.0005		-0.0017999		5.53133e-05
0.0004		-0.0017999		6.48503e-05
0.0003		-0.0017999		6.48503e-05
0.0002		-0.0017999		6.67577e-05
0.0001		-0.0017999		7.82018e-05
0.0		-0.0017999		7.82018e-05
-0.0001		-0.0017999		8.39238e-05
-0.0002		-0.0017999		9.91826e-05
-0.0003		-0.0017999		9.91826e-05
-0.0004		-0.0017999		9.72752e-05
-0.0005		-0.0017999		0.000102997
-0.0006		-0.0017999		0.000108719
-0.0007		-0.0017999		0.000123979
-0.0008		-0.0017999		0.00013733
-0.0009		-0.0017999		0.000150681
-0.001		-0.0017999		0.000158311
-0.0011		-0.0017999		0.000156404
-0.0012		-0.0017999		0.000154496
-0.0013		-0.0017999		0.000150681
-0.0014		-0.0017999		0.000158311
-0.0015		-0.0017999		0.00016594
-0.0016		-0.0017999		0.000177384
-0.0017		-0.0017999		0.000188828
-0.0018		-0.0017999		0.000198365
-0.0019		-0.0017999		0.000209809
-0.002		-0.0017999		0.000213624
-0.0021		-0.0017999		0.000196458
-0.0022		-0.0017999		0.000185014
-0.0023		-0.0017999		0.00016594
-0.0024		-0.0017999		0.000131608
-0.0025		-0.0017999		0.000112534
-0.0026		-0.0017999		0.000102997
-0.0027		-0.0017999		9.53679e-05
-0.0028		-0.0017999		7.43871e-05
-0.0029		-0.0017999		6.8665e-05
-0.003		-0.0017999		7.24797e-05
-0.0031		-0.0017999		5.72207e-05
-0.0032		-0.0017999		5.14986e-05
-0.0033		-0.0017999		4.57766e-05
-0.0034		-0.0017999		4.38693e-05
-0.0035		-0.0017999		4.57766e-05
-0.0036		-0.0017999		3.62399e-05
-0.0037		-0.0017999		2.47956e-05
-0.0038		-0.0017999		2.0981e-05
-0.0039		-0.0017999		1.90736e-05
-0.004		-0.0017999		1.52589e-05
-0.0041		-0.0017999		1.33515e-05
-0.0042		-0.0017999		1.33515e-05
-0.0043		-0.0017999		1.33515e-05
-0.0044		-0.0017999		1.14442e-05
-0.0045		-0.0017999		7.62945e-06
-0.0046		-0.0017999		1.14442e-05
-0.0047		-0.0017999		3.81473e-06
-0.0048		-0.0017999		3.81473e-06
-0.0049		-0.0017999		1.14442e-05
-0.005		-0.0017999		9.5368e-06
-0.005		-0.0019999		3.81473e-06
-0.0049		-0.0019999		7.62945e-06
-0.0048		-0.0019999		3.81473e-06
-0.0047		-0.0019999		7.62945e-06
-0.0046		-0.0019999		9.5368e-06
-0.0045		-0.0019999		9.5368e-06
-0.0044		-0.0019999		7.62945e-06
-0.0043		-0.0019999		1.14442e-05
-0.0042		-0.0019999		1.14442e-05
-0.0041		-0.0019999		1.14442e-05
-0.004		-0.0019999		1.33515e-05
-0.0039		-0.0019999		1.33515e-05
-0.0038		-0.0019999		1.71663e-05
-0.0037		-0.0019999		1.90736e-05
-0.0036		-0.0019999		2.47956e-05
-0.0035		-0.0019999		2.6703e-05
-0.0034		-0.0019999		3.05178e-05
-0.0033		-0.0019999		3.62399e-05
-0.0032		-0.0019999		4.57766e-05
-0.0031		-0.0019999		5.14986e-05
-0.003		-0.0019999		5.72207e-05
-0.0029		-0.0019999		6.10356e-05
-0.0028		-0.0019999		6.10356e-05
-0.0027		-0.0019999		7.24797e-05
-0.0026		-0.0019999		8.58312e-05
-0.0025		-0.0019999		9.72752e-05
-0.0024		-0.0019999		0.000108719
-0.0023		-0.0019999		0.000125886
-0.0022		-0.0019999		0.000152589
-0.0021		-0.0019999		0.000156404
-0.002		-0.0019999		0.000156404
-0.0019		-0.0019999		0.000169755
-0.0018		-0.0019999		0.000171662
-0.0017		-0.0019999		0.000169755
-0.0016		-0.0019999		0.000158311
-0.0015		-0.0019999		0.000150681
-0.0014		-0.0019999		0.000146867
-0.0013		-0.0019999		0.00013733
-0.0012		-0.0019999		0.00013733
-0.0011		-0.0019999		0.000139237
-0.001		-0.0019999		0.000131608
-0.0009		-0.0019999		0.000125886
-0.0008		-0.0019999		0.000114441
-0.0007		-0.0019999		0.000104905
-0.0006		-0.0019999		0.00010109
-0.0005		-0.0019999		9.15532e-05
-0.0004		-0.0019999		8.58312e-05
-0.0003		-0.0019999		8.20165e-05
-0.0002		-0.0019999		7.82018e-05
-0.0001		-0.0019999		7.43871e-05
0.0		-0.0019999		6.67577e-05
0.0001		-0.0019999		6.48503e-05
0.0002		-0.0019999		6.48503e-05
0.0003		-0.0019999		6.2943e-05
0.0004		-0.0019999		5.72207e-05
0.0005		-0.0019999		5.53133e-05
0.0006		-0.0019999		4.57766e-05
0.0007		-0.0019999		4.76839e-05
0.0008		-0.0019999		4.57766e-05
0.0009		-0.0019999		4.19619e-05
0.001		-0.0019999		4.57766e-05
0.0011		-0.0019999		4.76839e-05
0.0012		-0.0019999		3.81472e-05
0.0013		-0.0019999		4.38693e-05
0.0014		-0.0019999		4.00546e-05
0.0015		-0.0019999		4.00546e-05
0.0016		-0.0019999		3.81472e-05
0.0017		-0.0019999		4.19619e-05
0.0018		-0.0019999		3.81472e-05
0.0019		-0.0019999		4.19619e-05
0.002		-0.0019999		3.81472e-05
0.002		-0.0022		3.81472e-05
0.0019		-0.0022		3.81472e-05
0.0018		-0.0022		3.81472e-05
0.0017		-0.0022		4.00546e-05
0.0016		-0.0022		4.19619e-05
0.0015		-0.0022		4.00546e-05
0.0014		-0.0022		4.19619e-05
0.0013		-0.0022		4.19619e-05
0.0012		-0.0022		4.76839e-05
0.0011		-0.0022		4.57766e-05
0.001		-0.0022		4.57766e-05
0.0009		-0.0022		4.76839e-05
0.0008		-0.0022		4.19619e-05
0.0007		-0.0022		4.57766e-05
0.0006		-0.0022		4.57766e-05
0.0005		-0.0022		4.76839e-05
0.0004		-0.0022		4.76839e-05
0.0003		-0.0022		5.14986e-05
0.0002		-0.0022		4.95913e-05
0.0001		-0.0022		5.3406e-05
0.0		-0.0022		5.53133e-05
-0.0001		-0.0022		6.2943e-05
-0.0002		-0.0022		6.67577e-05
-0.0003		-0.0022		6.8665e-05
-0.0004		-0.0022		7.43871e-05
-0.0005		-0.0022		7.24797e-05
-0.0006		-0.0022		8.20165e-05
-0.0007		-0.0022		8.77385e-05
-0.0008		-0.0022		9.72752e-05
-0.0009		-0.0022		0.00010109
-0.001		-0.0022		0.000104905
-0.0011		-0.0022		0.000116349
-0.0012		-0.0022		0.000118256
-0.0013		-0.0022		0.000118256
-0.0014		-0.0022		0.000131608
-0.0015		-0.0022		0.000135423
-0.0016		-0.0022		0.000129701
-0.0017		-0.0022		0.000129701
-0.0018		-0.0022		0.000143052
-0.0019		-0.0022		0.000146867
-0.002		-0.0022		0.000125886
-0.0021		-0.0022		0.000106812
-0.0022		-0.0022		0.000102997
-0.0023		-0.0022		0.000110627
-0.0024		-0.0022		9.15532e-05
-0.0025		-0.0022		7.82018e-05
-0.0026		-0.0022		7.05724e-05
-0.0027		-0.0022		6.48503e-05
-0.0028		-0.0022		5.53133e-05
-0.0029		-0.0022		4.38693e-05
-0.003		-0.0022		4.57766e-05
-0.0031		-0.0022		3.81472e-05
-0.0032		-0.0022		3.24252e-05
-0.0033		-0.0022		3.24252e-05
-0.0034		-0.0022		2.47956e-05
-0.0035		-0.0022		2.47956e-05
-0.0036		-0.0022		2.0981e-05
-0.0037		-0.0022		1.71663e-05
-0.0038		-0.0022		1.33515e-05
-0.0039		-0.0022		9.5368e-06
-0.004		-0.0022		1.14442e-05
-0.0041		-0.0022		9.5368e-06
-0.0042		-0.0022		9.5368e-06
-0.0043		-0.0022		9.5368e-06
-0.0044		-0.0022		7.62945e-06
-0.0045		-0.0022		5.72208e-06
-0.0046		-0.0022		5.72208e-06
-0.0047		-0.0022		7.62945e-06
-0.0048		-0.0022		5.72208e-06
-0.0049		-0.0022		5.72208e-06
-0.005		-0.0022		3.81473e-06
-0.005		-0.0023999		5.72208e-06
-0.0049		-0.0023999		9.5368e-06
-0.0048		-0.0023999		5.72208e-06
-0.0047		-0.0023999		3.81473e-06
-0.0046		-0.0023999		5.72208e-06
-0.0045		-0.0023999		5.72208e-06
-0.0044		-0.0023999		1.14442e-05
-0.0043		-0.0023999		1.14442e-05
-0.0042		-0.0023999		9.5368e-06
-0.0041		-0.0023999		1.14442e-05
-0.004		-0.0023999		1.33515e-05
-0.0039		-0.0023999		1.14442e-05
-0.0038		-0.0023999		1.14442e-05
-0.0037		-0.0023999		1.33515e-05
-0.0036		-0.0023999		1.33515e-05
-0.0035		-0.0023999		2.0981e-05
-0.0034		-0.0023999		2.28883e-05
-0.0033		-0.0023999		2.28883e-05
-0.0032		-0.0023999		2.86103e-05
-0.0031		-0.0023999		2.86103e-05
-0.003		-0.0023999		3.62399e-05
-0.0029		-0.0023999		4.57766e-05
-0.0028		-0.0023999		4.57766e-05
-0.0027		-0.0023999		4.57766e-05
-0.0026		-0.0023999		5.72207e-05
-0.0025		-0.0023999		5.9128e-05
-0.0024		-0.0023999		7.43871e-05
-0.0023		-0.0023999		7.62944e-05
-0.0022		-0.0023999		8.01091e-05
-0.0021		-0.0023999		9.15532e-05
-0.002		-0.0023999		0.000106812
-0.0019		-0.0023999		0.000114441
-0.0018		-0.0023999		0.000104905
-0.0017		-0.0023999		9.91826e-05
-0.0016		-0.0023999		0.000114441
-0.0015		-0.0023999		0.000108719
-0.0014		-0.0023999		0.000104905
-0.0013		-0.0023999		0.00010109
-0.0012		-0.0023999		9.72752e-05
-0.0011		-0.0023999		8.77385e-05
-0.001		-0.0023999		8.39238e-05
-0.0009		-0.0023999		8.01091e-05
-0.0008		-0.0023999		7.43871e-05
-0.0007		-0.0023999		7.24797e-05
-0.0006		-0.0023999		6.10356e-05
-0.0005		-0.0023999		6.10356e-05
-0.0004		-0.0023999		5.9128e-05
-0.0003		-0.0023999		5.9128e-05
-0.0002		-0.0023999		5.3406e-05
-0.0001		-0.0023999		5.14986e-05
0.0		-0.0023999		4.76839e-05
0.0001		-0.0023999		4.57766e-05
0.0002		-0.0023999		4.57766e-05
0.0003		-0.0023999		4.19619e-05
0.0004		-0.0023999		4.38693e-05
0.0005		-0.0023999		4.00546e-05
0.0006		-0.0023999		4.19619e-05
0.0007		-0.0023999		4.19619e-05
0.0008		-0.0023999		4.76839e-05
0.0009		-0.0023999		4.19619e-05
0.001		-0.0023999		4.57766e-05
0.0011		-0.0023999		4.57766e-05
0.0012		-0.0023999		4.19619e-05
0.0013		-0.0023999		4.19619e-05
0.0014		-0.0023999		4.00546e-05
0.0015		-0.0023999		4.57766e-05
0.0016		-0.0023999		4.00546e-05
0.0017		-0.0023999		3.81472e-05
0.0018		-0.0023999		4.00546e-05
0.0019		-0.0023999		3.62399e-05
0.002		-0.0023999		3.81472e-05
0.002		-0.0025999		3.81472e-05
0.0019		-0.0025999		3.81472e-05
0.0018		-0.0025999		3.81472e-05
0.0017		-0.0025999		4.00546e-05
0.0016		-0.0025999		4.38693e-05
0.0015		-0.0025999		4.19619e-05
0.0014		-0.0025999		4.38693e-05
0.0013		-0.0025999		4.00546e-05
0.0012		-0.0025999		4.19619e-05
0.0011		-0.0025999		4.57766e-05
0.001		-0.0025999		4.00546e-05
0.0009		-0.0025999		4.57766e-05
0.0008		-0.0025999		4.38693e-05
0.0007		-0.0025999		4.19619e-05
0.0006		-0.0025999		4.19619e-05
0.0005		-0.0025999		3.81472e-05
0.0004		-0.0025999		4.57766e-05
0.0003		-0.0025999		3.81472e-05
0.0002		-0.0025999		4.00546e-05
0.0001		-0.0025999		4.57766e-05
0.0		-0.0025999		4.19619e-05
-0.0001		-0.0025999		4.00546e-05
-0.0002		-0.0025999		4.19619e-05
-0.0003		-0.0025999		4.57766e-05
-0.0004		-0.0025999		4.95913e-05
-0.0005		-0.0025999		4.95913e-05
-0.0006		-0.0025999		5.3406e-05
-0.0007		-0.0025999		6.2943e-05
-0.0008		-0.0025999		6.48503e-05
-0.0009		-0.0025999		6.2943e-05
-0.001		-0.0025999		6.48503e-05
-0.0011		-0.0025999		6.48503e-05
-0.0012		-0.0025999		6.48503e-05
-0.0013		-0.0025999		7.24797e-05
-0.0014		-0.0025999		8.01091e-05
-0.0015		-0.0025999		8.39238e-05
-0.0016		-0.0025999		8.96459e-05
-0.0017		-0.0025999		8.39238e-05
-0.0018		-0.0025999		7.82018e-05
-0.0019		-0.0025999		8.20165e-05
-0.002		-0.0025999		8.01091e-05
-0.0021		-0.0025999		7.82018e-05
-0.0022		-0.0025999		6.67577e-05
-0.0023		-0.0025999		5.9128e-05
-0.0024		-0.0025999		6.10356e-05
-0.0025		-0.0025999		5.3406e-05
-0.0026		-0.0025999		5.14986e-05
-0.0027		-0.0025999		4.38693e-05
-0.0028		-0.0025999		4.00546e-05
-0.0029		-0.0025999		3.81472e-05
-0.003		-0.0025999		3.43325e-05
-0.0031		-0.0025999		2.6703e-05
-0.0032		-0.0025999		2.28883e-05
-0.0033		-0.0025999		2.47956e-05
-0.0034		-0.0025999		2.28883e-05
-0.0035		-0.0025999		1.33515e-05
-0.0036		-0.0025999		1.52589e-05
-0.0037		-0.0025999		1.33515e-05
-0.0038		-0.0025999		1.52589e-05
-0.0039		-0.0025999		1.33515e-05
-0.004		-0.0025999		1.14442e-05
-0.0041		-0.0025999		1.14442e-05
-0.0042		-0.0025999		9.5368e-06
-0.0043		-0.0025999		9.5368e-06
-0.0044		-0.0025999		7.62945e-06
-0.0045		-0.0025999		7.62945e-06
-0.0046		-0.0025999		9.5368e-06
-0.0047		-0.0025999		7.62945e-06
-0.0048		-0.0025999		7.62945e-06
-0.0049		-0.0025999		3.81473e-06
-0.005		-0.0025999		7.62945e-06
-0.005		-0.0028		7.62945e-06
-0.0049		-0.0028		3.81473e-06
-0.0048		-0.0028		7.62945e-06
-0.0047		-0.0028		7.62945e-06
-0.0046		-0.0028		9.5368e-06
-0.0045		-0.0028		7.62945e-06
-0.0044		-0.0028		1.14442e-05
-0.0043		-0.0028		9.5368e-06
-0.0042		-0.0028		9.5368e-06
-0.0041		-0.0028		9.5368e-06
-0.004		-0.0028		1.14442e-05
-0.0039		-0.0028		1.33515e-05
-0.0038		-0.0028		9.5368e-06
-0.0037		-0.0028		1.71663e-05
-0.0036		-0.0028		1.71663e-05
-0.0035		-0.0028		2.47956e-05
-0.0034		-0.0028		2.28883e-05
-0.0033		-0.0028		3.05178e-05
-0.0032		-0.0028		2.47956e-05
-0.0031		-0.0028		2.86103e-05
-0.003		-0.0028		3.43325e-05
-0.0029		-0.0028		3.81472e-05
-0.0028		-0.0028		4.00546e-05
-0.0027		-0.0028		4.00546e-05
-0.0026		-0.0028		4.76839e-05
-0.0025		-0.0028		5.3406e-05
-0.0024		-0.0028		5.3406e-05
-0.0023		-0.0028		5.72207e-05
-0.0022		-0.0028		6.10356e-05
-0.0021		-0.0028		6.48503e-05
-0.002		-0.0028		6.67577e-05
-0.0019		-0.0028		6.48503e-05
-0.0018		-0.0028		6.48503e-05
-0.0017		-0.0028		6.48503e-05
-0.0016		-0.0028		6.8665e-05
-0.0015		-0.0028		6.10356e-05
-0.0014		-0.0028		6.10356e-05
-0.0013		-0.0028		5.14986e-05
-0.0012		-0.0028		5.14986e-05
-0.0011		-0.0028		5.14986e-05
-0.001		-0.0028		5.14986e-05
-0.0009		-0.0028		4.76839e-05
-0.0008		-0.0028		4.76839e-05
-0.0007		-0.0028		4.76839e-05
-0.0006		-0.0028		4.57766e-05
-0.0005		-0.0028		4.19619e-05
-0.0004		-0.0028		4.57766e-05
-0.0003		-0.0028		4.19619e-05
-0.0002		-0.0028		4.19619e-05
-0.0001		-0.0028		3.81472e-05
0.0		-0.0028		3.43325e-05
0.0001		-0.0028		4.19619e-05
0.0002		-0.0028		4.00546e-05
0.0003		-0.0028		3.81472e-05
0.0004		-0.0028		3.81472e-05
0.0005		-0.0028		3.81472e-05
0.0006		-0.0028		4.00546e-05
0.0007		-0.0028		4.38693e-05
0.0008		-0.0028		3.81472e-05
0.0009		-0.0028		4.19619e-05
0.001		-0.0028		4.19619e-05
0.0011		-0.0028		4.38693e-05
0.0012		-0.0028		4.19619e-05
0.0013		-0.0028		4.38693e-05
0.0014		-0.0028		4.38693e-05
0.0015		-0.0028		4.38693e-05
0.0016		-0.0028		4.19619e-05
0.0017		-0.0028		4.19619e-05
0.0018		-0.0028		4.19619e-05
0.0019		-0.0028		3.43325e-05
0.002		-0.0028		3.81472e-05
0.002		-0.003		3.81472e-05
0.0019		-0.003		4.00546e-05
0.0018		-0.003		4.00546e-05
0.0017		-0.003		4.76839e-05
0.0016		-0.003		4.19619e-05
0.0015		-0.003		4.76839e-05
0.0014		-0.003		4.76839e-05
0.0013		-0.003		4.95913e-05
0.0012		-0.003		4.57766e-05
0.0011		-0.003		4.38693e-05
0.001		-0.003		4.76839e-05
0.0009		-0.003		4.76839e-05
0.0008		-0.003		4.76839e-05
0.0007		-0.003		4.57766e-05
0.0006		-0.003		4.00546e-05
0.0005		-0.003		3.81472e-05
0.0004		-0.003		4.00546e-05
0.0003		-0.003		4.00546e-05
0.0002		-0.003		4.19619e-05
0.0001		-0.003		3.81472e-05
0.0		-0.003		3.62399e-05
-0.0001		-0.003		3.62399e-05
-0.0002		-0.003		3.62399e-05
-0.0003		-0.003		4.00546e-05
-0.0004		-0.003		3.81472e-05
-0.0005		-0.003		3.62399e-05
-0.0006		-0.003		3.81472e-05
-0.0007		-0.003		4.00546e-05
-0.0008		-0.003		3.81472e-05
-0.0009		-0.003		4.19619e-05
-0.001		-0.003		4.57766e-05
-0.0011		-0.003		4.00546e-05
-0.0012		-0.003		4.19619e-05
-0.0013		-0.003		4.38693e-05
-0.0014		-0.003		4.38693e-05
-0.0015		-0.003		5.14986e-05
-0.0016		-0.003		4.95913e-05
-0.0017		-0.003		5.53133e-05
-0.0018		-0.003		6.10356e-05
-0.0019		-0.003		5.9128e-05
-0.002		-0.003		6.10356e-05
-0.0021		-0.003		5.9128e-05
-0.0022		-0.003		5.72207e-05
-0.0023		-0.003		5.53133e-05
-0.0024		-0.003		5.53133e-05
-0.0025		-0.003		5.14986e-05
-0.0026		-0.003		5.3406e-05
-0.0027		-0.003		4.95913e-05
-0.0028		-0.003		4.00546e-05
-0.0029		-0.003		3.81472e-05
-0.003		-0.003		3.62399e-05
-0.0031		-0.003		3.05178e-05
-0.0032		-0.003		2.86103e-05
-0.0033		-0.003		2.86103e-05
-0.0034		-0.003		2.28883e-05
-0.0035		-0.003		2.47956e-05
-0.0036		-0.003		1.71663e-05
-0.0037		-0.003		1.71663e-05
-0.0038		-0.003		1.33515e-05
-0.0039		-0.003		1.52589e-05
-0.004		-0.003		1.33515e-05
-0.0041		-0.003		1.14442e-05
-0.0042		-0.003		1.14442e-05
-0.0043		-0.003		7.62945e-06
-0.0044		-0.003		7.62945e-06
-0.0045		-0.003		9.5368e-06
-0.0046		-0.003		9.5368e-06
-0.0047		-0.003		5.72208e-06
-0.0048		-0.003		3.81473e-06
-0.0049		-0.003		3.81473e-06
-0.005		-0.003		3.81473e-06
-0.005		-0.0031999		1.14442e-05
-0.0049		-0.0031999		7.62945e-06
-0.0048		-0.0031999		7.62945e-06
-0.0047		-0.0031999		7.62945e-06
-0.0046		-0.0031999		7.62945e-06
-0.0045		-0.0031999		1.14442e-05
-0.0044		-0.0031999		5.72208e-06
-0.0043		-0.0031999		1.14442e-05
-0.0042		-0.0031999		9.5368e-06
-0.0041		-0.0031999		1.14442e-05
-0.004		-0.0031999		1.33515e-05
-0.0039		-0.0031999		1.33515e-05
-0.0038		-0.0031999		1.33515e-05
-0.0037		-0.0031999		1.33515e-05
-0.0036		-0.0031999		2.28883e-05
-0.0035		-0.0031999		2.0981e-05
-0.0034		-0.0031999		2.47956e-05
-0.0033		-0.0031999		2.86103e-05
-0.0032		-0.0031999		2.6703e-05
-0.0031		-0.0031999		3.24252e-05
-0.003		-0.0031999		3.62399e-05
-0.0029		-0.0031999		4.38693e-05
-0.0028		-0.0031999		4.38693e-05
-0.0027		-0.0031999		4.76839e-05
-0.0026		-0.0031999		5.14986e-05
-0.0025		-0.0031999		5.14986e-05
-0.0024		-0.0031999		5.3406e-05
-0.0023		-0.0031999		5.3406e-05
-0.0022		-0.0031999		6.10356e-05
-0.0021		-0.0031999		5.53133e-05
-0.002		-0.0031999		5.72207e-05
-0.0019		-0.0031999		5.14986e-05
-0.0018		-0.0031999		5.3406e-05
-0.0017		-0.0031999		4.76839e-05
-0.0016		-0.0031999		4.38693e-05
-0.0015		-0.0031999		3.81473e-06
-0.0014		-0.0031999		-1.90736e-06
-0.0013		-0.0031999		0.0
-0.0012		-0.0031999		-3.81473e-06
-0.0011		-0.0031999		0.0
-0.001		-0.0031999		-1.90736e-06
-0.0009		-0.0031999		1.90736e-06
-0.0008		-0.0031999		-3.81473e-06
-0.0007		-0.0031999		0.0
-0.0006		-0.0031999		0.0
-0.0005		-0.0031999		0.0
-0.0004		-0.0031999		0.0
-0.0003		-0.0031999		0.0
-0.0002		-0.0031999		0.0
-0.0001		-0.0031999		0.0
0.0		-0.0031999		1.90736e-06
0.0001		-0.0031999		0.0
0.0002		-0.0031999		1.90736e-06
0.0003		-0.0031999		0.0
0.0004		-0.0031999		-1.90736e-06
0.0005		-0.0031999		-1.90736e-06
0.0006		-0.0031999		0.0
0.0007		-0.0031999		-1.90736e-06
0.0008		-0.0031999		0.0
0.0009		-0.0031999		0.0
0.001		-0.0031999		3.81473e-06
0.0011		-0.0031999		0.0
0.0012		-0.0031999		0.0
0.0013		-0.0031999		0.0
0.0014		-0.0031999		1.90736e-06
0.0015		-0.0031999		0.0
0.0016		-0.0031999		1.90736e-06
0.0017		-0.0031999		-5.72208e-06
0.0018		-0.0031999		-1.90736e-06
0.0019		-0.0031999		-1.90736e-06
0.002		-0.0031999		-1.90736e-06
0.002		-0.0033999		0.0
0.0019		-0.0033999		-5.72208e-06
0.0018		-0.0033999		-5.72208e-06
0.0017		-0.0033999		0.0
0.0016		-0.0033999		1.90736e-06
0.0015		-0.0033999		0.0
0.0014		-0.0033999		0.0
0.0013		-0.0033999		0.0
0.0012		-0.0033999		-5.72208e-06
0.0011		-0.0033999		0.0
0.001		-0.0033999		0.0
0.0009		-0.0033999		0.0
0.0008		-0.0033999		0.0
0.0007		-0.0033999		0.0
0.0006		-0.0033999		0.0
0.0005		-0.0033999		1.90736e-06
0.0004		-0.0033999		-3.81473e-06
0.0003		-0.0033999		0.0
0.0002		-0.0033999		0.0
0.0001		-0.0033999		0.0
0.0		-0.0033999		0.0
-0.0001		-0.0033999		-1.90736e-06
-0.0002		-0.0033999		3.81473e-06
-0.0003		-0.0033999		0.0
-0.0004		-0.0033999		-3.81473e-06
-0.0005		-0.0033999		-5.72208e-06
-0.0006		-0.0033999		0.0
-0.0007		-0.0033999		1.90736e-06
-0.0008		-0.0033999		1.90736e-06
-0.0009		-0.0033999		-1.90736e-06
-0.001		-0.0033999		0.0
-0.0011		-0.0033999		0.0
-0.0012		-0.0033999		0.0
-0.0013		-0.0033999		-1.90736e-06
-0.0014		-0.0033999		-1.90736e-06
-0.0015		-0.0033999		0.0
-0.0016		-0.0033999		0.0
-0.0017		-0.0033999		-1.90736e-06
-0.0018		-0.0033999		0.0
-0.0019		-0.0033999		-1.90736e-06
-0.002		-0.0033999		-3.81473e-06
-0.0021		-0.0033999		0.0
-0.0022		-0.0033999		1.90736e-06
-0.0023		-0.0033999		1.90736e-06
-0.0024		-0.0033999		0.0
-0.0025		-0.0033999		-1.90736e-06
-0.0026		-0.0033999		0.0
-0.0027		-0.0033999		0.0
-0.0028		-0.0033999		0.0
-0.0029		-0.0033999		0.0
-0.003		-0.0033999		-3.81473e-06
-0.0031		-0.0033999		0.0
-0.0032		-0.0033999		0.0
-0.0033		-0.0033999		0.0
-0.0034		-0.0033999		-1.90736e-06
-0.0035		-0.0033999		-3.81473e-06
-0.0036		-0.0033999		-1.90736e-06
-0.0037		-0.0033999		-3.81473e-06
-0.0038		-0.0033999		-1.90736e-06
-0.0039		-0.0033999		-1.90736e-06
-0.004		-0.0033999		0.0
-0.0041		-0.0033999		1.90736e-06
-0.0042		-0.0033999		-1.90736e-06
-0.0043		-0.0033999		1.90736e-06
-0.0044		-0.0033999		-3.81473e-06
-0.0045		-0.0033999		0.0
-0.0046		-0.0033999		0.0
-0.0047		-0.0033999		-1.90736e-06
-0.0048		-0.0033999		0.0
-0.0049		-0.0033999		0.0
-0.005		-0.0033999		0.0
