Your comment line - do NOT delete this line
X-pos [m], Y-pos [m], Voltage [V]
0.001	-0.0259999	0.000345947
0.00095	-0.0259999	0.000352861
0.0009	-0.0259999	0.000370743
0.00085	-0.0259999	0.000389578
0.0008	-0.0259999	0.000406744
0.00075	-0.0259999	0.000426294
0.0007	-0.0259999	0.000444414
0.00065	-0.0259999	0.000462534
0.0006	-0.0259999	0.000480177
0.00055	-0.0259999	0.000500444
0.0005	-0.0259999	0.000519756
0.00045	-0.0259999	0.000539068
0.0004	-0.0259999	0.000558142
0.00035	-0.0259999	0.000577215
0.0003	-0.0259999	0.000597242
0.00025	-0.0259999	0.000617269
0.0002	-0.0259999	0.000641588
0.00015	-0.0259999	0.000665668
0.0001	-0.0259999	0.000704054
5e-05	-0.0259999	0.000744108
0.0	-0.0259999	0.00079966
-5e-05	-0.0259999	0.000854496
-0.0001	-0.0259999	0.000923399
-0.00015	-0.0259999	0.000993736
-0.0002	-0.0259999	0.00105119
-0.00025	-0.0259999	0.00110937
-0.0003	-0.0259999	0.00115467
-0.00035	-0.0259999	0.00118089
-0.0004	-0.0259999	0.00114108
-0.00045	-0.0259999	0.00108815
-0.0005	-0.0259999	0.000997312
-0.00055	-0.0259999	0.000901941
-0.0006	-0.0259999	0.000781301
-0.00065	-0.0259999	0.000664238
-0.0007	-0.0259999	0.000566248
-0.00075	-0.0259999	0.000493292
-0.0008	-0.0259999	0.000425341
-0.00085	-0.0259999	0.000364782
-0.0009	-0.0259999	0.000317099
-0.00095	-0.0259999	0.000279667
-0.001	-0.0259999	0.000252249
-0.00105	-0.0259999	0.000228406
-0.0011	-0.0259999	0.000211955
-0.00115	-0.0259999	0.000193597
-0.0012	-0.0259999	0.000183822
-0.00125	-0.0259999	0.000172378
-0.0013	-0.0259999	0.000164033
-0.00135	-0.0259999	0.000157596
-0.0014	-0.0259999	0.00015092
-0.00145	-0.0259999	0.000146152
-0.0015	-0.0259999	0.000139953
-0.00155	-0.0259999	0.000136853
-0.0016	-0.0259999	0.000131131
-0.00165	-0.0259999	0.000125886
-0.0017	-0.0259999	0.000121117
-0.00175	-0.0259999	0.000119448
-0.0018	-0.0259999	0.000113965
-0.00185	-0.0259999	0.000112057
-0.0019	-0.0259999	0.000108004
-0.00195	-0.0259999	0.000105143
-0.002	-0.0259999	0.000103474
-0.00205	-0.0259999	9.84673e-05
-0.0021	-0.0259999	9.72752e-05
-0.00215	-0.0259999	9.34605e-05
-0.0022	-0.0259999	9.32221e-05
-0.00225	-0.0259999	8.72617e-05
-0.0023	-0.0259999	8.60696e-05
-0.00235	-0.0259999	8.39238e-05
-0.0024	-0.0259999	8.39238e-05
-0.00245	-0.0259999	7.96323e-05
-0.0025	-0.0259999	7.65328e-05
-0.00255	-0.0259999	7.34334e-05
-0.0026	-0.0259999	7.24797e-05
-0.00265	-0.0259999	7.10492e-05
-0.0027	-0.0259999	6.74729e-05
-0.00275	-0.0259999	6.84266e-05
-0.0028	-0.0259999	6.36582e-05
-0.00285	-0.0259999	6.50887e-05
-0.0029	-0.0259999	6.05586e-05
-0.00295	-0.0259999	6.03201e-05
-0.003	-0.0259999	6.0797e-05
-0.00305	-0.0259999	5.69823e-05
-0.0031	-0.0259999	5.69823e-05
-0.00315	-0.0259999	5.48365e-05
-0.0032	-0.0259999	5.48365e-05
-0.00325	-0.0259999	5.38828e-05
-0.0033	-0.0259999	5.0545e-05
-0.00335	-0.0259999	4.86376e-05
-0.0034	-0.0259999	4.81608e-05
-0.00345	-0.0259999	4.81608e-05
-0.0035	-0.0259999	4.55382e-05
-0.00355	-0.0259999	4.38693e-05
-0.0036	-0.0259999	4.3154e-05
-0.00365	-0.0259999	4.29156e-05
-0.0037	-0.0259999	4.3154e-05
-0.00375	-0.0259999	4.07698e-05
-0.0038	-0.0259999	4.19619e-05
-0.00385	-0.0259999	4.00546e-05
-0.0039	-0.0259999	3.91009e-05
-0.00395	-0.0259999	3.81472e-05
-0.004	-0.0259999	3.74319e-05
-0.00405	-0.0259999	3.52862e-05
-0.0041	-0.0259999	3.60014e-05
-0.00415	-0.0259999	3.83856e-05
-0.0042	-0.0259999	3.45709e-05
-0.00425	-0.0259999	3.12331e-05
-0.0043	-0.0259999	3.26636e-05
-0.00435	-0.0259999	3.14715e-05
-0.0044	-0.0259999	3.26636e-05
-0.00445	-0.0259999	3.00409e-05
-0.0045	-0.0259999	3.09946e-05
-0.00455	-0.0259999	3.05178e-05
-0.0046	-0.0259999	2.90872e-05
-0.00465	-0.0259999	2.86103e-05
-0.0047	-0.0259999	2.6703e-05
-0.00475	-0.0259999	2.6703e-05
-0.0048	-0.0259999	2.98024e-05
-0.00485	-0.0259999	2.71798e-05
-0.0049	-0.0259999	2.50341e-05
-0.00495	-0.0259999	2.43188e-05
-0.005	-0.0259999	2.64646e-05
-0.005	-0.0264999	2.88488e-05
-0.00495	-0.0264999	2.93256e-05
-0.0049	-0.0264999	3.09946e-05
-0.00485	-0.0264999	2.88488e-05
-0.0048	-0.0264999	3.02793e-05
-0.00475	-0.0264999	2.98024e-05
-0.0047	-0.0264999	3.14715e-05
-0.00465	-0.0264999	3.17099e-05
-0.0046	-0.0264999	3.14715e-05
-0.00455	-0.0264999	3.52862e-05
-0.0045	-0.0264999	3.38557e-05
-0.00445	-0.0264999	3.81472e-05
-0.0044	-0.0264999	3.64783e-05
-0.00435	-0.0264999	3.69551e-05
-0.0043	-0.0264999	3.74319e-05
-0.00425	-0.0264999	4.00546e-05
-0.0042	-0.0264999	3.8624e-05
-0.00415	-0.0264999	4.14851e-05
-0.0041	-0.0264999	4.0293e-05
-0.00405	-0.0264999	4.36308e-05
-0.004	-0.0264999	4.41077e-05
-0.00395	-0.0264999	4.55382e-05
-0.0039	-0.0264999	4.41077e-05
-0.00385	-0.0264999	4.81608e-05
-0.0038	-0.0264999	4.69687e-05
-0.00375	-0.0264999	4.91145e-05
-0.0037	-0.0264999	5.10218e-05
-0.00365	-0.0264999	4.98297e-05
-0.0036	-0.0264999	5.24523e-05
-0.00355	-0.0264999	5.22139e-05
-0.0035	-0.0264999	5.45981e-05
-0.00345	-0.0264999	5.53133e-05
-0.0034	-0.0264999	5.79359e-05
-0.00335	-0.0264999	5.84128e-05
-0.0033	-0.0264999	5.96049e-05
-0.00325	-0.0264999	6.05586e-05
-0.0032	-0.0264999	6.19893e-05
-0.00315	-0.0264999	6.24661e-05
-0.0031	-0.0264999	6.62808e-05
-0.00305	-0.0264999	6.65192e-05
-0.003	-0.0264999	6.93803e-05
-0.00295	-0.0264999	6.91419e-05
-0.0029	-0.0264999	6.8665e-05
-0.00285	-0.0264999	7.12876e-05
-0.0028	-0.0264999	7.29566e-05
-0.00275	-0.0264999	7.58176e-05
-0.0027	-0.0264999	7.58176e-05
-0.00265	-0.0264999	7.91554e-05
-0.0026	-0.0264999	8.10628e-05
-0.00255	-0.0264999	8.39238e-05
-0.0025	-0.0264999	8.6308e-05
-0.00245	-0.0264999	8.89306e-05
-0.0024	-0.0264999	9.29837e-05
-0.00235	-0.0264999	9.84673e-05
-0.0023	-0.0264999	9.96594e-05
-0.00225	-0.0264999	0.000104905
-0.0022	-0.0264999	0.000101805
-0.00215	-0.0264999	0.000107289
-0.0021	-0.0264999	0.000112772
-0.00205	-0.0264999	0.000118971
-0.002	-0.0264999	0.000121356
-0.00195	-0.0264999	0.000124217
-0.0019	-0.0264999	0.000129224
-0.00185	-0.0264999	0.000136138
-0.0018	-0.0264999	0.000138284
-0.00175	-0.0264999	0.000143052
-0.0017	-0.0264999	0.000149966
-0.00165	-0.0264999	0.000154735
-0.0016	-0.0264999	0.000164987
-0.00155	-0.0264999	0.000170947
-0.0015	-0.0264999	0.000179292
-0.00145	-0.0264999	0.000190021
-0.0014	-0.0264999	0.000201941
-0.00135	-0.0264999	0.000212909
-0.0013	-0.0264999	0.00022936
-0.00125	-0.0264999	0.000244381
-0.0012	-0.0264999	0.00026417
-0.00115	-0.0264999	0.000291588
-0.0011	-0.0264999	0.000318052
-0.00105	-0.0264999	0.000349762
-0.001	-0.0264999	0.000385763
-0.00095	-0.0264999	0.000426533
-0.0009	-0.0264999	0.000469448
-0.00085	-0.0264999	0.000517134
-0.0008	-0.0264999	0.000569586
-0.00075	-0.0264999	0.000624899
-0.0007	-0.0264999	0.000686888
-0.00065	-0.0264999	0.000747923
-0.0006	-0.0264999	0.000812773
-0.00055	-0.0264999	0.000863556
-0.0005	-0.0264999	0.000919346
-0.00045	-0.0264999	0.000957731
-0.0004	-0.0264999	0.00099922
-0.00035	-0.0264999	0.00102354
-0.0003	-0.0264999	0.00101567
-0.00025	-0.0264999	0.000992544
-0.0002	-0.0264999	0.000965361
-0.00015	-0.0264999	0.000919584
-0.0001	-0.0264999	0.000857357
-5e-05	-0.0264999	0.000812057
0.0	-0.0264999	0.000751261
5e-05	-0.0264999	0.000695948
0.0001	-0.0264999	0.000652317
0.00015	-0.0264999	0.000610355
0.0002	-0.0264999	0.000575546
0.00025	-0.0264999	0.000545744
0.0003	-0.0264999	0.000519756
0.00035	-0.0264999	0.000495438
0.0004	-0.0264999	0.000467302
0.00045	-0.0264999	0.000444414
0.0005	-0.0264999	0.000418665
0.00055	-0.0264999	0.000394823
0.0006	-0.0264999	0.000367405
0.00065	-0.0264999	0.000344994
0.0007	-0.0264999	0.000322105
0.00075	-0.0264999	0.000302793
0.0008	-0.0264999	0.000283243
0.00085	-0.0264999	0.000269653
0.0009	-0.0264999	0.00025511
0.00095	-0.0264999	0.000239135
0.001	-0.0264999	0.000225783
0.001	-0.0269999	0.000174762
0.00095	-0.0269999	0.000180722
0.0009	-0.0269999	0.000190974
0.00085	-0.0269999	0.000200988
0.0008	-0.0269999	0.000209094
0.00075	-0.0269999	0.000220061
0.0007	-0.0269999	0.000232459
0.00065	-0.0269999	0.000249626
0.0006	-0.0269999	0.000271084
0.00055	-0.0269999	0.000289442
0.0005	-0.0269999	0.000310423
0.00045	-0.0269999	0.000332357
0.0004	-0.0269999	0.000361683
0.00035	-0.0269999	0.000389816
0.0003	-0.0269999	0.000412943
0.00025	-0.0269999	0.000436546
0.0002	-0.0269999	0.000460865
0.00015	-0.0269999	0.000484945
0.0001	-0.0269999	0.000505928
5e-05	-0.0269999	0.000528101
0.0	-0.0269999	0.000546221
-5e-05	-0.0269999	0.000560764
-0.0001	-0.0269999	0.000575546
-0.00015	-0.0269999	0.000591997
-0.0002	-0.0269999	0.000607733
-0.00025	-0.0269999	0.000622038
-0.0003	-0.0269999	0.000645164
-0.00035	-0.0269999	0.000663761
-0.0004	-0.0269999	0.000680689
-0.00045	-0.0269999	0.000699762
-0.0005	-0.0269999	0.000723604
-0.00055	-0.0269999	0.000739817
-0.0006	-0.0269999	0.00075746
-0.00065	-0.0269999	0.00076795
-0.0007	-0.0269999	0.000771765
-0.00075	-0.0269999	0.000767235
-0.0008	-0.0269999	0.000751976
-0.00085	-0.0269999	0.000737671
-0.0009	-0.0269999	0.000707392
-0.00095	-0.0269999	0.000672821
-0.001	-0.0269999	0.000634436
-0.00105	-0.0269999	0.000591043
-0.0011	-0.0269999	0.000546698
-0.00115	-0.0269999	0.00050116
-0.0012	-0.0269999	0.000458958
-0.00125	-0.0269999	0.000418426
-0.0013	-0.0269999	0.00038171
-0.00135	-0.0269999	0.000344755
-0.0014	-0.0269999	0.000312807
-0.00145	-0.0269999	0.000286819
-0.0015	-0.0269999	0.000262739
-0.00155	-0.0269999	0.000243188
-0.0016	-0.0269999	0.000226022
-0.00165	-0.0269999	0.000211955
-0.0017	-0.0269999	0.000195266
-0.00175	-0.0269999	0.000183345
-0.0018	-0.0269999	0.000173808
-0.00185	-0.0269999	0.000165225
-0.0019	-0.0269999	0.000158072
-0.00195	-0.0269999	0.000151635
-0.002	-0.0269999	0.000144006
-0.00205	-0.0269999	0.00013733
-0.0021	-0.0269999	0.000132562
-0.00215	-0.0269999	0.00012827
-0.0022	-0.0269999	0.00012374
-0.00225	-0.0269999	0.00011921
-0.0023	-0.0269999	0.000117302
-0.00235	-0.0269999	0.000113249
-0.0024	-0.0269999	0.000109435
-0.00245	-0.0269999	0.000106335
-0.0025	-0.0269999	0.000103951
-0.00255	-0.0269999	0.000103474
-0.0026	-0.0269999	0.000100375
-0.00265	-0.0269999	9.56063e-05
-0.0027	-0.0269999	9.60832e-05
-0.00275	-0.0269999	9.17916e-05
-0.0028	-0.0269999	9.05995e-05
-0.00285	-0.0269999	8.79769e-05
-0.0029	-0.0269999	8.6308e-05
-0.00295	-0.0269999	8.58312e-05
-0.003	-0.0269999	8.48775e-05
-0.00305	-0.0269999	8.03475e-05
-0.0031	-0.0269999	7.74865e-05
-0.00315	-0.0269999	7.51023e-05
-0.0032	-0.0269999	7.58176e-05
-0.00325	-0.0269999	7.3195e-05
-0.0033	-0.0269999	7.27181e-05
-0.00335	-0.0269999	6.96187e-05
-0.0034	-0.0269999	6.79498e-05
-0.00345	-0.0269999	6.84266e-05
-0.0035	-0.0269999	6.46119e-05
-0.00355	-0.0269999	6.43735e-05
-0.0036	-0.0269999	6.31814e-05
-0.00365	-0.0269999	6.41351e-05
-0.0037	-0.0269999	6.0797e-05
-0.00375	-0.0269999	5.88896e-05
-0.0038	-0.0269999	5.69823e-05
-0.00385	-0.0269999	5.69823e-05
-0.0039	-0.0269999	5.45981e-05
-0.00395	-0.0269999	5.38828e-05
-0.004	-0.0269999	5.26907e-05
-0.00405	-0.0269999	4.93529e-05
-0.0041	-0.0269999	4.91145e-05
-0.00415	-0.0269999	4.74455e-05
-0.0042	-0.0269999	4.64919e-05
-0.00425	-0.0269999	4.64919e-05
-0.0043	-0.0269999	4.41077e-05
-0.00435	-0.0269999	4.19619e-05
-0.0044	-0.0269999	4.14851e-05
-0.00445	-0.0269999	3.95777e-05
-0.0045	-0.0269999	4.00546e-05
-0.00455	-0.0269999	4.12466e-05
-0.0046	-0.0269999	3.91009e-05
-0.00465	-0.0269999	3.64783e-05
-0.0047	-0.0269999	3.62399e-05
-0.00475	-0.0269999	3.55246e-05
-0.0048	-0.0269999	3.60014e-05
-0.00485	-0.0269999	3.5763e-05
-0.0049	-0.0269999	3.40941e-05
-0.00495	-0.0269999	3.14715e-05
-0.005	-0.0269999	3.21867e-05
-0.005	-0.0274999	3.5763e-05
-0.00495	-0.0274999	3.48093e-05
-0.0049	-0.0274999	3.74319e-05
-0.00485	-0.0274999	3.71935e-05
-0.0048	-0.0274999	3.74319e-05
-0.00475	-0.0274999	4.0293e-05
-0.0047	-0.0274999	3.98161e-05
-0.00465	-0.0274999	4.17235e-05
-0.0046	-0.0274999	4.19619e-05
-0.00455	-0.0274999	4.52998e-05
-0.0045	-0.0274999	4.67303e-05
-0.00445	-0.0274999	4.74455e-05
-0.0044	-0.0274999	4.81608e-05
-0.00435	-0.0274999	4.69687e-05
-0.0043	-0.0274999	5.03066e-05
-0.00425	-0.0274999	5.12602e-05
-0.0042	-0.0274999	5.26907e-05
-0.00415	-0.0274999	5.53133e-05
-0.0041	-0.0274999	5.57902e-05
-0.00405	-0.0274999	5.67439e-05
-0.004	-0.0274999	5.98433e-05
-0.00395	-0.0274999	6.1274e-05
-0.0039	-0.0274999	6.53272e-05
-0.00385	-0.0274999	6.31814e-05
-0.0038	-0.0274999	6.65192e-05
-0.00375	-0.0274999	6.84266e-05
-0.0037	-0.0274999	6.91419e-05
-0.00365	-0.0274999	7.24797e-05
-0.0036	-0.0274999	7.20029e-05
-0.00355	-0.0274999	7.36718e-05
-0.0035	-0.0274999	7.74865e-05
-0.00345	-0.0274999	8.01091e-05
-0.0034	-0.0274999	8.01091e-05
-0.00335	-0.0274999	8.3447e-05
-0.0033	-0.0274999	8.39238e-05
-0.00325	-0.0274999	8.65464e-05
-0.0032	-0.0274999	8.98843e-05
-0.00315	-0.0274999	9.17916e-05
-0.0031	-0.0274999	9.77521e-05
-0.00305	-0.0274999	9.79905e-05
-0.003	-0.0274999	0.00010109
-0.00295	-0.0274999	0.000103713
-0.0029	-0.0274999	0.000106097
-0.00285	-0.0274999	0.000110388
-0.0028	-0.0274999	0.000111819
-0.00275	-0.0274999	0.000115633
-0.0027	-0.0274999	0.000118733
-0.00265	-0.0274999	0.000121594
-0.0026	-0.0274999	0.000124694
-0.00255	-0.0274999	0.000128985
-0.0025	-0.0274999	0.000133754
-0.00245	-0.0274999	0.000137807
-0.0024	-0.0274999	0.000140191
-0.00235	-0.0274999	0.000147344
-0.0023	-0.0274999	0.000150443
-0.00225	-0.0274999	0.000158788
-0.0022	-0.0274999	0.000163794
-0.00215	-0.0274999	0.000171185
-0.0021	-0.0274999	0.000179769
-0.00205	-0.0274999	0.000187636
-0.002	-0.0274999	0.000198604
-0.00195	-0.0274999	0.000209571
-0.0019	-0.0274999	0.000221253
-0.00185	-0.0274999	0.000235797
-0.0018	-0.0274999	0.000251772
-0.00175	-0.0274999	0.000272514
-0.0017	-0.0274999	0.000291588
-0.00165	-0.0274999	0.000318291
-0.0016	-0.0274999	0.000343325
-0.00155	-0.0274999	0.000375988
-0.0015	-0.0274999	0.000406506
-0.00145	-0.0274999	0.000444176
-0.0014	-0.0274999	0.000486614
-0.00135	-0.0274999	0.000530247
-0.0013	-0.0274999	0.000574116
-0.00125	-0.0274999	0.000617508
-0.0012	-0.0274999	0.000658993
-0.00115	-0.0274999	0.000697855
-0.0011	-0.0274999	0.00073624
-0.00105	-0.0274999	0.000766043
-0.001	-0.0274999	0.000791792
-0.00095	-0.0274999	0.000809196
-0.0009	-0.0274999	0.000813726
-0.00085	-0.0274999	0.000817303
-0.0008	-0.0274999	0.000806574
-0.00075	-0.0274999	0.000790361
-0.0007	-0.0274999	0.000772957
-0.00065	-0.0274999	0.000750545
-0.0006	-0.0274999	0.000719074
-0.00055	-0.0274999	0.000687841
-0.0005	-0.0274999	0.000651363
-0.00045	-0.0274999	0.000619415
-0.0004	-0.0274999	0.00058699
-0.00035	-0.0274999	0.000555757
-0.0003	-0.0274999	0.000529293
-0.00025	-0.0274999	0.000499252
-0.0002	-0.0274999	0.000466825
-0.00015	-0.0274999	0.000435116
-0.0001	-0.0274999	0.000412704
-5e-05	-0.0274999	0.000385048
0.0	-0.0274999	0.000361444
5e-05	-0.0274999	0.000340464
0.0001	-0.0274999	0.000319006
0.00015	-0.0274999	0.000300886
0.0002	-0.0274999	0.000284435
0.00025	-0.0274999	0.000268938
0.0003	-0.0274999	0.000253441
0.00035	-0.0274999	0.000240088
0.0004	-0.0274999	0.000229598
0.00045	-0.0274999	0.000217916
0.0005	-0.0274999	0.000208617
0.00055	-0.0274999	0.000199557
0.0006	-0.0274999	0.000191451
0.00065	-0.0274999	0.000185729
0.0007	-0.0274999	0.0001781
0.00075	-0.0274999	0.000174762
0.0008	-0.0274999	0.000168086
0.00085	-0.0274999	0.000168324
0.0009	-0.0274999	0.000162841
0.00095	-0.0274999	0.000156642
0.001	-0.0274999	0.000153304
0.001	-0.0279999	0.00012231
0.00095	-0.0279999	0.00012374
0.0009	-0.0279999	0.000124932
0.00085	-0.0279999	0.000129224
0.0008	-0.0279999	0.000137092
0.00075	-0.0279999	0.000138761
0.0007	-0.0279999	0.000142337
0.00065	-0.0279999	0.000146628
0.0006	-0.0279999	0.00015092
0.00055	-0.0279999	0.000156642
0.0005	-0.0279999	0.000160457
0.00045	-0.0279999	0.000167848
0.0004	-0.0279999	0.000172616
0.00035	-0.0279999	0.000182153
0.0003	-0.0279999	0.000185252
0.00025	-0.0279999	0.000193597
0.0002	-0.0279999	0.000204802
0.00015	-0.0279999	0.000214101
0.0001	-0.0279999	0.000222445
5e-05	-0.0279999	0.000236751
0.0	-0.0279999	0.000244142
-5e-05	-0.0279999	0.000257732
-0.0001	-0.0279999	0.000272276
-0.00015	-0.0279999	0.000284912
-0.0002	-0.0279999	0.000303032
-0.00025	-0.0279999	0.000319006
-0.0003	-0.0279999	0.000339033
-0.00035	-0.0279999	0.000359775
-0.0004	-0.0279999	0.000386717
-0.00045	-0.0279999	0.000411989
-0.0005	-0.0279999	0.000442507
-0.00055	-0.0279999	0.000471832
-0.0006	-0.0279999	0.000507835
-0.00065	-0.0279999	0.00054479
-0.0007	-0.0279999	0.000584129
-0.00075	-0.0279999	0.000625614
-0.0008	-0.0279999	0.000667337
-0.00085	-0.0279999	0.00071216
-0.0009	-0.0279999	0.000759367
-0.00095	-0.0279999	0.000811581
-0.001	-0.0279999	0.000854019
-0.00105	-0.0279999	0.000891451
-0.0011	-0.0279999	0.000921253
-0.00115	-0.0279999	0.000946764
-0.0012	-0.0279999	0.000962261
-0.00125	-0.0279999	0.000966076
-0.0013	-0.0279999	0.00095487
-0.00135	-0.0279999	0.000936989
-0.0014	-0.0279999	0.00090361
-0.00145	-0.0279999	0.000861648
-0.0015	-0.0279999	0.000811581
-0.00155	-0.0279999	0.000757221
-0.0016	-0.0279999	0.000702385
-0.00165	-0.0279999	0.000645403
-0.0017	-0.0279999	0.00059009
-0.00175	-0.0279999	0.000536922
-0.0018	-0.0279999	0.000489
-0.00185	-0.0279999	0.000443222
-0.0019	-0.0279999	0.000403883
-0.00195	-0.0279999	0.000370981
-0.002	-0.0279999	0.000339987
-0.00205	-0.0279999	0.000313045
-0.0021	-0.0279999	0.000289919
-0.00215	-0.0279999	0.000271084
-0.0022	-0.0279999	0.000254633
-0.00225	-0.0279999	0.000238181
-0.0023	-0.0279999	0.000224591
-0.00235	-0.0279999	0.000214339
-0.0024	-0.0279999	0.000203849
-0.00245	-0.0279999	0.000192882
-0.0025	-0.0279999	0.000184775
-0.00255	-0.0279999	0.000174285
-0.0026	-0.0279999	0.000167609
-0.00265	-0.0279999	0.000163556
-0.0027	-0.0279999	0.000157596
-0.00275	-0.0279999	0.000150205
-0.0028	-0.0279999	0.000145436
-0.00285	-0.0279999	0.000139476
-0.0029	-0.0279999	0.0001328
-0.00295	-0.0279999	0.000128985
-0.003	-0.0279999	0.000125409
-0.00305	-0.0279999	0.000120879
-0.0031	-0.0279999	0.000115633
-0.00315	-0.0279999	0.000112534
-0.0032	-0.0279999	0.000109196
-0.00325	-0.0279999	0.000103474
-0.0033	-0.0279999	0.000102997
-0.00335	-0.0279999	9.84673e-05
-0.0034	-0.0279999	9.56063e-05
-0.00345	-0.0279999	9.41758e-05
-0.0035	-0.0279999	9.203e-05
-0.00355	-0.0279999	9.08379e-05
-0.0036	-0.0279999	8.82153e-05
-0.00365	-0.0279999	8.46391e-05
-0.0037	-0.0279999	8.29701e-05
-0.00375	-0.0279999	7.8917e-05
-0.0038	-0.0279999	7.77249e-05
-0.00385	-0.0279999	7.74865e-05
-0.0039	-0.0279999	7.58176e-05
-0.00395	-0.0279999	7.1526e-05
-0.004	-0.0279999	7.17645e-05
-0.00405	-0.0279999	7.24797e-05
-0.0041	-0.0279999	6.69961e-05
-0.00415	-0.0279999	6.74729e-05
-0.0042	-0.0279999	6.48503e-05
-0.00425	-0.0279999	6.2943e-05
-0.0043	-0.0279999	6.19893e-05
-0.00435	-0.0279999	5.88896e-05
-0.0044	-0.0279999	5.93665e-05
-0.00445	-0.0279999	5.36444e-05
-0.0045	-0.0279999	5.36444e-05
-0.00455	-0.0279999	5.22139e-05
-0.0046	-0.0279999	5.12602e-05
-0.00465	-0.0279999	4.91145e-05
-0.0047	-0.0279999	4.86376e-05
-0.00475	-0.0279999	4.6015e-05
-0.0048	-0.0279999	4.57766e-05
-0.00485	-0.0279999	4.36308e-05
-0.0049	-0.0279999	4.41077e-05
-0.00495	-0.0279999	4.45845e-05
-0.005	-0.0279999	3.95777e-05
-0.005	-0.0284999	4.72071e-05
-0.00495	-0.0284999	4.72071e-05
-0.0049	-0.0284999	4.91145e-05
-0.00485	-0.0284999	4.93529e-05
-0.0048	-0.0284999	5.03066e-05
-0.00475	-0.0284999	5.45981e-05
-0.0047	-0.0284999	5.48365e-05
-0.00465	-0.0284999	5.57902e-05
-0.0046	-0.0284999	5.74591e-05
-0.00455	-0.0284999	5.93665e-05
-0.0045	-0.0284999	6.43735e-05
-0.00445	-0.0284999	6.60424e-05
-0.0044	-0.0284999	6.41351e-05
-0.00435	-0.0284999	6.43735e-05
-0.0043	-0.0284999	6.77113e-05
-0.00425	-0.0284999	7.00955e-05
-0.0042	-0.0284999	6.8665e-05
-0.00415	-0.0284999	7.51023e-05
-0.0041	-0.0284999	7.86786e-05
-0.00405	-0.0284999	7.84402e-05
-0.004	-0.0284999	8.01091e-05
-0.00395	-0.0284999	8.32085e-05
-0.0039	-0.0284999	8.60696e-05
-0.00385	-0.0284999	8.72617e-05
-0.0038	-0.0284999	9.08379e-05
-0.00375	-0.0284999	9.41758e-05
-0.0037	-0.0284999	9.58447e-05
-0.00365	-0.0284999	9.67984e-05
-0.0036	-0.0284999	0.00010252
-0.00355	-0.0284999	0.000105143
-0.0035	-0.0284999	0.000107289
-0.00345	-0.0284999	0.000111819
-0.0034	-0.0284999	0.000116826
-0.00335	-0.0284999	0.000119925
-0.0033	-0.0284999	0.000121594
-0.00325	-0.0284999	0.000127316
-0.0032	-0.0284999	0.000130893
-0.00315	-0.0284999	0.000136138
-0.0031	-0.0284999	0.000142814
-0.00305	-0.0284999	0.000147582
-0.003	-0.0284999	0.00015545
-0.00295	-0.0284999	0.000161172
-0.0029	-0.0284999	0.000167132
-0.00285	-0.0284999	0.000175954
-0.0028	-0.0284999	0.000183583
-0.00275	-0.0284999	0.000194789
-0.0027	-0.0284999	0.000204087
-0.00265	-0.0284999	0.000221253
-0.0026	-0.0284999	0.000231029
-0.00255	-0.0284999	0.000247957
-0.0025	-0.0284999	0.000266554
-0.00245	-0.0284999	0.000289919
-0.0024	-0.0284999	0.000314476
-0.00235	-0.0284999	0.00034094
-0.0023	-0.0284999	0.000372412
-0.00225	-0.0284999	0.000411035
-0.0022	-0.0284999	0.000451805
-0.00215	-0.0284999	0.00050116
-0.0021	-0.0284999	0.000556473
-0.00205	-0.0284999	0.000613932
-0.002	-0.0284999	0.000674728
-0.00195	-0.0284999	0.000741009
-0.0019	-0.0284999	0.000810627
-0.00185	-0.0284999	0.000882152
-0.0018	-0.0284999	0.00094891
-0.00175	-0.0284999	0.00101543
-0.0017	-0.0284999	0.00107337
-0.00165	-0.0284999	0.00113226
-0.0016	-0.0284999	0.00117756
-0.00155	-0.0284999	0.00121308
-0.0015	-0.0284999	0.00123025
-0.00145	-0.0284999	0.00122309
-0.0014	-0.0284999	0.00121761
-0.00135	-0.0284999	0.00119592
-0.0013	-0.0284999	0.00115705
-0.00125	-0.0284999	0.00110317
-0.0012	-0.0284999	0.00105406
-0.00115	-0.0284999	0.000986822
-0.0011	-0.0284999	0.000917915
-0.00105	-0.0284999	0.000848297
-0.001	-0.0284999	0.00078297
-0.00095	-0.0284999	0.000720028
-0.0009	-0.0284999	0.000653509
-0.00085	-0.0284999	0.000592474
-0.0008	-0.0284999	0.0005343
-0.00075	-0.0284999	0.000487091
-0.0007	-0.0284999	0.00044346
-0.00065	-0.0284999	0.000406982
-0.0006	-0.0284999	0.000373842
-0.00055	-0.0284999	0.000346901
-0.0005	-0.0284999	0.000323297
-0.00045	-0.0284999	0.000299217
-0.0004	-0.0284999	0.000282289
-0.00035	-0.0284999	0.000266315
-0.0003	-0.0284999	0.000253202
-0.00025	-0.0284999	0.000239612
-0.0002	-0.0284999	0.000226499
-0.00015	-0.0284999	0.000216723
-0.0001	-0.0284999	0.000207902
-5e-05	-0.0284999	0.000198127
0.0	-0.0284999	0.000193597
5e-05	-0.0284999	0.000184775
0.0001	-0.0284999	0.000181199
0.00015	-0.0284999	0.000174046
0.0002	-0.0284999	0.000168324
0.00025	-0.0284999	0.000163556
0.0003	-0.0284999	0.000158072
0.00035	-0.0284999	0.000154973
0.0004	-0.0284999	0.000148297
0.00045	-0.0284999	0.000141622
0.0005	-0.0284999	0.000138284
0.00055	-0.0284999	0.000133277
0.0006	-0.0284999	0.000129701
0.00065	-0.0284999	0.00012827
0.0007	-0.0284999	0.000123025
0.00075	-0.0284999	0.00012064
0.0008	-0.0284999	0.000118733
0.00085	-0.0284999	0.00011468
0.0009	-0.0284999	0.000110627
0.00095	-0.0284999	0.000109911
0.001	-0.0284999	0.000106574
0.001	-0.0289999	9.22685e-05
0.00095	-0.0289999	9.39374e-05
0.0009	-0.0289999	9.63216e-05
0.00085	-0.0289999	9.89442e-05
0.0008	-0.0289999	0.00010109
0.00075	-0.0289999	0.000106574
0.0007	-0.0289999	0.000108719
0.00065	-0.0289999	0.00011015
0.0006	-0.0289999	0.000113011
0.00055	-0.0289999	0.000116826
0.0005	-0.0289999	0.00012064
0.00045	-0.0289999	0.000124455
0.0004	-0.0289999	0.00012684
0.00035	-0.0289999	0.000131131
0.0003	-0.0289999	0.000131608
0.00025	-0.0289999	0.000136615
0.0002	-0.0289999	0.000140906
0.00015	-0.0289999	0.000146152
0.0001	-0.0289999	0.000149728
5e-05	-0.0289999	0.000157596
0.0	-0.0289999	0.000161649
-5e-05	-0.0289999	0.000168086
-0.0001	-0.0289999	0.000175954
-0.00015	-0.0289999	0.000183106
-0.0002	-0.0289999	0.000188113
-0.00025	-0.0289999	0.000194789
-0.0003	-0.0289999	0.000202418
-0.00035	-0.0289999	0.000213862
-0.0004	-0.0289999	0.000225306
-0.00045	-0.0289999	0.000237227
-0.0005	-0.0289999	0.000248434
-0.00055	-0.0289999	0.000261785
-0.0006	-0.0289999	0.000278952
-0.00065	-0.0289999	0.000294926
-0.0007	-0.0289999	0.000314476
-0.00075	-0.0289999	0.000332596
-0.0008	-0.0289999	0.000354769
-0.00085	-0.0289999	0.000379326
-0.0009	-0.0289999	0.000406267
-0.00095	-0.0289999	0.00043893
-0.001	-0.0289999	0.000473978
-0.00105	-0.0289999	0.000512365
-0.0011	-0.0289999	0.000560287
-0.00115	-0.0289999	0.000607733
-0.0012	-0.0289999	0.000663284
-0.00125	-0.0289999	0.000722412
-0.0013	-0.0289999	0.000785593
-0.00135	-0.0289999	0.000851635
-0.0014	-0.0289999	0.000921968
-0.00145	-0.0289999	0.000998028
-0.0015	-0.0289999	0.0010686
-0.00155	-0.0289999	0.0011356
-0.0016	-0.0289999	0.00119639
-0.00165	-0.0289999	0.00125004
-0.0017	-0.0289999	0.00129677
-0.00175	-0.0289999	0.0013249
-0.0018	-0.0289999	0.00133587
-0.00185	-0.0289999	0.00132848
-0.0019	-0.0289999	0.00130487
-0.00195	-0.0289999	0.00126363
-0.002	-0.0289999	0.00120974
-0.00205	-0.0289999	0.0011499
-0.0021	-0.0289999	0.00107742
-0.00215	-0.0289999	0.00100685
-0.0022	-0.0289999	0.00093222
-0.00225	-0.0289999	0.000858072
-0.0023	-0.0289999	0.00078607
-0.00235	-0.0289999	0.000717882
-0.0024	-0.0289999	0.000656132
-0.00245	-0.0289999	0.000597481
-0.0025	-0.0289999	0.000540499
-0.00255	-0.0289999	0.000490431
-0.0026	-0.0289999	0.000442745
-0.00265	-0.0289999	0.000401022
-0.0027	-0.0289999	0.000363829
-0.00275	-0.0289999	0.000331165
-0.0028	-0.0289999	0.000300171
-0.00285	-0.0289999	0.000276091
-0.0029	-0.0289999	0.000251772
-0.00295	-0.0289999	0.000231982
-0.003	-0.0289999	0.000217439
-0.00305	-0.0289999	0.000201941
-0.0031	-0.0289999	0.000190974
-0.00315	-0.0289999	0.000179292
-0.0032	-0.0289999	0.000170947
-0.00325	-0.0289999	0.000162841
-0.0033	-0.0289999	0.000154258
-0.00335	-0.0289999	0.000148774
-0.0034	-0.0289999	0.000143052
-0.00345	-0.0289999	0.000139714
-0.0035	-0.0289999	0.000133277
-0.00355	-0.0289999	0.000126601
-0.0036	-0.0289999	0.00012064
-0.00365	-0.0289999	0.000118971
-0.0037	-0.0289999	0.000115157
-0.00375	-0.0289999	0.000111104
-0.0038	-0.0289999	0.000108719
-0.00385	-0.0289999	0.000105143
-0.0039	-0.0289999	0.000102282
-0.00395	-0.0289999	9.72752e-05
-0.004	-0.0289999	9.56063e-05
-0.00405	-0.0289999	9.03611e-05
-0.0041	-0.0289999	8.67848e-05
-0.00415	-0.0289999	8.65464e-05
-0.0042	-0.0289999	8.13012e-05
-0.00425	-0.0289999	8.05859e-05
-0.0043	-0.0289999	7.91554e-05
-0.00435	-0.0289999	7.6056e-05
-0.0044	-0.0289999	7.46255e-05
-0.00445	-0.0289999	7.29566e-05
-0.0045	-0.0289999	6.96187e-05
-0.00455	-0.0289999	6.74729e-05
-0.0046	-0.0289999	6.60424e-05
-0.00465	-0.0289999	6.50887e-05
-0.0047	-0.0289999	6.24661e-05
-0.00475	-0.0289999	5.96049e-05
-0.0048	-0.0289999	5.9128e-05
-0.00485	-0.0289999	5.76975e-05
-0.0049	-0.0289999	5.69823e-05
-0.00495	-0.0289999	5.55518e-05
-0.005	-0.0289999	5.26907e-05
-0.005	-0.0294999	6.03201e-05
-0.00495	-0.0294999	6.03201e-05
-0.0049	-0.0294999	6.22277e-05
-0.00485	-0.0294999	6.50887e-05
-0.0048	-0.0294999	6.69961e-05
-0.00475	-0.0294999	6.77113e-05
-0.0047	-0.0294999	7.10492e-05
-0.00465	-0.0294999	7.22413e-05
-0.0046	-0.0294999	7.46255e-05
-0.00455	-0.0294999	7.65328e-05
-0.0045	-0.0294999	7.84402e-05
-0.00445	-0.0294999	8.08244e-05
-0.0044	-0.0294999	8.51159e-05
-0.00435	-0.0294999	8.70232e-05
-0.0043	-0.0294999	8.82153e-05
-0.00425	-0.0294999	9.08379e-05
-0.0042	-0.0294999	9.56063e-05
-0.00415	-0.0294999	9.63216e-05
-0.0041	-0.0294999	9.98979e-05
-0.00405	-0.0294999	0.000103713
-0.004	-0.0294999	0.000109911
-0.00395	-0.0294999	0.000112772
-0.0039	-0.0294999	0.000116826
-0.00385	-0.0294999	0.000121117
-0.0038	-0.0294999	0.00012827
-0.00375	-0.0294999	0.000132323
-0.0037	-0.0294999	0.000137092
-0.00365	-0.0294999	0.000143529
-0.0036	-0.0294999	0.000146867
-0.00355	-0.0294999	0.000154973
-0.0035	-0.0294999	0.000165463
-0.00345	-0.0294999	0.000172378
-0.0034	-0.0294999	0.000180961
-0.00335	-0.0294999	0.00019312
-0.0033	-0.0294999	0.000205041
-0.00325	-0.0294999	0.0002203
-0.0032	-0.0294999	0.00023532
-0.00315	-0.0294999	0.000252487
-0.0031	-0.0294999	0.000274422
-0.00305	-0.0294999	0.000297787
-0.003	-0.0294999	0.000326635
-0.00295	-0.0294999	0.000359299
-0.0029	-0.0294999	0.000398876
-0.00285	-0.0294999	0.000442507
-0.0028	-0.0294999	0.000493769
-0.00275	-0.0294999	0.000546459
-0.0027	-0.0294999	0.000608686
-0.00265	-0.0294999	0.000676397
-0.0026	-0.0294999	0.000750069
-0.00255	-0.0294999	0.000827316
-0.0025	-0.0294999	0.000905041
-0.00245	-0.0294999	0.000983007
-0.0024	-0.0294999	0.00105787
-0.00235	-0.0294999	0.00112248
-0.0023	-0.0294999	0.00118042
-0.00225	-0.0294999	0.00122786
-0.0022	-0.0294999	0.00125933
-0.00215	-0.0294999	0.00128008
-0.0021	-0.0294999	0.00128341
-0.00205	-0.0294999	0.00126982
-0.002	-0.0294999	0.00124503
-0.00195	-0.0294999	0.00120641
-0.0019	-0.0294999	0.0011654
-0.00185	-0.0294999	0.00111414
-0.0018	-0.0294999	0.00106025
-0.00175	-0.0294999	0.000998504
-0.0017	-0.0294999	0.000937466
-0.00165	-0.0294999	0.000873093
-0.0016	-0.0294999	0.000814203
-0.00155	-0.0294999	0.00075293
-0.0015	-0.0294999	0.000692133
-0.00145	-0.0294999	0.000635866
-0.0014	-0.0294999	0.000579599
-0.00135	-0.0294999	0.000533108
-0.0013	-0.0294999	0.000491146
-0.00125	-0.0294999	0.000454905
-0.0012	-0.0294999	0.000423672
-0.00115	-0.0294999	0.000396015
-0.0011	-0.0294999	0.000370743
-0.00105	-0.0294999	0.000349762
-0.001	-0.0294999	0.000330927
-0.00095	-0.0294999	0.000311615
-0.0009	-0.0294999	0.000296595
-0.00085	-0.0294999	0.000280621
-0.0008	-0.0294999	0.000267031
-0.00075	-0.0294999	0.000254156
-0.0007	-0.0294999	0.000242711
-0.00065	-0.0294999	0.000232697
-0.0006	-0.0294999	0.000223876
-0.00055	-0.0294999	0.000215531
-0.0005	-0.0294999	0.000207187
-0.00045	-0.0294999	0.000199319
-0.0004	-0.0294999	0.000191689
-0.00035	-0.0294999	0.000182868
-0.0003	-0.0294999	0.000177623
-0.00025	-0.0294999	0.000169993
-0.0002	-0.0294999	0.00016451
-0.00015	-0.0294999	0.000158549
-0.0001	-0.0294999	0.000153542
-5e-05	-0.0294999	0.000149013
0.0	-0.0294999	0.000143052
5e-05	-0.0294999	0.000139476
0.0001	-0.0294999	0.000133038
0.00015	-0.0294999	0.000130177
0.0002	-0.0294999	0.00012374
0.00025	-0.0294999	0.000120879
0.0003	-0.0294999	0.000115157
0.00035	-0.0294999	0.000113011
0.0004	-0.0294999	0.000108481
0.00045	-0.0294999	0.00010562
0.0005	-0.0294999	0.00010109
0.00055	-0.0294999	9.84673e-05
0.0006	-0.0294999	9.75137e-05
0.00065	-0.0294999	9.39374e-05
0.0007	-0.0294999	9.22685e-05
0.00075	-0.0294999	8.96459e-05
0.0008	-0.0294999	8.89306e-05
0.00085	-0.0294999	8.79769e-05
0.0009	-0.0294999	8.55927e-05
0.00095	-0.0294999	7.91554e-05
0.001	-0.0294999	7.93939e-05
0.001	-0.0299999	6.69961e-05
0.00095	-0.0299999	7.08108e-05
0.0009	-0.0299999	7.24797e-05
0.00085	-0.0299999	7.46255e-05
0.0008	-0.0299999	7.55792e-05
0.00075	-0.0299999	7.79633e-05
0.0007	-0.0299999	7.96323e-05
0.00065	-0.0299999	8.32085e-05
0.0006	-0.0299999	8.65464e-05
0.00055	-0.0299999	8.77385e-05
0.0005	-0.0299999	9.17916e-05
0.00045	-0.0299999	9.13148e-05
0.0004	-0.0299999	9.56063e-05
0.00035	-0.0299999	9.84673e-05
0.0003	-0.0299999	0.00010252
0.00025	-0.0299999	0.000105143
0.0002	-0.0299999	0.000106097
0.00015	-0.0299999	0.000108481
0.0001	-0.0299999	0.000112772
5e-05	-0.0299999	0.00011611
0.0	-0.0299999	0.00012064
-5e-05	-0.0299999	0.00012374
-0.0001	-0.0299999	0.000126124
-0.00015	-0.0299999	0.000131608
-0.0002	-0.0299999	0.0001359
-0.00025	-0.0299999	0.000139476
-0.0003	-0.0299999	0.000144959
-0.00035	-0.0299999	0.000153066
-0.0004	-0.0299999	0.000157834
-0.00045	-0.0299999	0.000162126
-0.0005	-0.0299999	0.000167132
-0.00055	-0.0299999	0.000172378
-0.0006	-0.0299999	0.000179292
-0.00065	-0.0299999	0.000188113
-0.0007	-0.0299999	0.000196458
-0.00075	-0.0299999	0.000201465
-0.0008	-0.0299999	0.000206948
-0.00085	-0.0299999	0.000214816
-0.0009	-0.0299999	0.000222922
-0.00095	-0.0299999	0.00023079
-0.001	-0.0299999	0.000238896
-0.00105	-0.0299999	0.000250341
-0.0011	-0.0299999	0.000258924
-0.00115	-0.0299999	0.000274422
-0.0012	-0.0299999	0.000289919
-0.00125	-0.0299999	0.000305178
-0.0013	-0.0299999	0.000325205
-0.00135	-0.0299999	0.000343801
-0.0014	-0.0299999	0.000370266
-0.00145	-0.0299999	0.000393393
-0.0015	-0.0299999	0.000416758
-0.00155	-0.0299999	0.000447037
-0.0016	-0.0299999	0.000476601
-0.00165	-0.0299999	0.000505928
-0.0017	-0.0299999	0.000535492
-0.00175	-0.0299999	0.000571493
-0.0018	-0.0299999	0.000611786
-0.00185	-0.0299999	0.00065041
-0.0019	-0.0299999	0.000693563
-0.00195	-0.0299999	0.000742916
-0.002	-0.0299999	0.000794414
-0.00205	-0.0299999	0.000842098
-0.0021	-0.0299999	0.000891928
-0.00215	-0.0299999	0.000942472
-0.0022	-0.0299999	0.000989206
-0.00225	-0.0299999	0.00102998
-0.0023	-0.0299999	0.00106121
-0.00235	-0.0299999	0.00108457
-0.0024	-0.0299999	0.00109721
-0.00245	-0.0299999	0.0010984
-0.0025	-0.0299999	0.00109125
-0.00255	-0.0299999	0.00107384
-0.0026	-0.0299999	0.00104523
-0.00265	-0.0299999	0.00100971
-0.0027	-0.0299999	0.000964884
-0.00275	-0.0299999	0.000913147
-0.0028	-0.0299999	0.000854257
-0.00285	-0.0299999	0.000791315
-0.0029	-0.0299999	0.000723604
-0.00295	-0.0299999	0.000659946
-0.003	-0.0299999	0.000597958
-0.00305	-0.0299999	0.000536446
-0.0031	-0.0299999	0.000483992
-0.00315	-0.0299999	0.000433685
-0.0032	-0.0299999	0.000389816
-0.00325	-0.0299999	0.0003531
-0.0033	-0.0299999	0.00031686
-0.00335	-0.0299999	0.000292065
-0.0034	-0.0299999	0.000267031
-0.00345	-0.0299999	0.000244381
-0.0035	-0.0299999	0.000229598
-0.00355	-0.0299999	0.000211478
-0.0036	-0.0299999	0.000196458
-0.00365	-0.0299999	0.00018716
-0.0037	-0.0299999	0.000175477
-0.00375	-0.0299999	0.000166894
-0.0038	-0.0299999	0.000158788
-0.00385	-0.0299999	0.000151158
-0.0039	-0.0299999	0.000143052
-0.00395	-0.0299999	0.000137092
-0.004	-0.0299999	0.000130177
-0.00405	-0.0299999	0.000125648
-0.0041	-0.0299999	0.000118256
-0.00415	-0.0299999	0.000116826
-0.0042	-0.0299999	0.000110865
-0.00425	-0.0299999	0.000107766
-0.0043	-0.0299999	0.000105143
-0.00435	-0.0299999	0.000102044
-0.0044	-0.0299999	9.70368e-05
-0.00445	-0.0299999	9.34605e-05
-0.0045	-0.0299999	9.29837e-05
-0.00455	-0.0299999	9.08379e-05
-0.0046	-0.0299999	8.86922e-05
-0.00465	-0.0299999	8.51159e-05
-0.0047	-0.0299999	8.41622e-05
-0.00475	-0.0299999	8.10628e-05
-0.0048	-0.0299999	8.05859e-05
-0.00485	-0.0299999	7.84402e-05
-0.0049	-0.0299999	7.34334e-05
-0.00495	-0.0299999	7.00955e-05
-0.005	-0.0299999	7.08108e-05
-0.005	-0.0304999	7.65328e-05
-0.00495	-0.0304999	7.84402e-05
-0.0049	-0.0304999	8.44006e-05
-0.00485	-0.0304999	8.51159e-05
-0.0048	-0.0304999	8.96459e-05
-0.00475	-0.0304999	9.17916e-05
-0.0047	-0.0304999	9.51295e-05
-0.00465	-0.0304999	9.70368e-05
-0.0046	-0.0304999	0.000100136
-0.00455	-0.0304999	0.000103713
-0.0045	-0.0304999	0.000108481
-0.00445	-0.0304999	0.000110627
-0.0044	-0.0304999	0.000115872
-0.00435	-0.0304999	0.000118733
-0.0043	-0.0304999	0.000126124
-0.00425	-0.0304999	0.000130893
-0.0042	-0.0304999	0.0001359
-0.00415	-0.0304999	0.000144959
-0.0041	-0.0304999	0.000149728
-0.00405	-0.0304999	0.000159741
-0.004	-0.0304999	0.000167609
-0.00395	-0.0304999	0.000175477
-0.0039	-0.0304999	0.000187875
-0.00385	-0.0304999	0.000200034
-0.0038	-0.0304999	0.000215293
-0.00375	-0.0304999	0.000234605
-0.0037	-0.0304999	0.000248196
-0.00365	-0.0304999	0.00027013
-0.0036	-0.0304999	0.000293018
-0.00355	-0.0304999	0.000322344
-0.0035	-0.0304999	0.000349047
-0.00345	-0.0304999	0.000379326
-0.0034	-0.0304999	0.000414135
-0.00335	-0.0304999	0.00045562
-0.0033	-0.0304999	0.000492577
-0.00325	-0.0304999	0.000538591
-0.0032	-0.0304999	0.000583176
-0.00315	-0.0304999	0.000627283
-0.0031	-0.0304999	0.000674967
-0.00305	-0.0304999	0.000721697
-0.003	-0.0304999	0.000766758
-0.00295	-0.0304999	0.000809673
-0.0029	-0.0304999	0.000850443
-0.00285	-0.0304999	0.00088406
-0.0028	-0.0304999	0.000917438
-0.00275	-0.0304999	0.000947241
-0.0027	-0.0304999	0.000965599
-0.00265	-0.0304999	0.00097657
-0.0026	-0.0304999	0.000980861
-0.00255	-0.0304999	0.000973228
-0.0025	-0.0304999	0.000950102
-0.00245	-0.0304999	0.000918631
-0.0024	-0.0304999	0.000875238
-0.00235	-0.0304999	0.000826601
-0.0023	-0.0304999	0.000770096
-0.00225	-0.0304999	0.000709061
-0.0022	-0.0304999	0.00065637
-0.00215	-0.0304999	0.000599388
-0.0021	-0.0304999	0.000551466
-0.00205	-0.0304999	0.000512127
-0.002	-0.0304999	0.000474932
-0.00195	-0.0304999	0.000437738
-0.0019	-0.0304999	0.000414612
-0.00185	-0.0304999	0.000386002
-0.0018	-0.0304999	0.000363113
-0.00175	-0.0304999	0.000343801
-0.0017	-0.0304999	0.000323536
-0.00165	-0.0304999	0.000308992
-0.0016	-0.0304999	0.000294449
-0.00155	-0.0304999	0.000278475
-0.0015	-0.0304999	0.000262978
-0.00145	-0.0304999	0.00025058
-0.0014	-0.0304999	0.000239612
-0.00135	-0.0304999	0.000232221
-0.0013	-0.0304999	0.000224591
-0.00125	-0.0304999	0.000215531
-0.0012	-0.0304999	0.000207425
-0.00115	-0.0304999	0.000200749
-0.0011	-0.0304999	0.000193835
-0.00105	-0.0304999	0.000188113
-0.001	-0.0304999	0.000182391
-0.00095	-0.0304999	0.000175954
-0.0009	-0.0304999	0.000173808
-0.00085	-0.0304999	0.000166656
-0.0008	-0.0304999	0.00016141
-0.00075	-0.0304999	0.000156642
-0.0007	-0.0304999	0.000150681
-0.00065	-0.0304999	0.000147105
-0.0006	-0.0304999	0.000143052
-0.00055	-0.0304999	0.000138284
-0.0005	-0.0304999	0.000134946
-0.00045	-0.0304999	0.000131608
-0.0004	-0.0304999	0.000129462
-0.00035	-0.0304999	0.000125648
-0.0003	-0.0304999	0.000120402
-0.00025	-0.0304999	0.000117064
-0.0002	-0.0304999	0.000114918
-0.00015	-0.0304999	0.000111819
-0.0001	-0.0304999	0.000107289
-5e-05	-0.0304999	0.000104428
0.0	-0.0304999	0.000100375
5e-05	-0.0304999	9.98979e-05
0.0001	-0.0304999	9.67984e-05
0.00015	-0.0304999	9.48911e-05
0.0002	-0.0304999	9.39374e-05
0.00025	-0.0304999	8.9169e-05
0.0003	-0.0304999	8.82153e-05
0.00035	-0.0304999	8.77385e-05
0.0004	-0.0304999	8.46391e-05
0.00045	-0.0304999	7.98707e-05
0.0005	-0.0304999	7.93939e-05
0.00055	-0.0304999	7.96323e-05
0.0006	-0.0304999	7.65328e-05
0.00065	-0.0304999	7.55792e-05
0.0007	-0.0304999	6.84266e-05
0.00075	-0.0304999	6.93803e-05
0.0008	-0.0304999	6.69961e-05
0.00085	-0.0304999	6.62808e-05
0.0009	-0.0304999	6.72345e-05
0.00095	-0.0304999	6.34198e-05
0.001	-0.0304999	6.0797e-05
0.001	-0.0309999	5.50749e-05
0.00095	-0.0309999	5.38828e-05
0.0009	-0.0309999	5.29292e-05
0.00085	-0.0309999	5.69823e-05
0.0008	-0.0309999	5.76975e-05
0.00075	-0.0309999	5.67439e-05
0.0007	-0.0309999	6.03201e-05
0.00065	-0.0309999	6.05586e-05
0.0006	-0.0309999	6.22277e-05
0.00055	-0.0309999	6.67577e-05
0.0005	-0.0309999	6.74729e-05
0.00045	-0.0309999	6.81882e-05
0.0004	-0.0309999	7.00955e-05
0.00035	-0.0309999	7.20029e-05
0.0003	-0.0309999	7.29566e-05
0.00025	-0.0309999	7.51023e-05
0.0002	-0.0309999	7.84402e-05
0.00015	-0.0309999	8.13012e-05
0.0001	-0.0309999	8.03475e-05
5e-05	-0.0309999	8.41622e-05
0.0	-0.0309999	8.6308e-05
-5e-05	-0.0309999	8.67848e-05
-0.0001	-0.0309999	9.01227e-05
-0.00015	-0.0309999	9.39374e-05
-0.0002	-0.0309999	9.39374e-05
-0.00025	-0.0309999	9.89442e-05
-0.0003	-0.0309999	0.00010109
-0.00035	-0.0309999	0.000102044
-0.0004	-0.0309999	0.000105143
-0.00045	-0.0309999	0.000107289
-0.0005	-0.0309999	0.000108719
-0.00055	-0.0309999	0.000112534
-0.0006	-0.0309999	0.000116826
-0.00065	-0.0309999	0.000118733
-0.0007	-0.0309999	0.00012231
-0.00075	-0.0309999	0.000125648
-0.0008	-0.0309999	0.000128509
-0.00085	-0.0309999	0.000133515
-0.0009	-0.0309999	0.000138045
-0.00095	-0.0309999	0.000142575
-0.001	-0.0309999	0.000147582
-0.00105	-0.0309999	0.000149489
-0.0011	-0.0309999	0.000152112
-0.00115	-0.0309999	0.000156642
-0.0012	-0.0309999	0.000158788
-0.00125	-0.0309999	0.000163318
-0.0013	-0.0309999	0.000168801
-0.00135	-0.0309999	0.000175477
-0.0014	-0.0309999	0.0001781
-0.00145	-0.0309999	0.000184775
-0.0015	-0.0309999	0.000192643
-0.00155	-0.0309999	0.000199319
-0.0016	-0.0309999	0.000208379
-0.00165	-0.0309999	0.000218154
-0.0017	-0.0309999	0.000223876
-0.00175	-0.0309999	0.000236512
-0.0018	-0.0309999	0.000245811
-0.00185	-0.0309999	0.000254871
-0.0019	-0.0309999	0.000267269
-0.00195	-0.0309999	0.000277521
-0.002	-0.0309999	0.000291111
-0.00205	-0.0309999	0.000305416
-0.0021	-0.0309999	0.000323774
-0.00215	-0.0309999	0.00033951
-0.0022	-0.0309999	0.000358822
-0.00225	-0.0309999	0.000379803
-0.0023	-0.0309999	0.000402929
-0.00235	-0.0309999	0.000429632
-0.0024	-0.0309999	0.00045705
-0.00245	-0.0309999	0.000487329
-0.0025	-0.0309999	0.000518564
-0.00255	-0.0309999	0.000551227
-0.0026	-0.0309999	0.000582937
-0.00265	-0.0309999	0.000611786
-0.0027	-0.0309999	0.000640396
-0.00275	-0.0309999	0.000664953
-0.0028	-0.0309999	0.00069261
-0.00285	-0.0309999	0.000716452
-0.0029	-0.0309999	0.000730757
-0.00295	-0.0309999	0.000750307
-0.003	-0.0309999	0.000765566
-0.00305	-0.0309999	0.000780109
-0.0031	-0.0309999	0.000793222
-0.00315	-0.0309999	0.000794414
-0.0032	-0.0309999	0.000789884
-0.00325	-0.0309999	0.000767235
-0.0033	-0.0309999	0.000748638
-0.00335	-0.0309999	0.000724081
-0.0034	-0.0309999	0.000679735
-0.00345	-0.0309999	0.00063825
-0.0035	-0.0309999	0.000589136
-0.00355	-0.0309999	0.000538114
-0.0036	-0.0309999	0.000487329
-0.00365	-0.0309999	0.000443222
-0.0037	-0.0309999	0.000400545
-0.00375	-0.0309999	0.00036216
-0.0038	-0.0309999	0.000330688
-0.00385	-0.0309999	0.000301601
-0.0039	-0.0309999	0.000275852
-0.00395	-0.0309999	0.000256063
-0.004	-0.0309999	0.000236989
-0.00405	-0.0309999	0.000219823
-0.0041	-0.0309999	0.000206233
-0.00415	-0.0309999	0.000193358
-0.0042	-0.0309999	0.000180484
-0.00425	-0.0309999	0.000172139
-0.0043	-0.0309999	0.000160933
-0.00435	-0.0309999	0.000153304
-0.0044	-0.0309999	0.000144959
-0.00445	-0.0309999	0.000137568
-0.0045	-0.0309999	0.000129939
-0.00455	-0.0309999	0.000123263
-0.0046	-0.0309999	0.000118733
-0.00465	-0.0309999	0.000114441
-0.0047	-0.0309999	0.000109911
-0.00475	-0.0309999	0.000108958
-0.0048	-0.0309999	0.00010109
-0.00485	-0.0309999	0.000100852
-0.0049	-0.0309999	9.79905e-05
-0.00495	-0.0309999	9.48911e-05
-0.005	-0.0309999	9.29837e-05
