Your edit line - do NOT delete this line
X-pos [um], Y-pos [um], Max voltage [V]
600	0.0	0.453
0	-200.0	0.3557
100	-400.0	0.2994
100	-600.0	0.2334
100	-800.0	0.1943
100	-1000.0	0.1894
0	-1200.0	0.1852
0	-1400.0	0.1352
0	-1600.0	0.088
0	-1800.0	0.0681
0	-2000.0	0.0593
0	-2200.0	0.0537
-100	-2400.0	0.0525
-100	-2600.0	0.0543
-100	-2800.0	0.0471
-100	-3000.0	0.0431
-100	-3200.0	0.0436
-100	-3400.0	0.0451
-100	-3600.0	0.0454
-200	-3800.0	0.0387
-300	-4000.0	0.0305
-300	-4200.0	0.0316
-300	-4400.0	0.0271
-300	-4600.0	0.0233
-300	-4800.0	0.0211
-400	-5000.0	0.02
-400	-5200.0	0.0192
-400	-5400.0	0.0193
-500	-5600.0	0.0183
-500	-5800.0	0.0167
-500	-6000.0	0.0168

Y_new [um], Max voltage [V]
0.0	0.453
-203.333333333	0.3557
-406.666666667	0.2994
-610.0	0.2334
-813.333333333	0.1943
-1016.66666667	0.1894
-1220.0	0.1852
-1423.33333333	0.1352
-1626.66666667	0.088
-1830.0	0.0681
-2033.33333333	0.0593
-2236.66666667	0.0537
-2440.0	0.0525
-2643.33333333	0.0543
-2846.66666667	0.0471
-3050.0	0.0431
-3253.33333333	0.0436
-3456.66666667	0.0451
-3660.0	0.0454
-3863.33333333	0.0387
-4066.66666667	0.0305
-4270.0	0.0316
-4473.33333333	0.0271
-4676.66666667	0.0233
-4880.0	0.0211
-5083.33333333	0.02
-5286.66666667	0.0192
-5490.0	0.0193
-5693.33333333	0.0183
-5896.66666667	0.0167
-6100.0	0.0168
