Your comment line - do NOT delete this line
X-pos [m], Y-pos [m], Voltage [V]
-0.003	-0.0007	0.00241853
-0.00295	-0.0007	0.00245287
-0.0029	-0.0007	0.00246812
-0.00285	-0.0007	0.00260164
-0.0028	-0.0007	0.00269319
-0.00275	-0.0007	0.0027733
-0.0027	-0.0007	0.00302888
-0.00265	-0.0007	0.00337984
-0.0026	-0.0007	0.00376894
-0.00255	-0.0007	0.00430301
-0.0025	-0.0007	0.00495151
-0.00245	-0.0007	0.00572589
-0.0024	-0.0007	0.00681689
-0.00235	-0.0007	0.00861365
-0.0023	-0.0007	0.011364
-0.00225	-0.0007	0.0151406
-0.0022	-0.0007	0.0196344
-0.00215	-0.0007	0.0250131
-0.0021	-0.0007	0.0308419
-0.00205	-0.0007	0.0366442
-0.002	-0.0007	0.0425875
-0.00195	-0.0007	0.048115
-0.0019	-0.0007	0.0524828
-0.00185	-0.0007	0.0551951
-0.0018	-0.0007	0.0572627
-0.00175	-0.0007	0.0593493
-0.0017	-0.0007	0.060734
-0.00165	-0.0007	0.0615695
-0.0016	-0.0007	0.0612147
-0.00155	-0.0007	0.0590937
-0.0015	-0.0007	0.0558779
-0.00145	-0.0007	0.0514643
-0.0014	-0.0007	0.045975
-0.00135	-0.0007	0.0392344
-0.0013	-0.0007	0.0325282
-0.00125	-0.0007	0.025818
-0.0012	-0.0007	0.0195009
-0.00115	-0.0007	0.0145798
-0.0011	-0.0007	0.0112496
-0.00105	-0.0007	0.00949103
-0.001	-0.0007	0.00844961
-0.00095	-0.0007	0.00782782
-0.0009	-0.0007	0.00719073
-0.00085	-0.0007	0.00667575
-0.0008	-0.0007	0.00620654
-0.00075	-0.0007	0.00599673
-0.0007	-0.0007	0.00572971
-0.00065	-0.0007	0.00542453
-0.0006	-0.0007	0.00518802
-0.00055	-0.0007	0.0050278
-0.0005	-0.0007	0.00504306
-0.00045	-0.0007	0.0049744
-0.0004	-0.0007	0.00504306
-0.00035	-0.0007	0.00517276
-0.0003	-0.0007	0.00508121
-0.00025	-0.0007	0.00491717
-0.0002	-0.0007	0.00498965
-0.00015	-0.0007	0.0050545
-0.0001	-0.0007	0.00511172
-5e-05	-0.0007	0.00508502
0.0	-0.0007	0.00539401
0.0	-0.0007499	0.00533298
-5e-05	-0.0007499	0.00522235
-0.0001	-0.0007499	0.00512698
-0.00015	-0.0007499	0.00495532
-0.0002	-0.0007499	0.00477603
-0.00025	-0.0007499	0.00475696
-0.0003	-0.0007499	0.00507358
-0.00035	-0.0007499	0.00521091
-0.0004	-0.0007499	0.00498202
-0.00045	-0.0007499	0.00495151
-0.0005	-0.0007499	0.00476459
-0.00055	-0.0007499	0.00482181
-0.0006	-0.0007499	0.00493625
-0.00065	-0.0007499	0.00519183
-0.0007	-0.0007499	0.00529864
-0.00075	-0.0007499	0.00549701
-0.0008	-0.0007499	0.00582126
-0.00085	-0.0007499	0.00613406
-0.0009	-0.0007499	0.0066376
-0.00095	-0.0007499	0.00712207
-0.001	-0.0007499	0.0076485
-0.00105	-0.0007499	0.00841147
-0.0011	-0.0007499	0.0097428
-0.00115	-0.0007499	0.0121956
-0.0012	-0.0007499	0.015999
-0.00125	-0.0007499	0.0210992
-0.0013	-0.0007499	0.026951
-0.00135	-0.0007499	0.0329325
-0.0014	-0.0007499	0.0389483
-0.00145	-0.0007499	0.0439456
-0.0015	-0.0007499	0.0477564
-0.00155	-0.0007499	0.0506861
-0.0016	-0.0007499	0.0529635
-0.00165	-0.0007499	0.0537035
-0.0017	-0.0007499	0.0529215
-0.00175	-0.0007499	0.0518
-0.0018	-0.0007499	0.0503657
-0.00185	-0.0007499	0.0486033
-0.0019	-0.0007499	0.0464747
-0.00195	-0.0007499	0.0437815
-0.002	-0.0007499	0.0396502
-0.00205	-0.0007499	0.034672
-0.0021	-0.0007499	0.0297586
-0.00215	-0.0007499	0.0248986
-0.0022	-0.0007499	0.0199891
-0.00225	-0.0007499	0.015793
-0.0023	-0.0007499	0.0121117
-0.00235	-0.0007499	0.00922781
-0.0024	-0.0007499	0.00717548
-0.00245	-0.0007499	0.00584796
-0.0025	-0.0007499	0.00499347
-0.00255	-0.0007499	0.00431445
-0.0026	-0.0007499	0.00378038
-0.00265	-0.0007499	0.00329973
-0.0027	-0.0007499	0.00297166
-0.00275	-0.0007499	0.0027466
-0.0028	-0.0007499	0.00258256
-0.00285	-0.0007499	0.00239946
-0.0029	-0.0007499	0.00234987
-0.00295	-0.0007499	0.00225832
-0.003	-0.0007499	0.00209428
-0.003	-0.0007999	0.00199129
-0.00295	-0.0007999	0.00209047
-0.0029	-0.0007999	0.00225832
-0.00285	-0.0007999	0.00244905
-0.0028	-0.0007999	0.00255968
-0.00275	-0.0007999	0.0027733
-0.0027	-0.0007999	0.003006
-0.00265	-0.0007999	0.00323488
-0.0026	-0.0007999	0.00363924
-0.00255	-0.0007999	0.00411609
-0.0025	-0.0007999	0.00469974
-0.00245	-0.0007999	0.00550464
-0.0024	-0.0007999	0.00679401
-0.00235	-0.0007999	0.00867468
-0.0023	-0.0007999	0.011139
-0.00225	-0.0007999	0.0141984
-0.0022	-0.0007999	0.0177346
-0.00215	-0.0007999	0.0215455
-0.0021	-0.0007999	0.0254251
-0.00205	-0.0007999	0.0294877
-0.002	-0.0007999	0.0335276
-0.00195	-0.0007999	0.0367777
-0.0019	-0.0007999	0.0388186
-0.00185	-0.0007999	0.0406649
-0.0018	-0.0007999	0.0423434
-0.00175	-0.0007999	0.0434496
-0.0017	-0.0007999	0.0447505
-0.00165	-0.0007999	0.0459216
-0.0016	-0.0007999	0.0455706
-0.00155	-0.0007999	0.0440562
-0.0015	-0.0007999	0.0418131
-0.00145	-0.0007999	0.0389102
-0.0014	-0.0007999	0.0345309
-0.00135	-0.0007999	0.0292856
-0.0013	-0.0007999	0.0239526
-0.00125	-0.0007999	0.0186654
-0.0012	-0.0007999	0.0142708
-0.00115	-0.0007999	0.0108529
-0.0011	-0.0007999	0.0087052
-0.00105	-0.0007999	0.0075188
-0.001	-0.0007999	0.00681689
-0.00095	-0.0007999	0.00634769
-0.0009	-0.0007999	0.00592807
-0.00085	-0.0007999	0.00546649
-0.0008	-0.0007999	0.00514606
-0.00075	-0.0007999	0.00490573
-0.0007	-0.0007999	0.00470355
-0.00065	-0.0007999	0.00458148
-0.0006	-0.0007999	0.00450519
-0.00055	-0.0007999	0.0043793
-0.0005	-0.0007999	0.00432208
-0.00045	-0.0007999	0.00452808
-0.0004	-0.0007999	0.00463107
-0.00035	-0.0007999	0.00469974
-0.0003	-0.0007999	0.00470355
-0.00025	-0.0007999	0.00448611
-0.0002	-0.0007999	0.00444797
-0.00015	-0.0007999	0.00456622
-0.0001	-0.0007999	0.0047684
-5e-05	-0.0007999	0.00493243
0.0	-0.0007999	0.00494006
0.0	-0.0008499	0.00477985
-5e-05	-0.0008499	0.00474933
-0.0001	-0.0008499	0.00462344
-0.00015	-0.0008499	0.00452808
-0.0002	-0.0008499	0.00448611
-0.00025	-0.0008499	0.00453189
-0.0003	-0.0008499	0.00469211
-0.00035	-0.0008499	0.00464633
-0.0004	-0.0008499	0.00464252
-0.00045	-0.0008499	0.00436023
-0.0005	-0.0008499	0.00423053
-0.00055	-0.0008499	0.00427249
-0.0006	-0.0008499	0.00426486
-0.00065	-0.0008499	0.00437549
-0.0007	-0.0008499	0.00453952
-0.00075	-0.0008499	0.00462344
-0.0008	-0.0008499	0.00487521
-0.00085	-0.0008499	0.00510409
-0.0009	-0.0008499	0.00541309
-0.00095	-0.0008499	0.0058327
-0.001	-0.0008499	0.00629047
-0.00105	-0.0008499	0.00688174
-0.0011	-0.0008499	0.00781637
-0.00115	-0.0008499	0.00942618
-0.0012	-0.0008499	0.0121537
-0.00125	-0.0008499	0.0158693
-0.0013	-0.0008499	0.0206453
-0.00135	-0.0008499	0.0255624
-0.0014	-0.0008499	0.0303117
-0.00145	-0.0008499	0.0345347
-0.0015	-0.0008499	0.0378306
-0.00155	-0.0008499	0.0401385
-0.0016	-0.0008499	0.041466
-0.00165	-0.0008499	0.0419848
-0.0017	-0.0008499	0.0412524
-0.00175	-0.0008499	0.0400546
-0.0018	-0.0008499	0.0390742
-0.00185	-0.0008499	0.0373423
-0.0019	-0.0008499	0.036072
-0.00195	-0.0008499	0.0348628
-0.002	-0.0008499	0.032799
-0.00205	-0.0008499	0.0297319
-0.0021	-0.0008499	0.0260087
-0.00215	-0.0008499	0.0224725
-0.0022	-0.0008499	0.0190965
-0.00225	-0.0008499	0.0156098
-0.0023	-0.0008499	0.0124817
-0.00235	-0.0008499	0.00986487
-0.0024	-0.0008499	0.00771335
-0.00245	-0.0008499	0.0060921
-0.0025	-0.0008499	0.00506976
-0.00255	-0.0008499	0.00438693
-0.0026	-0.0008499	0.00389482
-0.00265	-0.0008499	0.0035782
-0.0027	-0.0008499	0.00319673
-0.00275	-0.0008499	0.00293733
-0.0028	-0.0008499	0.00268175
-0.00285	-0.0008499	0.00244524
-0.0029	-0.0008499	0.00226976
-0.00295	-0.0008499	0.00214387
-0.003	-0.0008499	0.00196077
-0.003	-0.0008999	0.00194169
-0.00295	-0.0008999	0.00202943
-0.0029	-0.0008999	0.00221635
-0.00285	-0.0008999	0.0023575
-0.0028	-0.0008999	0.00262834
-0.00275	-0.0008999	0.0028763
-0.0027	-0.0008999	0.00318147
-0.00265	-0.0008999	0.00354005
-0.0026	-0.0008999	0.00392535
-0.00255	-0.0008999	0.00431827
-0.0025	-0.0008999	0.0049248
-0.00245	-0.0008999	0.00598529
-0.0024	-0.0008999	0.0075188
-0.00235	-0.0008999	0.00945288
-0.0023	-0.0008999	0.0116959
-0.00225	-0.0008999	0.0143624
-0.0022	-0.0008999	0.0173875
-0.00215	-0.0008999	0.0203477
-0.0021	-0.0008999	0.0234681
-0.00205	-0.0008999	0.0265886
-0.002	-0.0008999	0.0290071
-0.00195	-0.0008999	0.0302964
-0.0019	-0.0008999	0.0314906
-0.00185	-0.0008999	0.0328753
-0.0018	-0.0008999	0.0342715
-0.00175	-0.0008999	0.0354006
-0.0017	-0.0008999	0.0365946
-0.00165	-0.0008999	0.0372393
-0.0016	-0.0008999	0.0370638
-0.00155	-0.0008999	0.0360529
-0.0015	-0.0008999	0.0343287
-0.00145	-0.0008999	0.031502
-0.0014	-0.0008999	0.0276834
-0.00135	-0.0008999	0.0234987
-0.0013	-0.0008999	0.019188
-0.00125	-0.0008999	0.0148774
-0.0012	-0.0008999	0.0113793
-0.00115	-0.0008999	0.0088883
-0.0011	-0.0008999	0.00735858
-0.00105	-0.0008999	0.00651553
-0.001	-0.0008999	0.00593951
-0.00095	-0.0008999	0.00557712
-0.0009	-0.0008999	0.00519565
-0.00085	-0.0008999	0.00486377
-0.0008	-0.0008999	0.00460818
-0.00075	-0.0008999	0.00442508
-0.0007	-0.0008999	0.00420383
-0.00065	-0.0008999	0.00414279
-0.0006	-0.0008999	0.00400546
-0.00055	-0.0008999	0.0041199
-0.0005	-0.0008999	0.00411609
-0.00045	-0.0008999	0.00437167
-0.0004	-0.0008999	0.00440219
-0.00035	-0.0008999	0.00452808
-0.0003	-0.0008999	0.00511935
-0.00025	-0.0008999	0.00496295
-0.0002	-0.0008999	0.00455478
-0.00015	-0.0008999	0.00464633
-0.0001	-0.0008999	0.00461963
-5e-05	-0.0008999	0.00476077
0.0	-0.0008999	0.00485614
0.0	-0.0009499	0.00469211
-5e-05	-0.0009499	0.00475314
-0.0001	-0.0009499	0.00466159
-0.00015	-0.0009499	0.00462726
-0.0002	-0.0009499	0.00457004
-0.00025	-0.0009499	0.0049248
-0.0003	-0.0009499	0.00480273
-0.00035	-0.0009499	0.00466922
-0.0004	-0.0009499	0.00442508
-0.00045	-0.0009499	0.00430682
-0.0005	-0.0009499	0.00419238
-0.00055	-0.0009499	0.00410464
-0.0006	-0.0009499	0.00390245
-0.00065	-0.0009499	0.00395969
-0.0007	-0.0009499	0.00399783
-0.00075	-0.0009499	0.00413516
-0.0008	-0.0009499	0.00435641
-0.00085	-0.0009499	0.00457767
-0.0009	-0.0009499	0.00490192
-0.00095	-0.0009499	0.00528339
-0.001	-0.0009499	0.0056763
-0.00105	-0.0009499	0.00621036
-0.0011	-0.0009499	0.00686648
-0.00115	-0.0009499	0.00789648
-0.0012	-0.0009499	0.00978094
-0.00125	-0.0009499	0.0124398
-0.0013	-0.0009499	0.0161554
-0.00135	-0.0009499	0.0201913
-0.0014	-0.0009499	0.0241281
-0.00145	-0.0009499	0.0279123
-0.0015	-0.0009499	0.0309831
-0.00155	-0.0009499	0.0327685
-0.0016	-0.0009499	0.0336955
-0.00165	-0.0009499	0.0339167
-0.0017	-0.0009499	0.0337756
-0.00175	-0.0009499	0.0326121
-0.0018	-0.0009499	0.0313265
-0.00185	-0.0009499	0.03014
-0.0019	-0.0009499	0.0288354
-0.00195	-0.0009499	0.0279123
-0.002	-0.0009499	0.0271112
-0.00205	-0.0009499	0.025715
-0.0021	-0.0009499	0.023327
-0.00215	-0.0009499	0.0205346
-0.0022	-0.0009499	0.0177995
-0.00225	-0.0009499	0.0151559
-0.0023	-0.0009499	0.0124932
-0.00235	-0.0009499	0.0102044
-0.0024	-0.0009499	0.0081864
-0.00245	-0.0009499	0.0065079
-0.0025	-0.0009499	0.00532916
-0.00255	-0.0009499	0.00448611
-0.0026	-0.0009499	0.00395206
-0.00265	-0.0009499	0.00354005
-0.0027	-0.0009499	0.00323869
-0.00275	-0.0009499	0.00286104
-0.0028	-0.0009499	0.00260164
-0.00285	-0.0009499	0.00243379
-0.0029	-0.0009499	0.00218965
-0.00295	-0.0009499	0.00203325
-0.003	-0.0009499	0.00192643
-0.003	-0.0009999	0.00192643
-0.00295	-0.0009999	0.00201799
-0.0029	-0.0009999	0.00217439
-0.00285	-0.0009999	0.00236513
-0.0028	-0.0009999	0.00259401
-0.00275	-0.0009999	0.00284196
-0.0027	-0.0009999	0.00313951
-0.00265	-0.0009999	0.0034752
-0.0026	-0.0009999	0.00390628
-0.00255	-0.0009999	0.00451282
-0.0025	-0.0009999	0.00546268
-0.00245	-0.0009999	0.00682834
-0.0024	-0.0009999	0.00850683
-0.00235	-0.0009999	0.0103913
-0.0023	-0.0009999	0.0125619
-0.00225	-0.0009999	0.0148202
-0.0022	-0.0009999	0.0171357
-0.00215	-0.0009999	0.0194474
-0.0021	-0.0009999	0.021885
-0.00205	-0.0009999	0.0237314
-0.002	-0.0009999	0.024582
-0.00195	-0.0009999	0.0249826
-0.0019	-0.0009999	0.0257798
-0.00185	-0.0009999	0.0268937
-0.0018	-0.0009999	0.027939
-0.00175	-0.0009999	0.029194
-0.0017	-0.0009999	0.030388
-0.00165	-0.0009999	0.0306398
-0.0016	-0.0009999	0.0305864
-0.00155	-0.0009999	0.0298806
-0.0015	-0.0009999	0.0281755
-0.00145	-0.0009999	0.0253145
-0.0014	-0.0009999	0.0219804
-0.00135	-0.0009999	0.0185357
-0.0013	-0.0009999	0.014927
-0.00125	-0.0009999	0.0117226
-0.0012	-0.0009999	0.00970083
-0.00115	-0.0009999	0.00862509
-0.0011	-0.0009999	0.00774768
-0.00105	-0.0009999	0.00707629
-0.001	-0.0009999	0.0059624
-0.00095	-0.0009999	0.00527957
-0.0009	-0.0009999	0.00475314
-0.00085	-0.0009999	0.00442508
-0.0008	-0.0009999	0.00418857
-0.00075	-0.0009999	0.00404361
-0.0007	-0.0009999	0.0038643
-0.00065	-0.0009999	0.00389482
-0.0006	-0.0009999	0.0038376
-0.00055	-0.0009999	0.00389101
-0.0005	-0.0009999	0.00403216
-0.00045	-0.0009999	0.00413516
-0.0004	-0.0009999	0.00455478
-0.00035	-0.0009999	0.00473407
-0.0003	-0.0009999	0.00460818
-0.00025	-0.0009999	0.00449374
-0.0002	-0.0009999	0.00447848
-0.00015	-0.0009999	0.0043793
-0.0001	-0.0009999	0.00449756
-5e-05	-0.0009999	0.0045853
0.0	-0.0009999	0.00462726
0.0	-0.0010499	0.00480273
-5e-05	-0.0010499	0.00460055
-0.0001	-0.0010499	0.00451282
-0.00015	-0.0010499	0.00444797
-0.0002	-0.0010499	0.00456622
-0.00025	-0.0010499	0.00447848
-0.0003	-0.0010499	0.00465015
-0.00035	-0.0010499	0.00474933
-0.0004	-0.0010499	0.00459293
-0.00045	-0.0010499	0.00421146
-0.0005	-0.0010499	0.00418857
-0.00055	-0.0010499	0.00386812
-0.0006	-0.0010499	0.00379182
-0.00065	-0.0010499	0.00380327
-0.0007	-0.0010499	0.00382616
-0.00075	-0.0010499	0.00390628
-0.0008	-0.0010499	0.00408557
-0.00085	-0.0010499	0.00429156
-0.0009	-0.0010499	0.00469974
-0.00095	-0.0010499	0.00571063
-0.001	-0.0010499	0.00662616
-0.00105	-0.0010499	0.00695804
-0.0011	-0.0010499	0.00735858
-0.00115	-0.0010499	0.00809103
-0.0012	-0.0010499	0.00946051
-0.00125	-0.0010499	0.0111771
-0.0013	-0.0010499	0.0127183
-0.00135	-0.0010499	0.015606
-0.0014	-0.0010499	0.0186921
-0.00145	-0.0010499	0.0217439
-0.0015	-0.0010499	0.0245973
-0.00155	-0.0010499	0.0265542
-0.0016	-0.0010499	0.0275384
-0.00165	-0.0010499	0.027836
-0.0017	-0.0010499	0.0276223
-0.00175	-0.0010499	0.0267755
-0.0018	-0.0010499	0.0256501
-0.00185	-0.0010499	0.024582
-0.0019	-0.0010499	0.0236665
-0.00195	-0.0010499	0.0229532
-0.002	-0.0010499	0.0226098
-0.00205	-0.0010499	0.022236
-0.0021	-0.0010499	0.0214082
-0.00215	-0.0010499	0.0196916
-0.0022	-0.0010499	0.0174981
-0.00225	-0.0010499	0.0154801
-0.0023	-0.0010499	0.0134812
-0.00235	-0.0010499	0.011406
-0.0024	-0.0010499	0.00952154
-0.00245	-0.0010499	0.00774387
-0.0025	-0.0010499	0.00620273
-0.00255	-0.0010499	0.00500873
-0.0026	-0.0010499	0.00414661
-0.00265	-0.0010499	0.00356676
-0.0027	-0.0010499	0.00323869
-0.00275	-0.0010499	0.00291444
-0.0028	-0.0010499	0.0026436
-0.00285	-0.0010499	0.0024109
-0.0029	-0.0010499	0.00218202
-0.00295	-0.0010499	0.00203325
-0.003	-0.0010499	0.00186921
-0.003	-0.0010999	0.00189973
-0.00295	-0.0010999	0.00197984
-0.0029	-0.0010999	0.00216676
-0.00285	-0.0010999	0.00232317
-0.0028	-0.0010999	0.00259782
-0.00275	-0.0010999	0.00283815
-0.0027	-0.0010999	0.00315095
-0.00265	-0.0010999	0.00354768
-0.0026	-0.0010999	0.00416949
-0.00255	-0.0010999	0.00503543
-0.0025	-0.0010999	0.00633624
-0.00245	-0.0010999	0.00804526
-0.0024	-0.0010999	0.00983053
-0.00235	-0.0010999	0.0116501
-0.0023	-0.0010999	0.0135575
-0.00225	-0.0010999	0.015297
-0.0022	-0.0010999	0.0170976
-0.00215	-0.0010999	0.0189172
-0.0021	-0.0010999	0.0203172
-0.00205	-0.0010999	0.0207063
-0.002	-0.0010999	0.020897
-0.00195	-0.0010999	0.0212823
-0.0019	-0.0010999	0.0220071
-0.00185	-0.0010999	0.0227472
-0.0018	-0.0010999	0.0236131
-0.00175	-0.0010999	0.0246888
-0.0017	-0.0010999	0.0252839
-0.00165	-0.0010999	0.0255281
-0.0016	-0.0010999	0.025345
-0.00155	-0.0010999	0.0245668
-0.0015	-0.0010999	0.022709
-0.00145	-0.0010999	0.0201417
-0.0014	-0.0010999	0.0173875
-0.00135	-0.0010999	0.014618
-0.0013	-0.0010999	0.0127259
-0.00125	-0.0010999	0.0107766
-0.0012	-0.0010999	0.00889975
-0.00115	-0.0010999	0.00769046
-0.0011	-0.0010999	0.00700381
-0.00105	-0.0010999	0.00658801
-0.001	-0.0010999	0.00634769
-0.00095	-0.0010999	0.00631717
-0.0009	-0.0010999	0.00519946
-0.00085	-0.0010999	0.00434497
-0.0008	-0.0010999	0.00403598
-0.00075	-0.0010999	0.0038376
-0.0007	-0.0010999	0.00373842
-0.00065	-0.0010999	0.00374986
-0.0006	-0.0010999	0.00374986
-0.00055	-0.0010999	0.00382997
-0.0005	-0.0010999	0.00400165
-0.00045	-0.0010999	0.00411609
-0.0004	-0.0010999	0.00451282
-0.00035	-0.0010999	0.00463489
-0.0003	-0.0010999	0.00448993
-0.00025	-0.0010999	0.00431064
-0.0002	-0.0010999	0.00443652
-0.00015	-0.0010999	0.00438693
-0.0001	-0.0010999	0.0044556
-5e-05	-0.0010999	0.0045853
0.0	-0.0010999	0.00480273
0.0	-0.0011499	0.00493625
-5e-05	-0.0011499	0.00479892
-0.0001	-0.0011499	0.00453952
-0.00015	-0.0011499	0.00429919
-0.0002	-0.0011499	0.00431827
-0.00025	-0.0011499	0.00431827
-0.0003	-0.0011499	0.00451663
-0.00035	-0.0011499	0.00452808
-0.0004	-0.0011499	0.00430682
-0.00045	-0.0011499	0.0040665
-0.0005	-0.0011499	0.00402835
-0.00055	-0.0011499	0.00374986
-0.0006	-0.0011499	0.00366594
-0.00065	-0.0011499	0.00356676
-0.0007	-0.0011499	0.00358965
-0.00075	-0.0011499	0.00363542
-0.0008	-0.0011499	0.00379945
-0.00085	-0.0011499	0.00415805
-0.0009	-0.0011499	0.00558093
-0.00095	-0.0011499	0.00589374
-0.001	-0.0011499	0.00591281
-0.00105	-0.0011499	0.00604251
-0.0011	-0.0011499	0.00631335
-0.00115	-0.0011499	0.00677875
-0.0012	-0.0011499	0.00764087
-0.00125	-0.0011499	0.00922781
-0.0013	-0.0011499	0.0111619
-0.00135	-0.0011499	0.0124894
-0.0014	-0.0011499	0.0145341
-0.00145	-0.0011499	0.0168992
-0.0015	-0.0011499	0.0192567
-0.00155	-0.0011499	0.0211564
-0.0016	-0.0011499	0.022175
-0.00165	-0.0011499	0.0224153
-0.0017	-0.0011499	0.0223123
-0.00175	-0.0011499	0.0220796
-0.0018	-0.0011499	0.0213624
-0.00185	-0.0011499	0.0206262
-0.0019	-0.0011499	0.0201417
-0.00195	-0.0011499	0.0196992
-0.002	-0.0011499	0.0193368
-0.00205	-0.0011499	0.0193063
-0.0021	-0.0011499	0.0192071
-0.00215	-0.0011499	0.0184556
-0.0022	-0.0011499	0.0171701
-0.00225	-0.0011499	0.0156976
-0.0023	-0.0011499	0.0141984
-0.00235	-0.0011499	0.0124627
-0.0024	-0.0011499	0.0106736
-0.00245	-0.0011499	0.00885016
-0.0025	-0.0011499	0.00717929
-0.00255	-0.0011499	0.00575259
-0.0026	-0.0011499	0.00455478
-0.00265	-0.0011499	0.00379945
-0.0027	-0.0011499	0.00328065
-0.00275	-0.0011499	0.00289537
-0.0028	-0.0011499	0.00263979
-0.00285	-0.0011499	0.00240327
-0.0029	-0.0011499	0.00221635
-0.00295	-0.0011499	0.00203325
-0.003	-0.0011499	0.00185395
-0.003	-0.0011999	0.00183869
-0.00295	-0.0011999	0.00200273
-0.0029	-0.0011999	0.00218965
-0.00285	-0.0011999	0.0024109
-0.0028	-0.0011999	0.00265504
-0.00275	-0.0011999	0.00289918
-0.0027	-0.0011999	0.00326158
-0.00265	-0.0011999	0.00379564
-0.0026	-0.0011999	0.00467303
-0.00255	-0.0011999	0.00585178
-0.0025	-0.0011999	0.00735858
-0.00245	-0.0011999	0.0089646
-0.0024	-0.0011999	0.0105668
-0.00235	-0.0011999	0.0122872
-0.0023	-0.0011999	0.013855
-0.00225	-0.0011999	0.0153695
-0.0022	-0.0011999	0.0167733
-0.00215	-0.0011999	0.0178682
-0.0021	-0.0011999	0.0183679
-0.00205	-0.0011999	0.0183793
-0.002	-0.0011999	0.0183412
-0.00195	-0.0011999	0.018406
-0.0019	-0.0011999	0.0185243
-0.00185	-0.0011999	0.0188409
-0.0018	-0.0011999	0.0193368
-0.00175	-0.0011999	0.0198098
-0.0017	-0.0011999	0.0200158
-0.00165	-0.0011999	0.020115
-0.0016	-0.0011999	0.0198785
-0.00155	-0.0011999	0.0189058
-0.0015	-0.0011999	0.0172426
-0.00145	-0.0011999	0.0152016
-0.0014	-0.0011999	0.0130997
-0.00135	-0.0011999	0.0112572
-0.0013	-0.0011999	0.0103455
-0.00125	-0.0011999	0.00864035
-0.0012	-0.0011999	0.0073128
-0.00115	-0.0011999	0.00657275
-0.0011	-0.0011999	0.00607303
-0.00105	-0.0011999	0.00586322
-0.001	-0.0011999	0.00566867
-0.00095	-0.0011999	0.00574878
-0.0009	-0.0011999	0.00581744
-0.00085	-0.0011999	0.00439838
-0.0008	-0.0011999	0.0038376
-0.00075	-0.0011999	0.00365831
-0.0007	-0.0011999	0.00352861
-0.00065	-0.0011999	0.00355913
-0.0006	-0.0011999	0.00366594
-0.00055	-0.0011999	0.00369646
-0.0005	-0.0011999	0.00390628
-0.00045	-0.0011999	0.00407794
-0.0004	-0.0011999	0.00423816
-0.00035	-0.0011999	0.0045853
-0.0003	-0.0011999	0.00442508
-0.00025	-0.0011999	0.00437549
-0.0002	-0.0011999	0.0043259
-0.00015	-0.0011999	0.00434116
-0.0001	-0.0011999	0.00435641
-5e-05	-0.0011999	0.00463489
0.0	-0.0011999	0.00489047
0.0	-0.0012499	0.00502017
-5e-05	-0.0012499	0.00512317
-0.0001	-0.0012499	0.00472644
-0.00015	-0.0012499	0.00438312
-0.0002	-0.0012499	0.00420764
-0.00025	-0.0012499	0.00418094
-0.0003	-0.0012499	0.00427631
-0.00035	-0.0012499	0.00459293
-0.0004	-0.0012499	0.00451663
-0.00045	-0.0012499	0.00440601
-0.0005	-0.0012499	0.0040932
-0.00055	-0.0012499	0.00380327
-0.0006	-0.0012499	0.00360872
-0.00065	-0.0012499	0.00355531
-0.0007	-0.0012499	0.00347139
-0.00075	-0.0012499	0.00354768
-0.0008	-0.0012499	0.00370409
-0.00085	-0.0012499	0.00411609
-0.0009	-0.0012499	0.00553134
-0.00095	-0.0012499	0.00559238
-0.001	-0.0012499	0.00555804
-0.00105	-0.0012499	0.00561908
-0.0011	-0.0012499	0.0056496
-0.00115	-0.0012499	0.00604632
-0.0012	-0.0012499	0.00656131
-0.00125	-0.0012499	0.00752643
-0.0013	-0.0012499	0.00897604
-0.00135	-0.0012499	0.00958639
-0.0014	-0.0012499	0.0109063
-0.00145	-0.0012499	0.012703
-0.0015	-0.0012499	0.0145074
-0.00155	-0.0012499	0.0161821
-0.0016	-0.0012499	0.017399
-0.00165	-0.0012499	0.0178643
-0.0017	-0.0012499	0.0178453
-0.00175	-0.0012499	0.0176889
-0.0018	-0.0012499	0.017418
-0.00185	-0.0012499	0.0170633
-0.0019	-0.0012499	0.0168611
-0.00195	-0.0012499	0.0169641
-0.002	-0.0012499	0.0169641
-0.00205	-0.0012499	0.0169984
-0.0021	-0.0012499	0.0170594
-0.00215	-0.0012499	0.0170785
-0.0022	-0.0012499	0.0165673
-0.00225	-0.0012499	0.0154839
-0.0023	-0.0012499	0.014103
-0.00235	-0.0012499	0.0127564
-0.0024	-0.0012499	0.0111809
-0.00245	-0.0012499	0.00951773
-0.0025	-0.0012499	0.00800329
-0.00255	-0.0012499	0.00649646
-0.0026	-0.0012499	0.00517657
-0.00265	-0.0012499	0.00415042
-0.0027	-0.0012499	0.00345995
-0.00275	-0.0012499	0.00300218
-0.0028	-0.0012499	0.00267412
-0.00285	-0.0012499	0.00245287
-0.0029	-0.0012499	0.00225069
-0.00295	-0.0012499	0.00204469
-0.003	-0.0012499	0.00186921
-0.003	-0.0012999	0.00182725
-0.00295	-0.0012999	0.00197221
-0.0029	-0.0012999	0.00218202
-0.00285	-0.0012999	0.00239183
-0.0028	-0.0012999	0.00259019
-0.00275	-0.0012999	0.00291444
-0.0027	-0.0012999	0.0033951
-0.00265	-0.0012999	0.00416949
-0.0026	-0.0012999	0.00521091
-0.00255	-0.0012999	0.00642779
-0.0025	-0.0012999	0.00777438
-0.00245	-0.0012999	0.00924689
-0.0024	-0.0012999	0.01083
-0.00235	-0.0012999	0.0122834
-0.0023	-0.0012999	0.0136529
-0.00225	-0.0012999	0.0148965
-0.0022	-0.0012999	0.0158769
-0.00215	-0.0012999	0.0161973
-0.0021	-0.0012999	0.0160257
-0.00205	-0.0012999	0.0157548
-0.002	-0.0012999	0.0157052
-0.00195	-0.0012999	0.0157624
-0.0019	-0.0012999	0.015709
-0.00185	-0.0012999	0.0158769
-0.0018	-0.0012999	0.0160638
-0.00175	-0.0012999	0.0162812
-0.0017	-0.0012999	0.0164224
-0.00165	-0.0012999	0.0164186
-0.0016	-0.0012999	0.0159341
-0.00155	-0.0012999	0.0147439
-0.0015	-0.0012999	0.0131798
-0.00145	-0.0012999	0.0116234
-0.0014	-0.0012999	0.00997931
-0.00135	-0.0012999	0.00860602
-0.0013	-0.0012999	0.00844198
-0.00125	-0.0012999	0.00737002
-0.0012	-0.0012999	0.00649646
-0.00115	-0.0012999	0.00595477
-0.0011	-0.0012999	0.00560001
-0.00105	-0.0012999	0.00543216
-0.001	-0.0012999	0.00543216
-0.00095	-0.0012999	0.0055733
-0.0009	-0.0012999	0.00548938
-0.00085	-0.0012999	0.00414279
-0.0008	-0.0012999	0.00369646
-0.00075	-0.0012999	0.00358965
-0.0007	-0.0012999	0.00346376
-0.00065	-0.0012999	0.00352098
-0.0006	-0.0012999	0.00360109
-0.00055	-0.0012999	0.00377275
-0.0005	-0.0012999	0.0041962
-0.00045	-0.0012999	0.00454333
-0.0004	-0.0012999	0.00432971
-0.00035	-0.0012999	0.00432971
-0.0003	-0.0012999	0.00418475
-0.00025	-0.0012999	0.0040932
-0.0002	-0.0012999	0.0040665
-0.00015	-0.0012999	0.00436404
-0.0001	-0.0012999	0.00472644
-5e-05	-0.0012999	0.00498584
0.0	-0.0012999	0.00503924
0.0	-0.0013499	0.00504687
-5e-05	-0.0013499	0.00504306
-0.0001	-0.0013499	0.00489047
-0.00015	-0.0013499	0.004612
-0.0002	-0.0013499	0.00420764
-0.00025	-0.0013499	0.0039368
-0.0003	-0.0013499	0.00399402
-0.00035	-0.0013499	0.00397113
-0.0004	-0.0013499	0.00403216
-0.00045	-0.0013499	0.00438693
-0.0005	-0.0013499	0.0040932
-0.00055	-0.0013499	0.00374986
-0.0006	-0.0013499	0.00362398
-0.00065	-0.0013499	0.00346376
-0.0007	-0.0013499	0.00337984
-0.00075	-0.0013499	0.00344087
-0.0008	-0.0013499	0.00350572
-0.00085	-0.0013499	0.00366975
-0.0009	-0.0013499	0.0041962
-0.00095	-0.0013499	0.00543979
-0.001	-0.0013499	0.00539783
-0.00105	-0.0013499	0.00543979
-0.0011	-0.0013499	0.00548938
-0.00115	-0.0013499	0.00569156
-0.0012	-0.0013499	0.00611499
-0.00125	-0.0013499	0.00677875
-0.0013	-0.0013499	0.00691989
-0.00135	-0.0013499	0.0071831
-0.0014	-0.0013499	0.0083428
-0.00145	-0.0013499	0.00977331
-0.0015	-0.0013499	0.0112
-0.00155	-0.0013499	0.0126382
-0.0016	-0.0013499	0.0137864
-0.00165	-0.0013499	0.0145341
-0.0017	-0.0013499	0.0147629
-0.00175	-0.0013499	0.0147591
-0.0018	-0.0013499	0.0146409
-0.00185	-0.0013499	0.0145226
-0.0019	-0.0013499	0.0144921
-0.00195	-0.0013499	0.0144921
-0.002	-0.0013499	0.014576
-0.00205	-0.0013499	0.014782
-0.0021	-0.0013499	0.0150567
-0.00215	-0.0013499	0.0154114
-0.0022	-0.0013499	0.0154725
-0.00225	-0.0013499	0.0149346
-0.0023	-0.0013499	0.0138474
-0.00235	-0.0013499	0.012642
-0.0024	-0.0013499	0.0112649
-0.00245	-0.0013499	0.00984961
-0.0025	-0.0013499	0.00844961
-0.00255	-0.0013499	0.00713733
-0.0026	-0.0013499	0.00585178
-0.00265	-0.0013499	0.004715
-0.0027	-0.0013499	0.00374605
-0.00275	-0.0013499	0.00307466
-0.0028	-0.0013499	0.00268175
-0.00285	-0.0013499	0.00239946
-0.0029	-0.0013499	0.00216295
-0.00295	-0.0013499	0.00198366
-0.003	-0.0013499	0.0017624
-0.003	-0.0013999	0.00173951
-0.00295	-0.0013999	0.00192643
-0.0029	-0.0013999	0.00214006
-0.00285	-0.0013999	0.00239183
-0.0028	-0.0013999	0.00265504
-0.00275	-0.0013999	0.00310899
-0.0027	-0.0013999	0.00384904
-0.00265	-0.0013999	0.0047684
-0.0026	-0.0013999	0.00590137
-0.00255	-0.0013999	0.00716022
-0.0025	-0.0013999	0.00840002
-0.00245	-0.0013999	0.00978857
-0.0024	-0.0013999	0.0111161
-0.00235	-0.0013999	0.012291
-0.0023	-0.0013999	0.0133858
-0.00225	-0.0013999	0.0142441
-0.0022	-0.0013999	0.0145913
-0.00215	-0.0013999	0.0145112
-0.0021	-0.0013999	0.0140458
-0.00205	-0.0013999	0.0137063
-0.002	-0.0013999	0.013424
-0.00195	-0.0013999	0.0132676
-0.0019	-0.0013999	0.0131302
-0.00185	-0.0013999	0.0131302
-0.0018	-0.0013999	0.0132294
-0.00175	-0.0013999	0.0133401
-0.0017	-0.0013999	0.0133973
-0.00165	-0.0013999	0.0132218
-0.0016	-0.0013999	0.0125313
-0.00155	-0.0013999	0.011467
-0.0015	-0.0013999	0.0102578
-0.00145	-0.0013999	0.00903708
-0.0014	-0.0013999	0.0077782
-0.00135	-0.0013999	0.00653461
-0.0013	-0.0013999	0.00575641
-0.00125	-0.0013999	0.00574496
-0.0012	-0.0013999	0.00606158
-0.00115	-0.0013999	0.005806
-0.0011	-0.0013999	0.00558856
-0.00105	-0.0013999	0.00551608
-0.001	-0.0013999	0.00553897
-0.00095	-0.0013999	0.00461963
-0.0009	-0.0013999	0.00387956
-0.00085	-0.0013999	0.00356294
-0.0008	-0.0013999	0.00348665
-0.00075	-0.0013999	0.00345613
-0.0007	-0.0013999	0.00337221
-0.00065	-0.0013999	0.00339891
-0.0006	-0.0013999	0.00345995
-0.00055	-0.0013999	0.0036812
-0.0005	-0.0013999	0.00390628
-0.00045	-0.0013999	0.00404742
-0.0004	-0.0013999	0.0039902
-0.00035	-0.0013999	0.00377275
-0.0003	-0.0013999	0.00375749
-0.00025	-0.0013999	0.00380708
-0.0002	-0.0013999	0.00405505
-0.00015	-0.0013999	0.00440219
-0.0001	-0.0013999	0.00470737
-5e-05	-0.0013999	0.00492862
0.0	-0.0013999	0.0048447
0.0	-0.0014499	0.0047684
-5e-05	-0.0014499	0.00477603
-0.0001	-0.0014499	0.0047417
-0.00015	-0.0014499	0.00448611
-0.0002	-0.0014499	0.00411609
-0.00025	-0.0014499	0.00384904
-0.0003	-0.0014499	0.00348283
-0.00035	-0.0014499	0.00356676
-0.0004	-0.0014499	0.00378038
-0.00045	-0.0014499	0.00377275
-0.0005	-0.0014499	0.00376512
-0.00055	-0.0014499	0.00374223
-0.0006	-0.0014499	0.00335313
-0.00065	-0.0014499	0.00336458
-0.0007	-0.0014499	0.00332262
-0.00075	-0.0014499	0.00348283
-0.0008	-0.0014499	0.0034485
-0.00085	-0.0014499	0.00343706
-0.0009	-0.0014499	0.00344087
-0.00095	-0.0014499	0.00369646
-0.001	-0.0014499	0.00403216
-0.00105	-0.0014499	0.0044556
-0.0011	-0.0014499	0.00492862
-0.00115	-0.0014499	0.0047417
-0.0012	-0.0014499	0.00459293
-0.00125	-0.0014499	0.00455096
-0.0013	-0.0014499	0.00488284
-0.00135	-0.0014499	0.00558475
-0.0014	-0.0014499	0.0065842
-0.00145	-0.0014499	0.00773624
-0.0015	-0.0014499	0.00885016
-0.00155	-0.0014499	0.0099526
-0.0016	-0.0014499	0.0109597
-0.00165	-0.0014499	0.011757
-0.0017	-0.0014499	0.0121422
-0.00175	-0.0014499	0.0121728
-0.0018	-0.0014499	0.0121117
-0.00185	-0.0014499	0.0120049
-0.0019	-0.0014499	0.0120087
-0.00195	-0.0014499	0.0121041
-0.002	-0.0014499	0.0122529
-0.00205	-0.0014499	0.012455
-0.0021	-0.0014499	0.0127373
-0.00215	-0.0014499	0.0130349
-0.0022	-0.0014499	0.0132561
-0.00225	-0.0014499	0.0132676
-0.0023	-0.0014499	0.0127679
-0.00235	-0.0014499	0.0118638
-0.0024	-0.0014499	0.0109292
-0.00245	-0.0014499	0.00992209
-0.0025	-0.0014499	0.00875098
-0.00255	-0.0014499	0.00745013
-0.0026	-0.0014499	0.00618365
-0.00265	-0.0014499	0.00510409
-0.0027	-0.0014499	0.0040932
-0.00275	-0.0014499	0.00328828
-0.0028	-0.0014499	0.00270082
-0.00285	-0.0014499	0.00231172
-0.0029	-0.0014499	0.00202562
-0.00295	-0.0014499	0.00183106
-0.003	-0.0014499	0.0016594
-0.003	-0.0014999	0.0016327
-0.00295	-0.0014999	0.0017891
-0.0029	-0.0014999	0.0019951
-0.00285	-0.0014999	0.00226976
-0.0028	-0.0014999	0.00270845
-0.00275	-0.0014999	0.00333788
-0.0027	-0.0014999	0.0041962
-0.00265	-0.0014999	0.00515369
-0.0026	-0.0014999	0.00616077
-0.00255	-0.0014999	0.00739291
-0.0025	-0.0014999	0.00856787
-0.00245	-0.0014999	0.00971609
-0.0024	-0.0014999	0.0106393
-0.00235	-0.0014999	0.011406
-0.0023	-0.0014999	0.0120926
-0.00225	-0.0014999	0.0125161
-0.0022	-0.0014999	0.0124894
-0.00215	-0.0014999	0.0122719
-0.0021	-0.0014999	0.0120125
-0.00205	-0.0014999	0.01186
-0.002	-0.0014999	0.011654
-0.00195	-0.0014999	0.0115052
-0.0019	-0.0014999	0.0113335
-0.00185	-0.0014999	0.0112229
-0.0018	-0.0014999	0.0112572
-0.00175	-0.0014999	0.0112534
-0.0017	-0.0014999	0.0112496
-0.00165	-0.0014999	0.0108071
-0.0016	-0.0014999	0.0100136
-0.00155	-0.0014999	0.00911719
-0.0015	-0.0014999	0.00814062
-0.00145	-0.0014999	0.00717548
-0.0014	-0.0014999	0.00612643
-0.00135	-0.0014999	0.00524142
-0.0013	-0.0014999	0.00455478
-0.00125	-0.0014999	0.00412753
-0.0012	-0.0014999	0.00389864
-0.00115	-0.0014999	0.00377657
-0.0011	-0.0014999	0.00376512
-0.00105	-0.0014999	0.00371172
-0.001	-0.0014999	0.00356294
-0.00095	-0.0014999	0.00341417
-0.0009	-0.0014999	0.00340654
-0.00085	-0.0014999	0.00337984
-0.0008	-0.0014999	0.00342943
-0.00075	-0.0014999	0.00348283
-0.0007	-0.0014999	0.00333406
-0.00065	-0.0014999	0.00334169
-0.0006	-0.0014999	0.00337984
-0.00055	-0.0014999	0.00365449
-0.0005	-0.0014999	0.00351335
-0.00045	-0.0014999	0.00362016
-0.0004	-0.0014999	0.0035248
-0.00035	-0.0014999	0.00337602
-0.0003	-0.0014999	0.00340654
-0.00025	-0.0014999	0.00366594
-0.0002	-0.0014999	0.00405887
-0.00015	-0.0014999	0.00431064
-0.0001	-0.0014999	0.00456241
-5e-05	-0.0014999	0.00465778
0.0	-0.0014999	0.00465015
0.0	-0.0015499	0.00458148
-5e-05	-0.0015499	0.00444797
-0.0001	-0.0015499	0.00434878
-0.00015	-0.0015499	0.00425342
-0.0002	-0.0015499	0.00401309
-0.00025	-0.0015499	0.00361635
-0.0003	-0.0015499	0.00334932
-0.00035	-0.0015499	0.00313951
-0.0004	-0.0015499	0.00320818
-0.00045	-0.0015499	0.00328447
-0.0005	-0.0015499	0.00323106
-0.00055	-0.0015499	0.00350572
-0.0006	-0.0015499	0.00328828
-0.00065	-0.0015499	0.00313951
-0.0007	-0.0015499	0.00312807
-0.00075	-0.0015499	0.00335695
-0.0008	-0.0015499	0.00329973
-0.00085	-0.0015499	0.00330354
-0.0009	-0.0015499	0.00323869
-0.00095	-0.0015499	0.0032158
-0.001	-0.0015499	0.00327303
-0.00105	-0.0015499	0.00329591
-0.0011	-0.0015499	0.00333788
-0.00115	-0.0015499	0.00336839
-0.0012	-0.0015499	0.00349046
-0.00125	-0.0015499	0.00364687
-0.0013	-0.0015499	0.00399783
-0.00135	-0.0015499	0.00453189
-0.0014	-0.0015499	0.00528339
-0.00145	-0.0015499	0.00620273
-0.0015	-0.0015499	0.00708774
-0.00155	-0.0015499	0.00790793
-0.0016	-0.0015499	0.0087586
-0.00165	-0.0015499	0.00945669
-0.0017	-0.0015499	0.0100098
-0.00175	-0.0015499	0.0102502
-0.0018	-0.0015499	0.0102654
-0.00185	-0.0015499	0.0101929
-0.0019	-0.0015499	0.0102692
-0.00195	-0.0015499	0.0105744
-0.002	-0.0015499	0.0107384
-0.00205	-0.0015499	0.0109292
-0.0021	-0.0015499	0.0110779
-0.00215	-0.0015499	0.0113946
-0.0022	-0.0015499	0.0116158
-0.00225	-0.0015499	0.0118256
-0.0023	-0.0015499	0.0118485
-0.00235	-0.0015499	0.0113946
-0.0024	-0.0015499	0.0107422
-0.00245	-0.0015499	0.00992209
-0.0025	-0.0015499	0.00890738
-0.00255	-0.0015499	0.00773624
-0.0026	-0.0015499	0.00671008
-0.00265	-0.0015499	0.00572971
-0.0027	-0.0015499	0.00471881
-0.00275	-0.0015499	0.00378419
-0.0028	-0.0015499	0.00299837
-0.00285	-0.0015499	0.00242616
-0.0029	-0.0015499	0.0020218
-0.00295	-0.0015499	0.00179292
-0.003	-0.0015499	0.00160981
-0.003	-0.0015999	0.00156403
-0.00295	-0.0015999	0.00173951
-0.0029	-0.0015999	0.00197603
-0.00285	-0.0015999	0.00236513
-0.0028	-0.0015999	0.0029297
-0.00275	-0.0015999	0.00370409
-0.0027	-0.0015999	0.00456622
-0.00265	-0.0015999	0.00548556
-0.0026	-0.0015999	0.00642398
-0.00255	-0.0015999	0.00742725
-0.0025	-0.0015999	0.00837332
-0.00245	-0.0015999	0.00917441
-0.0024	-0.0015999	0.00980383
-0.00235	-0.0015999	0.0103531
-0.0023	-0.0015999	0.0107003
-0.00225	-0.0015999	0.0106774
-0.0022	-0.0015999	0.0104752
-0.00215	-0.0015999	0.0102463
-0.0021	-0.0015999	0.00999838
-0.00205	-0.0015999	0.00984579
-0.002	-0.0015999	0.0097428
-0.00195	-0.0015999	0.00954062
-0.0019	-0.0015999	0.00926977
-0.00185	-0.0015999	0.009121
-0.0018	-0.0015999	0.00919348
-0.00175	-0.0015999	0.00916678
-0.0017	-0.0015999	0.00904852
-0.00165	-0.0015999	0.00850302
-0.0016	-0.0015999	0.00788122
-0.00155	-0.0015999	0.0071564
-0.0015	-0.0015999	0.00640872
-0.00145	-0.0015999	0.00558856
-0.0014	-0.0015999	0.004715
-0.00135	-0.0015999	0.00402454
-0.0013	-0.0015999	0.00352861
-0.00125	-0.0015999	0.00320055
-0.0012	-0.0015999	0.00301363
-0.00115	-0.0015999	0.00293352
-0.0011	-0.0015999	0.00288393
-0.00105	-0.0015999	0.00282289
-0.001	-0.0015999	0.00281908
-0.00095	-0.0015999	0.00282289
-0.0009	-0.0015999	0.00282289
-0.00085	-0.0015999	0.0028763
-0.0008	-0.0015999	0.00287248
-0.00075	-0.0015999	0.00317384
-0.0007	-0.0015999	0.00281526
-0.00065	-0.0015999	0.0027733
-0.0006	-0.0015999	0.00286867
-0.00055	-0.0015999	0.0029297
-0.0005	-0.0015999	0.00284196
-0.00045	-0.0015999	0.00282289
-0.0004	-0.0015999	0.00281145
-0.00035	-0.0015999	0.00281908
-0.0003	-0.0015999	0.00291063
-0.00025	-0.0015999	0.00314714
-0.0002	-0.0015999	0.00345613
-0.00015	-0.0015999	0.00371553
-0.0001	-0.0015999	0.00382997
-5e-05	-0.0015999	0.00399783
0.0	-0.0015999	0.00403979
0.0	-0.0016499	0.00398639
-5e-05	-0.0016499	0.00376894
-0.0001	-0.0016499	0.00369646
-0.00015	-0.0016499	0.00361635
-0.0002	-0.0016499	0.00347139
-0.00025	-0.0016499	0.00325014
-0.0003	-0.0016499	0.00302126
-0.00035	-0.0016499	0.00284578
-0.0004	-0.0016499	0.0027466
-0.00045	-0.0016499	0.00282671
-0.0005	-0.0016499	0.00283433
-0.00055	-0.0016499	0.00280382
-0.0006	-0.0016499	0.00281526
-0.00065	-0.0016499	0.00276949
-0.0007	-0.0016499	0.00284196
-0.00075	-0.0016499	0.00305559
-0.0008	-0.0016499	0.00285722
-0.00085	-0.0016499	0.00285341
-0.0009	-0.0016499	0.00279237
-0.00095	-0.0016499	0.00273897
-0.001	-0.0016499	0.0027466
-0.00105	-0.0016499	0.00274278
-0.0011	-0.0016499	0.00278474
-0.00115	-0.0016499	0.00280382
-0.0012	-0.0016499	0.00283815
-0.00125	-0.0016499	0.00300218
-0.0013	-0.0016499	0.00323869
-0.00135	-0.0016499	0.00360109
-0.0014	-0.0016499	0.00410846
-0.00145	-0.0016499	0.00481418
-0.0015	-0.0016499	0.00553516
-0.00155	-0.0016499	0.00622943
-0.0016	-0.0016499	0.00686267
-0.00165	-0.0016499	0.00747302
-0.0017	-0.0016499	0.00802237
-0.00175	-0.0016499	0.00835043
-0.0018	-0.0016499	0.00840384
-0.00185	-0.0016499	0.00843817
-0.0019	-0.0016499	0.00851828
-0.00195	-0.0016499	0.00871664
-0.002	-0.0016499	0.00890738
-0.00205	-0.0016499	0.00895315
-0.0021	-0.0016499	0.00907904
-0.00215	-0.0016499	0.00914389
-0.0022	-0.0016499	0.00939566
-0.00225	-0.0016499	0.00955588
-0.0023	-0.0016499	0.00965124
-0.00235	-0.0016499	0.00951773
-0.0024	-0.0016499	0.00907904
-0.00245	-0.0016499	0.00843817
-0.0025	-0.0016499	0.0078049
-0.00255	-0.0016499	0.00706866
-0.0026	-0.0016499	0.00617602
-0.00265	-0.0016499	0.00534442
-0.0027	-0.0016499	0.00447085
-0.00275	-0.0016499	0.00368501
-0.0028	-0.0016499	0.00295641
-0.00285	-0.0016499	0.00234987
-0.0029	-0.0016499	0.00194169
-0.00295	-0.0016499	0.00162507
-0.003	-0.0016499	0.00143815
-0.003	-0.0016999	0.00142289
-0.00295	-0.0016999	0.00158692
-0.0029	-0.0016999	0.00192643
-0.00285	-0.0016999	0.00240709
-0.0028	-0.0016999	0.0030327
-0.00275	-0.0016999	0.00377275
-0.0027	-0.0016999	0.00455859
-0.00265	-0.0016999	0.00542071
-0.0026	-0.0016999	0.00633624
-0.00255	-0.0016999	0.007103
-0.0025	-0.0016999	0.00779346
-0.00245	-0.0016999	0.00838858
-0.0024	-0.0016999	0.00887305
-0.00235	-0.0016999	0.00919729
-0.0023	-0.0016999	0.00926977
-0.00225	-0.0016999	0.00915152
-0.0022	-0.0016999	0.00894171
-0.00215	-0.0016999	0.00868994
-0.0021	-0.0016999	0.00856787
-0.00205	-0.0016999	0.00848013
-0.002	-0.0016999	0.00836951
-0.00195	-0.0016999	0.00813299
-0.0019	-0.0016999	0.00795752
-0.00185	-0.0016999	0.00793844
-0.0018	-0.0016999	0.00786215
-0.00175	-0.0016999	0.00777438
-0.0017	-0.0016999	0.00746158
-0.00165	-0.0016999	0.00694659
-0.0016	-0.0016999	0.00638202
-0.00155	-0.0016999	0.00573733
-0.0015	-0.0016999	0.00512317
-0.00145	-0.0016999	0.00444797
-0.0014	-0.0016999	0.00379182
-0.00135	-0.0016999	0.00334169
-0.0013	-0.0016999	0.00299074
-0.00125	-0.0016999	0.00277711
-0.0012	-0.0016999	0.0026436
-0.00115	-0.0016999	0.00259782
-0.0011	-0.0016999	0.00255968
-0.00105	-0.0016999	0.00256349
-0.001	-0.0016999	0.0025139
-0.00095	-0.0016999	0.00258638
-0.0009	-0.0016999	0.0026169
-0.00085	-0.0016999	0.00263216
-0.0008	-0.0016999	0.00263216
-0.00075	-0.0016999	0.00267793
-0.0007	-0.0016999	0.00263979
-0.00065	-0.0016999	0.00269319
-0.0006	-0.0016999	0.00266649
-0.00055	-0.0016999	0.00262834
-0.0005	-0.0016999	0.00276949
-0.00045	-0.0016999	0.00273515
-0.0004	-0.0016999	0.00270082
-0.00035	-0.0016999	0.00273515
-0.0003	-0.0016999	0.00291826
-0.00025	-0.0016999	0.00322725
-0.0002	-0.0016999	0.00333788
-0.00015	-0.0016999	0.00346757
-0.0001	-0.0016999	0.00365831
-5e-05	-0.0016999	0.00380327
0.0	-0.0016999	0.00410464
0.0	-0.0017499	0.00432971
-5e-05	-0.0017499	0.00398257
-0.0001	-0.0017499	0.00361635
-0.00015	-0.0017499	0.0034218
-0.0002	-0.0017499	0.00333025
-0.00025	-0.0017499	0.00316621
-0.0003	-0.0017499	0.00294115
-0.00035	-0.0017499	0.00273515
-0.0004	-0.0017499	0.00259782
-0.00045	-0.0017499	0.00257875
-0.0005	-0.0017499	0.00258638
-0.00055	-0.0017499	0.00255586
-0.0006	-0.0017499	0.00252534
-0.00065	-0.0017499	0.00253679
-0.0007	-0.0017499	0.00259019
-0.00075	-0.0017499	0.00263979
-0.0008	-0.0017499	0.00258638
-0.00085	-0.0017499	0.00259019
-0.0009	-0.0017499	0.00254823
-0.00095	-0.0017499	0.00254442
-0.001	-0.0017499	0.0024872
-0.00105	-0.0017499	0.00247957
-0.0011	-0.0017499	0.00247194
-0.00115	-0.0017499	0.00253679
-0.0012	-0.0017499	0.00259782
-0.00125	-0.0017499	0.00269319
-0.0013	-0.0017499	0.00281526
-0.00135	-0.0017499	0.00309373
-0.0014	-0.0017499	0.00345613
-0.00145	-0.0017499	0.00391391
-0.0015	-0.0017499	0.004509
-0.00155	-0.0017499	0.00517276
-0.0016	-0.0017499	0.00572208
-0.00165	-0.0017499	0.00629428
-0.0017	-0.0017499	0.00686267
-0.00175	-0.0017499	0.00726703
-0.0018	-0.0017499	0.00748828
-0.00185	-0.0017499	0.00749972
-0.0019	-0.0017499	0.00749591
-0.00195	-0.0017499	0.00761035
-0.002	-0.0017499	0.00783926
-0.00205	-0.0017499	0.00798804
-0.0021	-0.0017499	0.00803381
-0.00215	-0.0017499	0.00812155
-0.0022	-0.0017499	0.00824362
-0.00225	-0.0017499	0.00842291
-0.0023	-0.0017499	0.00850683
-0.00235	-0.0017499	0.00852209
-0.0024	-0.0017499	0.00830847
-0.00245	-0.0017499	0.0079003
-0.0025	-0.0017499	0.00741199
-0.00255	-0.0017499	0.00683215
-0.0026	-0.0017499	0.00618365
-0.00265	-0.0017499	0.00542453
-0.0027	-0.0017499	0.00466159
-0.00275	-0.0017499	0.00397113
-0.0028	-0.0017499	0.00324632
-0.00285	-0.0017499	0.0026169
-0.0029	-0.0017499	0.00210573
-0.00295	-0.0017499	0.00171281
-0.003	-0.0017499	0.00144959
-0.003	-0.0017999	0.00147248
-0.00295	-0.0017999	0.00168992
-0.0029	-0.0017999	0.0020714
-0.00285	-0.0017999	0.00257875
-0.0028	-0.0017999	0.0031624
-0.00275	-0.0017999	0.00378801
-0.0027	-0.0017999	0.00441363
-0.00265	-0.0017999	0.00507358
-0.0026	-0.0017999	0.00571826
-0.00255	-0.0017999	0.00625232
-0.0025	-0.0017999	0.00665286
-0.00245	-0.0017999	0.00699618
-0.0024	-0.0017999	0.00727847
-0.00235	-0.0017999	0.00739291
-0.0023	-0.0017999	0.00732806
-0.00225	-0.0017999	0.00719455
-0.0022	-0.0017999	0.00700381
-0.00215	-0.0017999	0.00696185
-0.0021	-0.0017999	0.00693515
-0.00205	-0.0017999	0.00693515
-0.002	-0.0017999	0.00675967
-0.00195	-0.0017999	0.00659564
-0.0019	-0.0017999	0.00652698
-0.00185	-0.0017999	0.00653461
-0.0018	-0.0017999	0.00652698
-0.00175	-0.0017999	0.00641635
-0.0017	-0.0017999	0.00604632
-0.00165	-0.0017999	0.00557712
-0.0016	-0.0017999	0.00508502
-0.00155	-0.0017999	0.00458148
-0.0015	-0.0017999	0.00404742
-0.00145	-0.0017999	0.00350954
-0.0014	-0.0017999	0.00304033
-0.00135	-0.0017999	0.0028
-0.0013	-0.0017999	0.00258638
-0.00125	-0.0017999	0.00246812
-0.0012	-0.0017999	0.00243379
-0.00115	-0.0017999	0.00232317
-0.0011	-0.0017999	0.00226213
-0.00105	-0.0017999	0.00226976
-0.001	-0.0017999	0.00229646
-0.00095	-0.0017999	0.00232317
-0.0009	-0.0017999	0.00236513
-0.00085	-0.0017999	0.00237657
-0.0008	-0.0017999	0.00241472
-0.00075	-0.0017999	0.00242998
-0.0007	-0.0017999	0.00240327
-0.00065	-0.0017999	0.0024109
-0.0006	-0.0017999	0.00232317
-0.00055	-0.0017999	0.00230028
-0.0005	-0.0017999	0.00233842
-0.00045	-0.0017999	0.0023575
-0.0004	-0.0017999	0.0023575
-0.00035	-0.0017999	0.0025406
-0.0003	-0.0017999	0.00267412
-0.00025	-0.0017999	0.00289156
-0.0002	-0.0017999	0.00299837
-0.00015	-0.0017999	0.00312044
-0.0001	-0.0017999	0.00326158
-5e-05	-0.0017999	0.00365831
0.0	-0.0017999	0.0042229
0.0	-0.0018499	0.00476459
-5e-05	-0.0018499	0.0042229
-0.0001	-0.0018499	0.00364305
-0.00015	-0.0018499	0.00330354
-0.0002	-0.0018499	0.0031624
-0.00025	-0.0018499	0.00307466
-0.0003	-0.0018499	0.00289156
-0.00035	-0.0018499	0.00269319
-0.0004	-0.0018499	0.00247957
-0.00045	-0.0018499	0.00241472
-0.0005	-0.0018499	0.00238802
-0.00055	-0.0018499	0.00231172
-0.0006	-0.0018499	0.00233079
-0.00065	-0.0018499	0.00237276
-0.0007	-0.0018499	0.00239183
-0.00075	-0.0018499	0.00236131
-0.0008	-0.0018499	0.00236513
-0.00085	-0.0018499	0.00231554
-0.0009	-0.0018499	0.00230409
-0.00095	-0.0018499	0.0022812
-0.001	-0.0018499	0.00222398
-0.00105	-0.0018499	0.00218965
-0.0011	-0.0018499	0.00214769
-0.00115	-0.0018499	0.00216295
-0.0012	-0.0018499	0.00225832
-0.00125	-0.0018499	0.00233461
-0.0013	-0.0018499	0.00242998
-0.00135	-0.0018499	0.00262834
-0.0014	-0.0018499	0.00288393
-0.00145	-0.0018499	0.0032158
-0.0015	-0.0018499	0.00366212
-0.00155	-0.0018499	0.0041962
-0.0016	-0.0018499	0.00472644
-0.00165	-0.0018499	0.00521854
-0.0017	-0.0018499	0.00563052
-0.00175	-0.0018499	0.00601962
-0.0018	-0.0018499	0.00625613
-0.00185	-0.0018499	0.00629047
-0.0019	-0.0018499	0.00622562
-0.00195	-0.0018499	0.00620273
-0.002	-0.0018499	0.00627139
-0.00205	-0.0018499	0.00643161
-0.0021	-0.0018499	0.00645068
-0.00215	-0.0018499	0.00641635
-0.0022	-0.0018499	0.00639346
-0.00225	-0.0018499	0.00643542
-0.0023	-0.0018499	0.00657275
-0.00235	-0.0018499	0.00664905
-0.0024	-0.0018499	0.00667194
-0.00245	-0.0018499	0.00651935
-0.0025	-0.0018499	0.00615314
-0.00255	-0.0018499	0.005806
-0.0026	-0.0018499	0.00543216
-0.00265	-0.0018499	0.00497821
-0.0027	-0.0018499	0.00440219
-0.00275	-0.0018499	0.00379182
-0.0028	-0.0018499	0.00320436
-0.00285	-0.0018499	0.0026436
-0.0029	-0.0018499	0.00215532
-0.00295	-0.0018499	0.00177003
-0.003	-0.0018499	0.00149155
-0.003	-0.0019	0.00148011
-0.00295	-0.0019	0.00175095
-0.0029	-0.0019	0.00213625
-0.00285	-0.0019	0.00261308
-0.0028	-0.0019	0.00311281
-0.00275	-0.0019	0.00365068
-0.0027	-0.0019	0.0041962
-0.00265	-0.0019	0.00469974
-0.0026	-0.0019	0.00508884
-0.00255	-0.0019	0.0053902
-0.0025	-0.0019	0.00566486
-0.00245	-0.0019	0.00593951
-0.0024	-0.0019	0.00605777
-0.00235	-0.0019	0.00604251
-0.0023	-0.0019	0.00592044
-0.00225	-0.0019	0.00576785
-0.0022	-0.0019	0.00574115
-0.00215	-0.0019	0.00579074
-0.0021	-0.0019	0.005806
-0.00205	-0.0019	0.00577167
-0.002	-0.0019	0.00558475
-0.00195	-0.0019	0.00554278
-0.0019	-0.0019	0.00569919
-0.00185	-0.0019	0.00575259
-0.0018	-0.0019	0.00566104
-0.00175	-0.0019	0.00538638
-0.0017	-0.0019	0.00499347
-0.00165	-0.0019	0.00458911
-0.0016	-0.0019	0.00421146
-0.00155	-0.0019	0.00378038
-0.0015	-0.0019	0.00325014
-0.00145	-0.0019	0.00284959
-0.0014	-0.0019	0.00257494
-0.00135	-0.0019	0.00233461
-0.0013	-0.0019	0.00218202
-0.00125	-0.0019	0.00210191
-0.0012	-0.0019	0.00203325
-0.00115	-0.0019	0.00197221
-0.0011	-0.0019	0.00197984
-0.00105	-0.0019	0.00202562
-0.001	-0.0019	0.00206758
-0.00095	-0.0019	0.0020981
-0.0009	-0.0019	0.00212862
-0.00085	-0.0019	0.00216295
-0.0008	-0.0019	0.00218965
-0.00075	-0.0019	0.00220872
-0.0007	-0.0019	0.00218965
-0.00065	-0.0019	0.00224306
-0.0006	-0.0019	0.00223924
-0.00055	-0.0019	0.00213625
-0.0005	-0.0019	0.0022011
-0.00045	-0.0019	0.00224306
-0.0004	-0.0019	0.00239183
-0.00035	-0.0019	0.00258638
-0.0003	-0.0019	0.00277711
-0.00025	-0.0019	0.00291826
-0.0002	-0.0019	0.00297548
-0.00015	-0.0019	0.00318529
-0.0001	-0.0019	0.00370409
-5e-05	-0.0019	0.00444034
0.0	-0.0019	0.0051575
0.0	-0.0019499	0.00576785
-5e-05	-0.0019499	0.00506595
-0.0001	-0.0019499	0.00421146
-0.00015	-0.0019499	0.00349428
-0.0002	-0.0019499	0.0030861
-0.00025	-0.0019499	0.00296785
-0.0003	-0.0019499	0.00286867
-0.00035	-0.0019499	0.00272752
-0.0004	-0.0019499	0.00249864
-0.00045	-0.0019499	0.00227357
-0.0005	-0.0019499	0.00217439
-0.00055	-0.0019499	0.00205614
-0.0006	-0.0019499	0.00211717
-0.00065	-0.0019499	0.00214006
-0.0007	-0.0019499	0.0021515
-0.00075	-0.0019499	0.00213625
-0.0008	-0.0019499	0.00214769
-0.00085	-0.0019499	0.0021248
-0.0009	-0.0019499	0.00210954
-0.00095	-0.0019499	0.00204851
-0.001	-0.0019499	0.00201799
-0.00105	-0.0019499	0.00199129
-0.0011	-0.0019499	0.00196458
-0.00115	-0.0019499	0.00192643
-0.0012	-0.0019499	0.00195695
-0.00125	-0.0019499	0.00202943
-0.0013	-0.0019499	0.00209047
-0.00135	-0.0019499	0.00219347
-0.0014	-0.0019499	0.00238039
-0.00145	-0.0019499	0.00262834
-0.0015	-0.0019499	0.00296403
-0.00155	-0.0019499	0.00340272
-0.0016	-0.0019499	0.00385286
-0.00165	-0.0019499	0.00424579
-0.0017	-0.0019499	0.0046387
-0.00175	-0.0019499	0.0050011
-0.0018	-0.0019499	0.0053139
-0.00185	-0.0019499	0.00546649
-0.0019	-0.0019499	0.00539401
-0.00195	-0.0019499	0.00531772
-0.002	-0.0019499	0.00524905
-0.00205	-0.0019499	0.00529864
-0.0021	-0.0019499	0.00535586
-0.00215	-0.0019499	0.00533298
-0.0022	-0.0019499	0.00525668
-0.00225	-0.0019499	0.00521091
-0.0023	-0.0019499	0.00529483
-0.00235	-0.0019499	0.00540927
-0.0024	-0.0019499	0.00550082
-0.00245	-0.0019499	0.00545886
-0.0025	-0.0019499	0.00530627
-0.00255	-0.0019499	0.00508121
-0.0026	-0.0019499	0.00485232
-0.00265	-0.0019499	0.00459293
-0.0027	-0.0019499	0.00417712
-0.00275	-0.0019499	0.00368883
-0.0028	-0.0019499	0.0031891
-0.00285	-0.0019499	0.00272752
-0.0029	-0.0019499	0.0022812
-0.00295	-0.0019499	0.00190736
-0.003	-0.0019499	0.00153733
-0.003	-0.002	0.00159074
-0.00295	-0.002	0.00186921
-0.0029	-0.002	0.00223924
-0.00285	-0.002	0.00265504
-0.0028	-0.002	0.00311281
-0.00275	-0.002	0.00353624
-0.0027	-0.002	0.00395969
-0.00265	-0.002	0.0042496
-0.0026	-0.002	0.00448993
-0.00255	-0.002	0.00469211
-0.0025	-0.002	0.00488666
-0.00245	-0.002	0.00504306
-0.0024	-0.002	0.00506976
-0.00235	-0.002	0.00504687
-0.0023	-0.002	0.00497821
-0.00225	-0.002	0.00493625
-0.0022	-0.002	0.00499347
-0.00215	-0.002	0.00510409
-0.0021	-0.002	0.00512698
-0.00205	-0.002	0.00506213
-0.002	-0.002	0.00509647
-0.00195	-0.002	0.00518802
-0.0019	-0.002	0.00527957
-0.00185	-0.002	0.00529864
-0.0018	-0.002	0.00517276
-0.00175	-0.002	0.00489047
-0.0017	-0.002	0.00446704
-0.00165	-0.002	0.00412372
-0.0016	-0.002	0.00374605
-0.00155	-0.002	0.00329973
-0.0015	-0.002	0.002903
-0.00145	-0.002	0.00258638
-0.0014	-0.002	0.00236513
-0.00135	-0.002	0.00217821
-0.0013	-0.002	0.00205995
-0.00125	-0.002	0.0019951
-0.0012	-0.002	0.0019455
-0.00115	-0.002	0.00190354
-0.0011	-0.002	0.00196458
-0.00105	-0.002	0.00195314
-0.001	-0.002	0.00202943
-0.00095	-0.002	0.00204469
-0.0009	-0.002	0.00209428
-0.00085	-0.002	0.00216676
-0.0008	-0.002	0.00217058
-0.00075	-0.002	0.00217058
-0.0007	-0.002	0.00214006
-0.00065	-0.002	0.00214387
-0.0006	-0.002	0.00211717
-0.00055	-0.002	0.00211336
-0.0005	-0.002	0.00224306
-0.00045	-0.002	0.00240709
-0.0004	-0.002	0.00268175
-0.00035	-0.002	0.00287248
-0.0003	-0.002	0.00301744
-0.00025	-0.002	0.00311281
-0.0002	-0.002	0.00337221
-0.00015	-0.002	0.00399402
-0.0001	-0.002	0.00497821
-5e-05	-0.002	0.00602344
0.0	-0.002	0.00669482
