Your edit line - do NOT delete this line
X-pos [um], Y-pos [um], Max voltage [V]
-100	0.0	0.49149
-200	-200.0	0.49149
-100	-400.0	0.32301
0	-600.0	0.06105
100	-800.0	0.02859
100	-1000.0	0.02808
100	-1200.0	0.02862
0	-1400.0	0.03189
0	-1600.0	0.0321
0	-1800.0	0.02391
0	-2000.0	0.01509
0	-2200.0	0.01077
-100	-2400.0	0.00879
-200	-2600.0	0.00795
-200	-2800.0	0.0066
0	-3000.0	0.00621
-200	-3200.0	0.00549
-300	-3400.0	0.00516
-300	-3600.0	0.00471
0	-3800.0	0.00453
-200	-4000.0	0.00435

Y_new [um], Max voltage [V]
0.0	0.49149
-200.062490237	0.49149
-400.124980475	0.32301
-600.187470712	0.06105
-800.24996095	0.02859
-1000.31245119	0.02808
-1200.37494142	0.02862
-1400.43743166	0.03189
-1600.4999219	0.0321
-1800.56241214	0.02391
-2000.62490237	0.01509
-2200.68739261	0.01077
-2400.74988285	0.00879
-2600.81237309	0.00795
-2800.87486332	0.0066
-3000.93735356	0.00621
-3200.9998438	0.00549
-3401.06233404	0.00516
-3601.12482427	0.00471
-3801.18731451	0.00453
-4001.24980475	0.00435
