Your edit line - do NOT delete this line
X-pos [um], Y-pos [um], Max voltage [V]
-200	0.0	0.39132
-100	-200.0	0.24192
-100	-400.0	0.09024
100	-600.0	0.02199
100	-800.0	0.0159
0	-1000.0	0.01413
0	-1200.0	0.01284
-100	-1400.0	0.01086
0	-1600.0	0.00951
0	-1800.0	0.00864
-100	-2000.0	0.00792
0	-2200.0	0.00753
-100	-2400.0	0.00729
-100	-2600.0	0.00687
-100	-2800.0	0.00672
-100	-3000.0	0.00651
-200	-3200.0	0.00624
-100	-3400.0	0.00606
-300	-3600.0	0.00573
-200	-3800.0	0.00549
-200	-4000.0	0.00549

Y_new [um], Max voltage [V]
0.0	0.39132
-200.0	0.24192
-400.0	0.09024
-600.0	0.02199
-800.0	0.0159
-1000.0	0.01413
-1200.0	0.01284
-1400.0	0.01086
-1600.0	0.00951
-1800.0	0.00864
-2000.0	0.00792
-2200.0	0.00753
-2400.0	0.00729
-2600.0	0.00687
-2800.0	0.00672
-3000.0	0.00651
-3200.0	0.00624
-3400.0	0.00606
-3600.0	0.00573
-3800.0	0.00549
-4000.0	0.00549
