Interpolation method for Tmin and Tmax points is linear
The control python file is ek062-4
The raw_olis data file is ek062-4
The raw_ftir data file is ek062-4
The sub_olis data file is BareSapphire3b
The sub_ftir data file is sapphire 3 matt
Column 1: energy in eV
Column 2: k *1e-3
Column 3: lambda in nm
Column 4: k *1e-3
0.542837946585	-0.162176182118	2284.0	-0.162176182118
0.575599753946	-0.0743087738944	2154.0	-0.0743087738944
0.609258904177	-0.0597388543845	2035.0	-0.0597388543845
0.642738138932	-0.0707618148014	1929.0	-0.0707618148014
0.67603155398	-0.07465152009	1834.0	-0.07465152009
0.709697693188	-0.0484931208051	1747.0	-0.0484931208051
0.743310473621	-0.0254747032095	1668.0	-0.0254747032095
0.776356837821	-0.0302385682348	1597.0	-0.0302385682348
0.809824866101	-0.0421144666671	1531.0	-0.0421144666671
0.843429843537	-0.0467832909901	1470.0	-0.0467832909901
0.87559454096	-0.0492823459052	1416.0	-0.0492823459052
0.909641870873	-0.0224835000482	1363.0	-0.0224835000482
0.942129080547	-0.0066123376277	1316.0	-0.0066123376277
0.97548534225	-0.000352789529486	1271.0	-0.000352789529486
1.00882170057	-0.0140910081817	1229.0	-0.0140910081817
1.04188392437	-0.0201789080881	1190.0	-0.0201789080881
1.07438636915	-0.0128073354715	1154.0	-0.0128073354715
1.10700166964	-0.00990939965828	1120.0	-0.00990939965828
1.13956054228	-0.00452442410649	1088.0	-0.00452442410649
1.17187322306	0.00208165504338	1058.0	0.00208165504338
1.20489977648	0.0224496447062	1029.0	0.0224496447062
1.23736713573	0.0459869393671	1002.0	0.0459869393671
1.26902954964	0.0765362095915	977.0	0.0765362095915
1.30098832109	0.103891530296	953.0	0.103891530296
1.33316330108	0.107491233202	930.0	0.107491233202
1.36546461454	0.111163940612	908.0	0.111163940612
1.39779241263	0.115064515987	887.0	0.115064515987
1.43003675894	0.16119877839	867.0	0.16119877839
1.45692346651	0.221248876625	851.0	0.221248876625
1.49378538554	0.319383808689	830.0	0.319383808689
1.52502075031	0.316034186181	813.0	0.316034186181
1.55759028894	0.319312573599	796.0	0.319312573599
1.58750559539	0.317392100913	781.0	0.317392100913
1.6207083268	0.329733337237	765.0	0.329733337237
1.65092126498	0.329237150002	751.0	0.329237150002
1.68228204885	0.341545483671	737.0	0.341545483671
1.71248877072	0.351120890379	724.0	0.351120890379
1.74380009845	0.371682408673	711.0	0.371682408673
1.77373658083	0.385862814668	699.0	0.385862814668
1.80471887918	0.409164680178	687.0	0.409164680178
1.83680277037	0.436604505381	675.0	0.436604505381
1.86723173193	0.456010420239	664.0	0.456010420239
1.89578267584	0.472733106995	654.0	0.472733106995
1.92522029503	0.496688170524	644.0	0.496688170524
1.95558654574	0.525684778391	634.0	0.525684778391
1.98692607372	0.560000618675	624.0	0.560000618675
2.01600304065	0.582120204653	615.0	0.582120204653
2.04594367987	0.615937196056	606.0	0.615937196056
2.07331416388	0.639709238008	598.0	0.639709238008
2.10499468591	0.675069991584	589.0	0.675069991584
2.1339791222	0.702430505783	581.0	0.702430505783
2.16377289703	0.739202646585	573.0	0.739202646585
2.19053333922	0.764620653099	566.0	0.764620653099
2.22193883513	0.813171586036	558.0	0.813171586036
2.25016673321	0.852812003864	551.0	0.852812003864
2.27493921101	0.876535407141	545.0	0.876535407141
2.30453879182	0.92027170262	538.0	0.92027170262
2.33491877589	0.973291997591	531.0	0.973291997591
2.3616035619	1.01616095511	525.0	1.01616095511
2.38890533719	1.06433567662	519.0	1.06433567662
2.41684575049	1.1095490589	513.0	1.1095490589
2.44544747535	1.16341546402	507.0	1.16341546402
2.46980452191	1.20597906412	502.0	1.20597906412
2.49968118952	1.27321704334	496.0	1.27321704334
2.52513619145	1.3278736706	491.0	1.3278736706
2.55111495885	1.3899203908	486.0	1.3899203908
2.57763382536	1.4513746845	481.0	1.4513746845
2.60470981092	1.52038035462	476.0	1.52038035462
2.63236065817	1.60084928192	471.0	1.60084928192
2.65490764454	1.65565317674	467.0	1.65565317674
2.68364041126	1.74596888074	462.0	1.74596888074
2.70707831878	1.80094220967	458.0	1.80094220967
2.73092922907	1.8582761382	454.0	1.8582761382
2.75520415556	1.94625347759	450.0	1.94625347759
2.77991450673	2.0008167111	446.0	2.0008167111
2.80507210407	2.02289363217	442.0	2.02289363217
2.83068920091	2.10893829847	438.0	2.10893829847
2.8567785023	2.23829032975	434.0	2.23829032975
2.87666327146	2.33492309162	431.0	2.33492309162
2.90361093677	2.49009426803	427.0	2.49009426803
2.92415535377	2.5632083454	424.0	2.5632083454
2.95200445238	2.66697930571	420.0	2.66697930571
2.97324189448	2.77276447617	417.0	2.77276447617
2.9947871256	2.92238268391	414.0	2.92238268391
3.01664688564	3.1150397495	411.0	3.1150397495
3.03882811275	3.34593906938	408.0	3.34593906938
3.06133795062	3.61661556509	405.0	3.61661556509
3.08418375622	3.9442706249	402.0	3.9442706249
3.10737310777	4.33417681246	399.0	4.33417681246
3.12302738035	4.62639054336	397.0	4.62639054336
3.14680677665	5.19203814074	394.0	5.19203814074
3.17095107417	5.86975332906	391.0	5.86975332906
3.30624498667	12.9771131645	375.0	12.9771131645
3.3150852139	13.7863767923	374.0	13.7863767923
3.32397284182	14.6235887437	373.0	14.6235887437
3.33290825269	15.4558796956	372.0	15.4558796956
3.34189183288	16.3753292034	371.0	16.3753292034
3.35092397297	17.4185307481	370.0	17.4185307481
3.36000506775	18.520403773	369.0	18.520403773
3.3691355163	19.6788366833	368.0	19.6788366833
3.37831572207	20.9135646167	367.0	20.9135646167
3.3875460929	22.251215929	366.0	22.251215929
3.3968270411	23.6498212599	365.0	23.6498212599
3.40615898352	25.1374838577	364.0	25.1374838577
3.4155423416	26.7358772132	363.0	26.7358772132
3.42497754144	28.4431245935	362.0	28.4431245935
3.43446501385	30.2711917628	361.0	30.2711917628
3.44400519444	32.2503314839	360.0	32.2503314839
3.45359852368	34.6342968094	359.0	34.6342968094
3.46324544693	36.9280569149	358.0	36.9280569149
3.47294641457	39.5504432465	357.0	39.5504432465
3.48270188202	42.3982971989	356.0	42.3982971989
3.49251230986	45.268657475	355.0	45.268657475
3.50237816384	48.151519163	354.0	48.151519163
3.51229991501	52.2339221407	353.0	52.2339221407
3.52227803977	54.9718376736	352.0	54.9718376736
3.53231301994	60.6680727285	351.0	60.6680727285
3.54240534286	67.0960875378	350.0	67.0960875378
3.55255550143	63.5841430595	349.0	63.5841430595
3.56276399425	65.0748750155	348.0	65.0748750155
3.57303132565	63.1543768085	347.0	63.1543768085
3.58335800578	64.9523940226	346.0	64.9523940226
3.59374455072	71.2205893014	345.0	71.2205893014
3.60419148256	79.3164949104	344.0	79.3164949104
3.61469932945	81.9207409706	343.0	81.9207409706
3.62526862573	81.6819541305	342.0	81.6819541305
3.63589991202	67.0589236877	341.0	67.0589236877
3.64659373529	87.7615729048	340.0	87.7615729048
3.65735064897	70.2305400058	339.0	70.2305400058
3.66817121302	75.7462224979	338.0	75.7462224979
3.67905599407	71.3866252011	337.0	71.3866252011
3.69000556548	63.7453199635	336.0	63.7453199635
3.70102050746	69.6645344838	335.0	69.6645344838
3.71210140719	68.7545652336	334.0	68.7545652336
3.72324885886	85.3625657362	333.0	85.3625657362
3.73446346386	61.209589301	332.0	61.209589301
3.74574583082	68.9762689424	331.0	68.9762689424
3.75709657576	66.9849236349	330.0	66.9849236349
3.76851632219	66.8611005155	329.0	66.8611005155
3.78000570122	64.9445779754	328.0	64.9445779754
3.79156535168	80.2131862144	327.0	80.2131862144
3.80319592025	71.5923128496	326.0	71.5923128496
3.81489806154	73.1438103438	325.0	73.1438103438
3.82667243827	62.312673815	324.0	62.312673815
3.83851972136	68.1733172533	323.0	68.1733172533
3.85044059006	64.6124484974	322.0	64.6124484974
3.86243573209	63.2613317214	321.0	63.2613317214
3.87450584375	60.42854139	320.0	60.42854139
3.88665163009	63.9821561703	319.0	63.9821561703
3.89887380503	64.9904596245	318.0	64.9904596245
3.91117309148	60.5110059314	317.0	60.5110059314
3.92355022152	64.9539977364	316.0	64.9539977364
3.93600593651	78.1449201591	315.0	78.1449201591
3.94854098726	65.7085293284	314.0	65.7085293284
3.96115613419	81.220258581	313.0	81.220258581
3.97385214744	68.6442583169	312.0	68.6442583169
3.98662980707	59.1980900164	311.0	59.1980900164
3.99948990323	72.7977131037	310.0	72.7977131037
4.01243323625	64.6131090792	309.0	64.6131090792
4.02546061688	65.0530549988	308.0	65.0530549988
4.03857286645	61.952198137	307.0	61.952198137
4.05177081699	63.6784643348	306.0	63.6784643348
4.06505531148	66.3685395235	305.0	66.3685395235
4.07842720395	59.742767834	304.0	59.742767834
4.09188735974	67.9644956425	303.0	67.9644956425
4.10543665563	55.6733392136	302.0	55.6733392136
4.11907598007	67.9024146335	301.0	67.9024146335
4.13280623333	68.2840101555	300.0	68.2840101555
4.14662832776	56.5029516187	299.0	56.5029516187
4.16054318792	64.5063680147	298.0	64.5063680147
4.17455175084	55.1574543467	297.0	55.1574543467
4.18865496622	63.6525943397	296.0	63.6525943397
4.20285379661	57.6726565755	295.0	57.6726565755
4.21714921769	58.9937040788	294.0	58.9937040788
4.23154221843	55.7673008044	293.0	55.7673008044
4.24603380137	61.2179869465	292.0	61.2179869465
4.26062498282	54.9709269667	291.0	54.9709269667
4.2753167931	56.776558761	290.0	56.776558761
4.29011027682	54.7987391553	289.0	54.7987391553
4.30500649306	55.9601267962	288.0	55.9601267962
4.32000651568	73.1160779062	287.0	73.1160779062
4.33511143357	56.8804787096	286.0	56.8804787096
4.35032235088	60.6683131191	285.0	60.6683131191
4.36564038732	76.6503721366	284.0	76.6503721366
4.38106667845	59.2847089572	283.0	59.2847089572
4.39660237589	58.078434066	282.0	58.078434066
4.41224864769	53.7727661464	281.0	53.7727661464
4.42800667857	71.2649513215	280.0	71.2649513215
4.44387767025	57.0983136193	279.0	57.0983136193
4.45986284173	60.309478165	278.0	60.309478165
4.4759634296	58.8166125646	277.0	58.8166125646
4.49218068841	55.5856845729	276.0	55.5856845729
4.50851589091	54.6555438723	275.0	54.6555438723
4.52497032847	53.1853121179	274.0	53.1853121179
4.54154531136	65.1436897744	273.0	65.1436897744
4.55824216912	53.8250923316	272.0	53.8250923316
4.57506225092	56.335928499	271.0	56.335928499
4.59200692593	49.1148011676	270.0	49.1148011676
4.60907758364	52.3359403474	269.0	52.3359403474
4.62627563433	58.9345846361	268.0	58.9345846361
4.64360250936	62.8306931404	267.0	62.8306931404
4.66105966165	66.4364969942	266.0	66.4364969942
4.67864856604	60.5212719111	265.0	60.5212719111
4.6963707197	54.1075697073	264.0	54.1075697073
4.71422764259	46.9519816317	263.0	46.9519816317
4.73222087786	54.8741898551	262.0	54.8741898551
4.75035199234	58.4302328723	261.0	58.4302328723
4.76862257692	49.3559021979	260.0	49.3559021979
4.7870342471	48.9451138047	259.0	48.9451138047
4.80558864341	54.3336699076	258.0	54.3336699076
4.82428743191	61.1044280832	257.0	61.1044280832
4.84313230469	64.0799215195	256.0	64.0799215195
4.86212498039	47.8078452443	255.0	47.8078452443
4.88126720472	59.9945027733	254.0	59.9945027733
4.90056075099	51.9918379042	253.0	51.9918379042
4.92000742063	54.0325440466	252.0	54.0325440466
4.93960904382	48.9674398835	251.0	48.9674398835
4.95936748	65.4445997398	250.0	65.4445997398
