Your edit line - do NOT delete this line
X-pos [um], Y-pos [um], Max voltage [V]
0	0.0	0.4881
100	-200.0	0.3718
200	-400.0	0.222
200	-600.0	0.1703
200	-800.0	0.2945
200	-1000.0	0.364
100	-1200.0	0.2603
100	-1400.0	0.219
100	-1600.0	0.2177
0	-1800.0	0.1659
0	-2000.0	0.1337
0	-2200.0	0.1351
0	-2400.0	0.1306
-100	-2600.0	0.1191
-100	-2800.0	0.1357
-100	-3000.0	0.1519
-100	-3200.0	0.1142
-100	-3400.0	0.0824
-200	-3600.0	0.0843
-200	-3800.0	0.0846
-200	-4000.0	0.0833
-300	-4200.0	0.0853
-300	-4400.0	0.0703
-300	-4600.0	0.066
-300	-4800.0	0.0698
-300	-5000.0	0.0634
-200	-5200.0	0.0579
-300	-5400.0	0.0549
-300	-5600.0	0.0578
-300	-5800.0	0.0576
-300	-6000.0	0.0497

Y_new [um], Max voltage [V]
0.0	0.4881
-200.249843945	0.3718
-400.49968789	0.222
-600.749531835	0.1703
-800.99937578	0.2945
-1001.24921973	0.364
-1201.49906367	0.2603
-1401.74890762	0.219
-1601.99875156	0.2177
-1802.24859551	0.1659
-2002.49843945	0.1337
-2202.7482834	0.1351
-2402.99812734	0.1306
-2603.24797129	0.1191
-2803.49781523	0.1357
-3003.74765918	0.1519
-3203.99750312	0.1142
-3404.24734707	0.0824
-3604.49719101	0.0843
-3804.74703496	0.0846
-4004.9968789	0.0833
-4205.24672285	0.0853
-4405.49656679	0.0703
-4605.74641074	0.066
-4805.99625468	0.0698
-5006.24609863	0.0634
-5206.49594257	0.0579
-5406.74578652	0.0549
-5606.99563046	0.0578
-5807.24547441	0.0576
-6007.49531835	0.0497
