Your comment line - do NOT delete this line
Col 0: Axis index
Col 1: S_path [m]
Col 2: Max voltage X-pos[m]
Col 3: Max voltage Y-pos[m]
Col 4: Max voltage [V]
Col 5: Full width half maximum (FWHM) [m]

Col 0	Col 1	Col 2	Col 3	Col 4	Col 5
0	0	0.03105	0.002	0.0167848	0.000451635487193
0	0.0	0.03105	0.002	0.0167848	0.000451635487193
1	0.000502493781056	0.031	0.0015	0.00978762	0.00044072244618
0	0.0	0.03105	0.002	0.0167848	0.000451635487193
1	0.000501874253858	0.031	0.0015	0.00978762	0.00044072244618
2	0.00100114934357	0.031	0.0010001	0.00371362	0.000378166734033
0	0.0	0.03105	0.002	0.0167848	0.000451635487193
1	0.000499998429088	0.031	0.0015	0.00978762	0.00044072244618
2	0.000999898428842	0.031	0.0010001	0.00371362	0.000378166734033
3	0.00149989999926	0.03105	0.0005001	0.00283815	0.000369545491047
0	0.0	0.03105	0.002	0.0167848	0.000451635487193
1	0.000499474365796	0.031	0.0015	0.00978762	0.00044072244618
2	0.000999349312551	0.031	0.0010001	0.00371362	0.000378166734033
3	0.00149982483024	0.03105	0.0005001	0.00283815	0.000369545491047
4	0.00199979977199	0.03105	1e-07	0.00201894	0.000361859634913
0	0.0	0.03105	0.002	0.0167848	0.000451635487193
1	0.000499395520219	0.031	0.0015	0.00978762	0.00044072244618
2	0.000999262831891	0.031	0.0010001	0.00371362	0.000378166734033
3	0.00149980192194	0.03105	0.0005001	0.00283815	0.000369545491047
4	0.00199976922707	0.03105	1e-07	0.00201894	0.000361859634913
5	0.0024997365322	0.03105	-0.0004999	0.0012045	0.000357522558091
0	0.0	0.03105	0.002	0.0167848	0.000451635487193
1	0.000499435360501	0.031	0.0015	0.00978762	0.00044072244618
2	0.000999306644624	0.031	0.0010001	0.00371362	0.000378166734033
3	0.00149981384088	0.03105	0.0005001	0.00283815	0.000369545491047
4	0.00199978511926	0.03105	1e-07	0.00201894	0.000361859634913
5	0.00249975639763	0.03105	-0.0004999	0.0012045	0.000357522558091
6	0.00299972767601	0.03105	-0.0009999	0.00162793	0.000353593730774
0	0.0	0.03105	0.002	0.0167848	0.000451635487193
1	0.00049902716162	0.031	0.0015	0.00978762	0.00044072244618
2	0.000998847413109	0.031	0.0010001	0.00371362	0.000378166734033
3	0.00149966072256	0.03105	0.0005001	0.00283815	0.000369545491047
4	0.0019995809581	0.03105	1e-07	0.00201894	0.000361859634913
5	0.00249950119363	0.03105	-0.0004999	0.0012045	0.000357522558091
6	0.00299942142917	0.03105	-0.0009999	0.00162793	0.000353593730774
7	0.00350023473862	0.0311	-0.0014999	0.00163842	0.000355549932143
0	0.0	0.03105	0.002	0.0167848	0.000451635487193
1	0.000498899873018	0.031	0.0015	0.00978762	0.00044072244618
2	0.000998699863521	0.031	0.0010001	0.00371362	0.000378166734033
3	0.0014995999315	0.03105	0.0005001	0.00283815	0.000369545491047
4	0.001999499902	0.03105	1e-07	0.00201894	0.000361859634913
5	0.00249939987249	0.03105	-0.0004999	0.0012045	0.000357522558091
6	0.00299929984299	0.03105	-0.0009999	0.00162793	0.000353593730774
7	0.00350019991097	0.0311	-0.0014999	0.00163842	0.000355549932143
8	0.00400009988146	0.0311	-0.0019999	0.000770573	0.000356994816995
0	0.0	0.03105	0.002	0.0167848	0.000451635487193
1	0.000498899981152	0.031	0.0015	0.00978762	0.00044072244618
2	0.000998699989678	0.031	0.0010001	0.00371362	0.000378166734033
3	0.00149959998557	0.03105	0.0005001	0.00283815	0.000369545491047
4	0.0019994999741	0.03105	1e-07	0.00201894	0.000361859634913
5	0.00249939996262	0.03105	-0.0004999	0.0012045	0.000357522558091
6	0.00299929995114	0.03105	-0.0009999	0.00162793	0.000353593730774
7	0.00350019994704	0.0311	-0.0014999	0.00163842	0.000355549932143
8	0.00400009993556	0.0311	-0.0019999	0.000770573	0.000356994816995
9	0.00450009990408	0.0311	-0.0025	0.000934605	0.000352596034216
0	0.0	0.03105	0.002	0.0167848	0.000451635487193
1	0.000498954355162	0.031	0.0015	0.00978762	0.00044072244618
2	0.000998763253328	0.031	0.0010001	0.00371362	0.000378166734033
3	0.00149962665805	0.03105	0.0005001	0.00283815	0.000369545491047
4	0.00199953553799	0.03105	1e-07	0.00201894	0.000361859634913
5	0.00249944441793	0.03105	-0.0004999	0.0012045	0.000357522558091
6	0.00299935329787	0.03105	-0.0009999	0.00162793	0.000353593730774
7	0.0035002167026	0.0311	-0.0014999	0.00163842	0.000355549932143
8	0.00400012558254	0.0311	-0.0019999	0.000770573	0.000356994816995
9	0.00450013444425	0.0311	-0.0025	0.000934605	0.000352596034216
10	0.00499994334242	0.0311	-0.0029999	0.0012312	0.000352830886149
0	0.0	0.03105	0.002	0.0167848	0.000451635487193
1	0.000498798697575	0.031	0.0015	0.00978762	0.00044072244618
2	0.000998581240326	0.031	0.0010001	0.00371362	0.000378166734033
3	0.00149954758126	0.03105	0.0005001	0.00283815	0.000369545491047
4	0.00199943010052	0.03105	1e-07	0.00201894	0.000361859634913
5	0.00249931261977	0.03105	-0.0004999	0.0012045	0.000357522558091
6	0.00299919513903	0.03105	-0.0009999	0.00162793	0.000353593730774
7	0.00350016147996	0.0311	-0.0014999	0.00163842	0.000355549932143
8	0.00400004399922	0.0311	-0.0019999	0.000770573	0.000356994816995
9	0.00450002649497	0.0311	-0.0025	0.000934605	0.000352596034216
10	0.00499980903772	0.0311	-0.0029999	0.0012312	0.000352830886149
11	0.00550077537866	0.03115	-0.0034999	0.00105	0.000352474172546
0	0.0	0.03105	0.002	0.0167848	0.000451635487193
1	0.00049874692256	0.031	0.0015	0.00978762	0.00044072244618
2	0.000998520093918	0.031	0.0010001	0.00371362	0.000378166734033
3	0.00149951946333	0.03105	0.0005001	0.00283815	0.000369545491047
4	0.00199939260932	0.03105	1e-07	0.00201894	0.000361859634913
5	0.00249926575531	0.03105	-0.0004999	0.0012045	0.000357522558091
6	0.00299913890129	0.03105	-0.0009999	0.00162793	0.000353593730774
7	0.00350013827071	0.0311	-0.0014999	0.00163842	0.000355549932143
8	0.0040000114167	0.0311	-0.0019999	0.000770573	0.000356994816995
9	0.00449998453731	0.0311	-0.0025	0.000934605	0.000352596034216
10	0.00499975770867	0.0311	-0.0029999	0.0012312	0.000352830886149
11	0.00550075707809	0.03115	-0.0034999	0.00105	0.000352474172546
12	0.00600063022407	0.03115	-0.0039999	0.00057793	0.000354082194065
0	0.0	0.03105	0.002	0.0167848	0.000451635487193
1	0.000498753686953	0.031	0.0015	0.00978762	0.00044072244618
2	0.000998528099371	0.031	0.0010001	0.00371362	0.000378166734033
3	0.00149952318701	0.03105	0.0005001	0.00283815	0.000369545491047
4	0.00199939757431	0.03105	1e-07	0.00201894	0.000361859634913
5	0.0024992719616	0.03105	-0.0004999	0.0012045	0.000357522558091
6	0.0029991463489	0.03105	-0.0009999	0.00162793	0.000353593730774
7	0.00350014143653	0.0311	-0.0014999	0.00163842	0.000355549932143
8	0.00400001582383	0.0311	-0.0019999	0.000770573	0.000356994816995
9	0.004499990186	0.0311	-0.0025	0.000934605	0.000352596034216
10	0.00499976459842	0.0311	-0.0029999	0.0012312	0.000352830886149
11	0.00550075968606	0.03115	-0.0034999	0.00105	0.000352474172546
12	0.00600063407336	0.03115	-0.0039999	0.00057793	0.000354082194065
13	0.00650060843553	0.03115	-0.0045	0.000243188	0.000364805043764
0	0.0	0.03105	0.002	0.0167848	0.000451635487193
1	0.000498638551668	0.031	0.0015	0.00978762	0.00044072244618
2	0.000998391170637	0.031	0.0010001	0.00371362	0.000378166734033
3	0.00149945779794	0.03105	0.0005001	0.00283815	0.000369545491047
4	0.00199931038743	0.03105	1e-07	0.00201894	0.000361859634913
5	0.00249916297692	0.03105	-0.0004999	0.0012045	0.000357522558091
6	0.00299901556641	0.03105	-0.0009999	0.00162793	0.000353593730774
7	0.00350008219371	0.0311	-0.0014999	0.00163842	0.000355549932143
8	0.0039999347832	0.0311	-0.0019999	0.000770573	0.000356994816995
9	0.00449988734321	0.0311	-0.0025	0.000934605	0.000352596034216
10	0.00499963996218	0.0311	-0.0029999	0.0012312	0.000352830886149
11	0.00550070658948	0.03115	-0.0034999	0.00105	0.000352474172546
12	0.00600055917897	0.03115	-0.0039999	0.00057793	0.000354082194065
13	0.00650051173898	0.03115	-0.0045	0.000243188	0.000364805043764
14	0.00700147839576	0.0312	-0.0049999	0.000156404	0.000368816290254
0	0.0	0.03105	0.002	0.0167848	0.000451635487193
1	0.00049845507269	0.031	0.0015	0.00978762	0.00044072244618
2	0.000998170129776	0.031	0.0010001	0.00371362	0.000378166734033
3	0.00149934509726	0.03105	0.0005001	0.00283815	0.000369545491047
4	0.00199916011735	0.03105	1e-07	0.00201894	0.000361859634913
5	0.00249897513744	0.03105	-0.0004999	0.0012045	0.000357522558091
6	0.00299879015753	0.03105	-0.0009999	0.00162793	0.000353593730774
7	0.00349996512502	0.0311	-0.0014999	0.00163842	0.000355549932143
8	0.00399978014511	0.0311	-0.0019999	0.000770573	0.000356994816995
9	0.00449969512821	0.0311	-0.0025	0.000934605	0.000352596034216
10	0.00499941018529	0.0311	-0.0029999	0.0012312	0.000352830886149
11	0.00550058515278	0.03115	-0.0034999	0.00105	0.000352474172546
12	0.00600040017287	0.03115	-0.0039999	0.00057793	0.000354082194065
13	0.00650031515596	0.03115	-0.0045	0.000243188	0.000364805043764
14	0.00700139016045	0.0312	-0.0049999	0.000156404	0.000368816290254
15	0.00750256512794	0.03125	-0.0054999	0.000254633	0.000362966901814
0	0.0	0.03105	0.002	0.0167848	0.000451635487193
1	0.000498361108131	0.031	0.0015	0.00978762	0.00044072244618
2	0.000998055646545	0.031	0.0010001	0.00371362	0.000378166734033
3	0.00149928353304	0.03105	0.0005001	0.00283815	0.000369545491047
4	0.00199907803036	0.03105	1e-07	0.00201894	0.000361859634913
5	0.00249887252767	0.03105	-0.0004999	0.0012045	0.000357522558091
6	0.00299866702498	0.03105	-0.0009999	0.00162793	0.000353593730774
7	0.00349989491148	0.0311	-0.0014999	0.00163842	0.000355549932143
8	0.00399968940879	0.0311	-0.0019999	0.000770573	0.000356994816995
9	0.00449958386501	0.0311	-0.0025	0.000934605	0.000352596034216
10	0.00499927840342	0.0311	-0.0029999	0.0012312	0.000352830886149
11	0.00550050628992	0.03115	-0.0034999	0.00105	0.000352474172546
12	0.00600030078723	0.03115	-0.0039999	0.00057793	0.000354082194065
13	0.00650019524344	0.03115	-0.0045	0.000243188	0.000364805043764
14	0.00700132317104	0.0312	-0.0049999	0.000156404	0.000368816290254
15	0.00750255105754	0.03125	-0.0054999	0.000254633	0.000362966901814
16	0.00800234555485	0.03125	-0.0059999	0.000454905	0.000357139196733
0	0.0	0.03105	0.002	0.0167848	0.000451635487193
1	0.000498327076828	0.031	0.0015	0.00978762	0.00044072244618
2	0.000998013977816	0.031	0.0010001	0.00371362	0.000378166734033
3	0.00149926061771	0.03105	0.0005001	0.00283815	0.000369545491047
4	0.00199904747606	0.03105	1e-07	0.00201894	0.000361859634913
5	0.00249883433442	0.03105	-0.0004999	0.0012045	0.000357522558091
6	0.00299862119278	0.03105	-0.0009999	0.00162793	0.000353593730774
7	0.00349986783267	0.0311	-0.0014999	0.00163842	0.000355549932143
8	0.00399965469103	0.0311	-0.0019999	0.000770573	0.000356994816995
9	0.00449954150676	0.0311	-0.0025	0.000934605	0.000352596034216
10	0.00499922840775	0.0311	-0.0029999	0.0012312	0.000352830886149
11	0.00550047504764	0.03115	-0.0034999	0.00105	0.000352474172546
12	0.006000261906	0.03115	-0.0039999	0.00057793	0.000354082194065
13	0.00650014872173	0.03115	-0.0045	0.000243188	0.000364805043764
14	0.00700129540425	0.0312	-0.0049999	0.000156404	0.000368816290254
15	0.00750254204413	0.03125	-0.0054999	0.000254633	0.000362966901814
16	0.00800232890249	0.03125	-0.0059999	0.000454905	0.000357139196733
17	0.00850211576085	0.03125	-0.0064999	0.000581745	0.00036065320306
0	0.0	0.03105	0.002	0.0167848	0.000451635487193
1	0.000498229967002	0.031	0.0015	0.00978762	0.00044072244618
2	0.000997894487614	0.031	0.0010001	0.00371362	0.000378166734033
3	0.00149919346762	0.03105	0.0005001	0.00283815	0.000369545491047
4	0.00199895794113	0.03105	1e-07	0.00201894	0.000361859634913
5	0.00249872241464	0.03105	-0.0004999	0.0012045	0.000357522558091
6	0.00299848688814	0.03105	-0.0009999	0.00162793	0.000353593730774
7	0.00349978586815	0.0311	-0.0014999	0.00163842	0.000355549932143
8	0.00399955034166	0.0311	-0.0019999	0.000770573	0.000356994816995
9	0.00449941476806	0.0311	-0.0025	0.000934605	0.000352596034216
10	0.00499907928867	0.0311	-0.0029999	0.0012312	0.000352830886149
11	0.00550037826868	0.03115	-0.0034999	0.00105	0.000352474172546
12	0.00600014274219	0.03115	-0.0039999	0.00057793	0.000354082194065
13	0.00650000716859	0.03115	-0.0045	0.000243188	0.000364805043764
14	0.0070012061957	0.0312	-0.0049999	0.000156404	0.000368816290254
15	0.00750250517571	0.03125	-0.0054999	0.000254633	0.000362966901814
16	0.00800226964922	0.03125	-0.0059999	0.000454905	0.000357139196733
17	0.00850203412273	0.03125	-0.0064999	0.000581745	0.00036065320306
18	0.00900333310274	0.0313	-0.0069999	0.00067139	0.000352319138445
0	0.0	0.03105	0.002	0.0167848	0.000451635487193
1	0.000498187353685	0.031	0.0015	0.00978762	0.00044072244618
2	0.00099784178473	0.031	0.0010001	0.00371362	0.000378166734033
3	0.00149916319489	0.03105	0.0005001	0.00283815	0.000369545491047
4	0.00199891757681	0.03105	1e-07	0.00201894	0.000361859634913
5	0.00249867195873	0.03105	-0.0004999	0.0012045	0.000357522558091
6	0.00299842634066	0.03105	-0.0009999	0.00162793	0.000353593730774
7	0.00349974775082	0.0311	-0.0014999	0.00163842	0.000355549932143
8	0.00399950213274	0.0311	-0.0019999	0.000770573	0.000356994816995
9	0.00449935646554	0.0311	-0.0025	0.000934605	0.000352596034216
10	0.00499901089658	0.0311	-0.0029999	0.0012312	0.000352830886149
11	0.00550033230674	0.03115	-0.0034999	0.00105	0.000352474172546
12	0.00600008668866	0.03115	-0.0039999	0.00057793	0.000354082194065
13	0.00649994102146	0.03115	-0.0045	0.000243188	0.000364805043764
14	0.00700116248074	0.0312	-0.0049999	0.000156404	0.000368816290254
15	0.0075024838909	0.03125	-0.0054999	0.000254633	0.000362966901814
16	0.00800223827283	0.03125	-0.0059999	0.000454905	0.000357139196733
17	0.00850199265475	0.03125	-0.0064999	0.000581745	0.00036065320306
18	0.00900331406491	0.0313	-0.0069999	0.00067139	0.000352319138445
19	0.00950306844683	0.0313	-0.0074999	0.000732426	0.000349421394606
0	0.0	0.03105	0.002	0.0167848	0.000451635487193
1	0.00049809677713	0.031	0.0015	0.00978762	0.00044072244618
2	0.000997729232287	0.031	0.0010001	0.00371362	0.000378166734033
3	0.00149909725843	0.03105	0.0005001	0.00283815	0.000369545491047
4	0.00199882966007	0.03105	1e-07	0.00201894	0.000361859634913
5	0.00249856206171	0.03105	-0.0004999	0.0012045	0.000357522558091
6	0.00299829446335	0.03105	-0.0009999	0.00162793	0.000353593730774
7	0.00349966248949	0.0311	-0.0014999	0.00163842	0.000355549932143
8	0.00399939489113	0.0311	-0.0019999	0.000770573	0.000356994816995
9	0.00449922723925	0.0311	-0.0025	0.000934605	0.000352596034216
10	0.00499885969441	0.0311	-0.0029999	0.0012312	0.000352830886149
11	0.00550022772055	0.03115	-0.0034999	0.00105	0.000352474172546
12	0.00599996012219	0.03115	-0.0039999	0.00057793	0.000354082194065
13	0.00649979247031	0.03115	-0.0045	0.000243188	0.000364805043764
14	0.00700106054998	0.0312	-0.0049999	0.000156404	0.000368816290254
15	0.00750242857612	0.03125	-0.0054999	0.000254633	0.000362966901814
16	0.00800216097776	0.03125	-0.0059999	0.000454905	0.000357139196733
17	0.0085018933794	0.03125	-0.0064999	0.000581745	0.00036065320306
18	0.00900326140554	0.0313	-0.0069999	0.00067139	0.000352319138445
19	0.00950299380718	0.0313	-0.0074999	0.000732426	0.000349421394606
20	0.0100043618333	0.03135	-0.0079999	0.000967029	0.000351260421722
0	0.0	0.03105	0.002	0.0167848	0.000451635487193
1	0.000498054037541	0.031	0.0015	0.00978762	0.00044072244618
2	0.000997675877762	0.031	0.0010001	0.00371362	0.000378166734033
3	0.00149906540938	0.03105	0.0005001	0.00283815	0.000369545491047
4	0.00199878719396	0.03105	1e-07	0.00201894	0.000361859634913
5	0.00249850897853	0.03105	-0.0004999	0.0012045	0.000357522558091
6	0.00299823076311	0.03105	-0.0009999	0.00162793	0.000353593730774
7	0.00349962029473	0.0311	-0.0014999	0.00163842	0.000355549932143
8	0.00399934207931	0.0311	-0.0019999	0.000770573	0.000356994816995
9	0.00449916380824	0.0311	-0.0025	0.000934605	0.000352596034216
10	0.00499878564846	0.0311	-0.0029999	0.0012312	0.000352830886149
11	0.00550017518008	0.03115	-0.0034999	0.00105	0.000352474172546
12	0.00599989696466	0.03115	-0.0039999	0.00057793	0.000354082194065
13	0.00649971869359	0.03115	-0.0045	0.000243188	0.000364805043764
14	0.00700100828085	0.0312	-0.0049999	0.000156404	0.000368816290254
15	0.00750239781246	0.03125	-0.0054999	0.000254633	0.000362966901814
16	0.00800211959704	0.03125	-0.0059999	0.000454905	0.000357139196733
17	0.00850184138162	0.03125	-0.0064999	0.000581745	0.00036065320306
18	0.00900323091324	0.0313	-0.0069999	0.00067139	0.000352319138445
19	0.00950295269781	0.0313	-0.0074999	0.000732426	0.000349421394606
20	0.0100043422294	0.03135	-0.0079999	0.000967029	0.000351260421722
21	0.010504064014	0.03135	-0.0084999	0.000662807	0.00034523147885
0	0.0	0.03105	0.002	0.0167848	0.000451635487193
1	0.00049804559454	0.031	0.0015	0.00978762	0.00044072244618
2	0.00099766531952	0.031	0.0010001	0.00371362	0.000378166734033
3	0.00149905906281	0.03105	0.0005001	0.00283815	0.000369545491047
4	0.00199877873172	0.03105	1e-07	0.00201894	0.000361859634913
5	0.00249849840063	0.03105	-0.0004999	0.0012045	0.000357522558091
6	0.00299821806955	0.03105	-0.0009999	0.00162793	0.000353593730774
7	0.00349961181284	0.0311	-0.0014999	0.00163842	0.000355549932143
8	0.00399933148175	0.0311	-0.0019999	0.000770573	0.000356994816995
9	0.0044991510946	0.0311	-0.0025	0.000934605	0.000352596034216
10	0.00499877081958	0.0311	-0.0029999	0.0012312	0.000352830886149
11	0.00550016456286	0.03115	-0.0034999	0.00105	0.000352474172546
12	0.00599988423178	0.03115	-0.0039999	0.00057793	0.000354082194065
13	0.00649970384463	0.03115	-0.0045	0.000243188	0.000364805043764
14	0.00700099764398	0.0312	-0.0049999	0.000156404	0.000368816290254
15	0.00750239138727	0.03125	-0.0054999	0.000254633	0.000362966901814
16	0.00800211105618	0.03125	-0.0059999	0.000454905	0.000357139196733
17	0.00850183072509	0.03125	-0.0064999	0.000581745	0.00036065320306
18	0.00900322446838	0.0313	-0.0069999	0.00067139	0.000352319138445
19	0.00950294413729	0.0313	-0.0074999	0.000732426	0.000349421394606
20	0.0100043378806	0.03135	-0.0079999	0.000967029	0.000351260421722
21	0.0105040575495	0.03135	-0.0084999	0.000662807	0.00034523147885
22	0.0110037772184	0.03135	-0.0089999	0.000289919	0.000360983421291
0	0.0	0.03105	0.002	0.0167848	0.000451635487193
1	0.000498061401259	0.031	0.0015	0.00978762	0.00044072244618
2	0.000997685081415	0.031	0.0010001	0.00371362	0.000378166734033
3	0.00149907092992	0.03105	0.0005001	0.00283815	0.000369545491047
4	0.0019987945548	0.03105	1e-07	0.00201894	0.000361859634913
5	0.00249851817968	0.03105	-0.0004999	0.0012045	0.000357522558091
6	0.00299824180456	0.03105	-0.0009999	0.00162793	0.000353593730774
7	0.00349962765306	0.0311	-0.0014999	0.00163842	0.000355549932143
8	0.00399935127794	0.0311	-0.0019999	0.000770573	0.000356994816995
9	0.00449917484754	0.0311	-0.0025	0.000934605	0.000352596034216
10	0.0049987985277	0.0311	-0.0029999	0.0012312	0.000352830886149
11	0.0055001843762	0.03115	-0.0034999	0.00105	0.000352474172546
12	0.00599990800108	0.03115	-0.0039999	0.00057793	0.000354082194065
13	0.00649973157068	0.03115	-0.0045	0.000243188	0.000364805043764
14	0.00700101747446	0.0312	-0.0049999	0.000156404	0.000368816290254
15	0.00750240332296	0.03125	-0.0054999	0.000254633	0.000362966901814
16	0.00800212694784	0.03125	-0.0059999	0.000454905	0.000357139196733
17	0.00850185057272	0.03125	-0.0064999	0.000581745	0.00036065320306
18	0.00900323642122	0.0313	-0.0069999	0.00067139	0.000352319138445
19	0.0095029600461	0.0313	-0.0074999	0.000732426	0.000349421394606
20	0.0100043458946	0.03135	-0.0079999	0.000967029	0.000351260421722
21	0.0105040695195	0.03135	-0.0084999	0.000662807	0.00034523147885
22	0.0110037931444	0.03135	-0.0089999	0.000289919	0.000360983421291
23	0.0115035167692	0.03135	-0.0094999	0.000224114	0.000369362781124
0	0.0	0.03105	0.002	0.0167848	0.000451635487193
1	0.00049803266588	0.031	0.0015	0.00978762	0.00044072244618
2	0.000997649140193	0.031	0.0010001	0.00371362	0.000378166734033
3	0.00149904930951	0.03105	0.0005001	0.00283815	0.000369545491047
4	0.0019987657271	0.03105	1e-07	0.00201894	0.000361859634913
5	0.0024984821447	0.03105	-0.0004999	0.0012045	0.000357522558091
6	0.0029981985623	0.03105	-0.0009999	0.00162793	0.000353593730774
7	0.00349959873161	0.0311	-0.0014999	0.00163842	0.000355549932143
8	0.00399931514921	0.0311	-0.0019999	0.000770573	0.000356994816995
9	0.00449913151009	0.0311	-0.0025	0.000934605	0.000352596034216
10	0.0049987479844	0.0311	-0.0029999	0.0012312	0.000352830886149
11	0.00550014815371	0.03115	-0.0034999	0.00105	0.000352474172546
12	0.00599986457131	0.03115	-0.0039999	0.00057793	0.000354082194065
13	0.00649968093219	0.03115	-0.0045	0.000243188	0.000364805043764
14	0.00700098115822	0.0312	-0.0049999	0.000156404	0.000368816290254
15	0.00750238132753	0.03125	-0.0054999	0.000254633	0.000362966901814
16	0.00800209774513	0.03125	-0.0059999	0.000454905	0.000357139196733
17	0.00850181416273	0.03125	-0.0064999	0.000581745	0.00036065320306
18	0.00900321433204	0.0313	-0.0069999	0.00067139	0.000352319138445
19	0.00950293074964	0.0313	-0.0074999	0.000732426	0.000349421394606
20	0.0100043309189	0.03135	-0.0079999	0.000967029	0.000351260421722
21	0.0105040473365	0.03135	-0.0084999	0.000662807	0.00034523147885
22	0.0110037637541	0.03135	-0.0089999	0.000289919	0.000360983421291
23	0.0115034801717	0.03135	-0.0094999	0.000224114	0.000369362781124
24	0.0120048803411	0.0314	-0.0099999	0.000185967	0.000359940015511
0	0.0	0.03105	0.002	0.0167848	0.000451635487193
1	0.000498029255732	0.031	0.0015	0.00978762	0.00044072244618
2	0.00099764487029	0.031	0.0010001	0.00371362	0.000378166734033
3	0.0014990467299	0.03105	0.0005001	0.00283815	0.000369545491047
4	0.00199876228757	0.03105	1e-07	0.00201894	0.000361859634913
5	0.00249847784524	0.03105	-0.0004999	0.0012045	0.000357522558091
6	0.00299819340291	0.03105	-0.0009999	0.00162793	0.000353593730774
7	0.00349959526252	0.0311	-0.0014999	0.00163842	0.000355549932143
8	0.00399931082019	0.0311	-0.0019999	0.000770573	0.000356994816995
9	0.00449912632097	0.0311	-0.0025	0.000934605	0.000352596034216
10	0.00499874193553	0.0311	-0.0029999	0.0012312	0.000352830886149
11	0.00550014379513	0.03115	-0.0034999	0.00105	0.000352474172546
12	0.0059998593528	0.03115	-0.0039999	0.00057793	0.000354082194065
13	0.00649967485359	0.03115	-0.0045	0.000243188	0.000364805043764
14	0.00700097677008	0.0312	-0.0049999	0.000156404	0.000368816290254
15	0.00750237862969	0.03125	-0.0054999	0.000254633	0.000362966901814
16	0.00800209418736	0.03125	-0.0059999	0.000454905	0.000357139196733
17	0.00850180974503	0.03125	-0.0064999	0.000581745	0.00036065320306
18	0.00900321160464	0.0313	-0.0069999	0.00067139	0.000352319138445
19	0.00950292716231	0.0313	-0.0074999	0.000732426	0.000349421394606
20	0.0100043290219	0.03135	-0.0079999	0.000967029	0.000351260421722
21	0.0105040445796	0.03135	-0.0084999	0.000662807	0.00034523147885
22	0.0110037601373	0.03135	-0.0089999	0.000289919	0.000360983421291
23	0.0115034756949	0.03135	-0.0094999	0.000224114	0.000369362781124
24	0.0120048775545	0.0314	-0.0099999	0.000185967	0.000359940015511
25	0.0125045931122	0.0314	-0.0104999	0.00019455	0.000342654333342
0	0.0	0.03105	0.002	0.0167848	0.000451635487193
1	0.000497991358328	0.031	0.0015	0.00978762	0.00044072244618
2	0.000997597353042	0.031	0.0010001	0.00371362	0.000378166734033
3	0.00149901786652	0.03105	0.0005001	0.00283815	0.000369545491047
4	0.00199872380242	0.03105	1e-07	0.00201894	0.000361859634913
5	0.00249842973832	0.03105	-0.0004999	0.0012045	0.000357522558091
6	0.00299813567422	0.03105	-0.0009999	0.00162793	0.000353593730774
7	0.00349955618769	0.0311	-0.0014999	0.00163842	0.000355549932143
8	0.00399926212359	0.0311	-0.0019999	0.000770573	0.000356994816995
9	0.00449906800068	0.0311	-0.0025	0.000934605	0.000352596034216
10	0.0049986739954	0.0311	-0.0029999	0.0012312	0.000352830886149
11	0.00550009450887	0.03115	-0.0034999	0.00105	0.000352474172546
12	0.00599980044477	0.03115	-0.0039999	0.00057793	0.000354082194065
13	0.00649960632186	0.03115	-0.0045	0.000243188	0.000364805043764
14	0.00700092689415	0.0312	-0.0049999	0.000156404	0.000368816290254
15	0.00750234740762	0.03125	-0.0054999	0.000254633	0.000362966901814
16	0.00800205334352	0.03125	-0.0059999	0.000454905	0.000357139196733
17	0.00850175927942	0.03125	-0.0064999	0.000581745	0.00036065320306
18	0.00900317979289	0.0313	-0.0069999	0.00067139	0.000352319138445
19	0.0095028857288	0.0313	-0.0074999	0.000732426	0.000349421394606
20	0.0100043062423	0.03135	-0.0079999	0.000967029	0.000351260421722
21	0.0105040121782	0.03135	-0.0084999	0.000662807	0.00034523147885
22	0.0110037181141	0.03135	-0.0089999	0.000289919	0.000360983421291
23	0.01150342405	0.03135	-0.0094999	0.000224114	0.000369362781124
24	0.0120048445634	0.0314	-0.0099999	0.000185967	0.000359940015511
25	0.0125045504993	0.0314	-0.0104999	0.00019455	0.000342654333342
26	0.0130059710128	0.03145	-0.0109999	0.00019455	0.000373221380303
0	0.0	0.03105	0.002	0.0167848	0.000451635487193
1	0.00049797795095	0.031	0.0015	0.00978762	0.00044072244618
2	0.000997580513835	0.031	0.0010001	0.00371362	0.000378166734033
3	0.00149900756966	0.03105	0.0005001	0.00283815	0.000369545491047
4	0.00199871007304	0.03105	1e-07	0.00201894	0.000361859634913
5	0.00249841257643	0.03105	-0.0004999	0.0012045	0.000357522558091
6	0.00299811507981	0.03105	-0.0009999	0.00162793	0.000353593730774
7	0.00349954213563	0.0311	-0.0014999	0.00163842	0.000355549932143
8	0.00399924463902	0.0311	-0.0019999	0.000770573	0.000356994816995
9	0.0044990470829	0.0311	-0.0025	0.000934605	0.000352596034216
10	0.00499864964579	0.0311	-0.0029999	0.0012312	0.000352830886149
11	0.00550007670161	0.03115	-0.0034999	0.00105	0.000352474172546
12	0.005999779205	0.03115	-0.0039999	0.00057793	0.000354082194065
13	0.00649958164888	0.03115	-0.0045	0.000243188	0.000364805043764
14	0.0070009087642	0.0312	-0.0049999	0.000156404	0.000368816290254
15	0.00750233582002	0.03125	-0.0054999	0.000254633	0.000362966901814
16	0.00800203832341	0.03125	-0.0059999	0.000454905	0.000357139196733
17	0.00850174082679	0.03125	-0.0064999	0.000581745	0.00036065320306
18	0.00900316788262	0.0313	-0.0069999	0.00067139	0.000352319138445
19	0.009502870386	0.0313	-0.0074999	0.000732426	0.000349421394606
20	0.0100042974418	0.03135	-0.0079999	0.000967029	0.000351260421722
21	0.0105039999452	0.03135	-0.0084999	0.000662807	0.00034523147885
22	0.0110037024486	0.03135	-0.0089999	0.000289919	0.000360983421291
23	0.011503404952	0.03135	-0.0094999	0.000224114	0.000369362781124
24	0.0120048320078	0.0314	-0.0099999	0.000185967	0.000359940015511
25	0.0125045345112	0.0314	-0.0104999	0.00019455	0.000342654333342
26	0.013005961567	0.03145	-0.0109999	0.00019455	0.000373221380303
27	0.0135056640704	0.03145	-0.0114999	0.000123025	0.000379676019891
0	0.0	0.03105	0.002	0.0167848	0.000451635487193
1	0.000498029250784	0.031	0.0015	0.00978762	0.00044072244618
2	0.000997644864094	0.031	0.0010001	0.00371362	0.000378166734033
3	0.00149904672615	0.03105	0.0005001	0.00283815	0.000369545491047
4	0.00199876228257	0.03105	1e-07	0.00201894	0.000361859634913
5	0.002498477839	0.03105	-0.0004999	0.0012045	0.000357522558091
6	0.00299819339542	0.03105	-0.0009999	0.00162793	0.000353593730774
7	0.00349959525748	0.0311	-0.0014999	0.00163842	0.000355549932143
8	0.0039993108139	0.0311	-0.0019999	0.000770573	0.000356994816995
9	0.00449912631343	0.0311	-0.0025	0.000934605	0.000352596034216
10	0.00499874192674	0.0311	-0.0029999	0.0012312	0.000352830886149
11	0.0055001437888	0.03115	-0.0034999	0.00105	0.000352474172546
12	0.00599985934522	0.03115	-0.0039999	0.00057793	0.000354082194065
13	0.00649967484475	0.03115	-0.0045	0.000243188	0.000364805043764
14	0.0070009767637	0.0312	-0.0049999	0.000156404	0.000368816290254
15	0.00750237862576	0.03125	-0.0054999	0.000254633	0.000362966901814
16	0.00800209418218	0.03125	-0.0059999	0.000454905	0.000357139196733
17	0.0085018097386	0.03125	-0.0064999	0.000581745	0.00036065320306
18	0.00900321160066	0.0313	-0.0069999	0.00067139	0.000352319138445
19	0.00950292715709	0.0313	-0.0074999	0.000732426	0.000349421394606
20	0.0100043290191	0.03135	-0.0079999	0.000967029	0.000351260421722
21	0.0105040445756	0.03135	-0.0084999	0.000662807	0.00034523147885
22	0.011003760132	0.03135	-0.0089999	0.000289919	0.000360983421291
23	0.0115034756884	0.03135	-0.0094999	0.000224114	0.000369362781124
24	0.0120048775505	0.0314	-0.0099999	0.000185967	0.000359940015511
25	0.0125045931069	0.0314	-0.0104999	0.00019455	0.000342654333342
26	0.0130059949689	0.03145	-0.0109999	0.00019455	0.000373221380303
27	0.0135057105254	0.03145	-0.0114999	0.000123025	0.000379676019891
28	0.0140037397762	0.0314	-0.0119999	0.000121117	0.000377284287809
0	0.0	0.03105	0.002	0.0167848	0.000451635487193
1	0.00049808519212	0.031	0.0015	0.00978762	0.00044072244618
2	0.000997714785351	0.031	0.0010001	0.00371362	0.000378166734033
3	0.00149908867151	0.03105	0.0005001	0.00283815	0.000369545491047
4	0.00199881821065	0.03105	1e-07	0.00201894	0.000361859634913
5	0.00249854774979	0.03105	-0.0004999	0.0012045	0.000357522558091
6	0.00299827728893	0.03105	-0.0009999	0.00162793	0.000353593730774
7	0.00349965117508	0.0311	-0.0014999	0.00163842	0.000355549932143
8	0.00399938071422	0.0311	-0.0019999	0.000770573	0.000356994816995
9	0.00449921019927	0.0311	-0.0025	0.000934605	0.000352596034216
10	0.0049988397925	0.0311	-0.0029999	0.0012312	0.000352830886149
11	0.00550021367866	0.03115	-0.0034999	0.00105	0.000352474172546
12	0.0059999432178	0.03115	-0.0039999	0.00057793	0.000354082194065
13	0.00649977270285	0.03115	-0.0045	0.000243188	0.000364805043764
14	0.0070010466431	0.0312	-0.0049999	0.000156404	0.000368816290254
15	0.00750242052925	0.03125	-0.0054999	0.000254633	0.000362966901814
16	0.00800215006839	0.03125	-0.0059999	0.000454905	0.000357139196733
17	0.00850187960753	0.03125	-0.0064999	0.000581745	0.00036065320306
18	0.00900325349369	0.0313	-0.0069999	0.00067139	0.000352319138445
19	0.00950298303283	0.0313	-0.0074999	0.000732426	0.000349421394606
20	0.010004356919	0.03135	-0.0079999	0.000967029	0.000351260421722
21	0.0105040864581	0.03135	-0.0084999	0.000662807	0.00034523147885
22	0.0110038159973	0.03135	-0.0089999	0.000289919	0.000360983421291
23	0.0115035455364	0.03135	-0.0094999	0.000224114	0.000369362781124
24	0.0120049194226	0.0314	-0.0099999	0.000185967	0.000359940015511
25	0.0125046489617	0.0314	-0.0104999	0.00019455	0.000342654333342
26	0.0130060228479	0.03145	-0.0109999	0.00019455	0.000373221380303
27	0.013505752387	0.03145	-0.0114999	0.000123025	0.000379676019891
28	0.0140038375791	0.0314	-0.0119999	0.000121117	0.000377284287809
29	0.0145035671183	0.0314	-0.0124999	0.000114441	0.000423774509041
0	0.0	0.03105	0.002	0.0167848	0.000451635487193
1	0.000498063770807	0.031	0.0015	0.00978762	0.00044072244618
2	0.000997688042053	0.031	0.0010001	0.00371362	0.000378166734033
3	0.00149907270343	0.03105	0.0005001	0.00283815	0.000369545491047
4	0.00199879691952	0.03105	1e-07	0.00201894	0.000361859634913
5	0.0024985211356	0.03105	-0.0004999	0.0012045	0.000357522558091
6	0.00299824535169	0.03105	-0.0009999	0.00162793	0.000353593730774
7	0.00349963001307	0.0311	-0.0014999	0.00163842	0.000355549932143
8	0.00399935422916	0.0311	-0.0019999	0.000770573	0.000356994816995
9	0.00449917839009	0.0311	-0.0025	0.000934605	0.000352596034216
10	0.00499880266134	0.0311	-0.0029999	0.0012312	0.000352830886149
11	0.00550018732271	0.03115	-0.0034999	0.00105	0.000352474172546
12	0.0059999115388	0.03115	-0.0039999	0.00057793	0.000354082194065
13	0.00649973569973	0.03115	-0.0045	0.000243188	0.000364805043764
14	0.00700102041626	0.0312	-0.0049999	0.000156404	0.000368816290254
15	0.00750240507763	0.03125	-0.0054999	0.000254633	0.000362966901814
16	0.00800212929372	0.03125	-0.0059999	0.000454905	0.000357139196733
17	0.00850185350981	0.03125	-0.0064999	0.000581745	0.00036065320306
18	0.00900323817118	0.0313	-0.0069999	0.00067139	0.000352319138445
19	0.00950296238727	0.0313	-0.0074999	0.000732426	0.000349421394606
20	0.0100043470486	0.03135	-0.0079999	0.000967029	0.000351260421722
21	0.0105040712647	0.03135	-0.0084999	0.000662807	0.00034523147885
22	0.0110037954808	0.03135	-0.0089999	0.000289919	0.000360983421291
23	0.0115035196969	0.03135	-0.0094999	0.000224114	0.000369362781124
24	0.0120049043583	0.0314	-0.0099999	0.000185967	0.000359940015511
25	0.0125046285744	0.0314	-0.0104999	0.00019455	0.000342654333342
26	0.0130060132357	0.03145	-0.0109999	0.00019455	0.000373221380303
27	0.0135057374518	0.03145	-0.0114999	0.000123025	0.000379676019891
28	0.0140038012226	0.0314	-0.0119999	0.000121117	0.000377284287809
29	0.0145035254387	0.0314	-0.0124999	0.000114441	0.000423774509041
30	0.0150065705454	0.0315	-0.0129999	0.000130654	0.000375496740602
0	0.0	0.03105	0.002	0.0167848	0.000451635487193
1	0.000498058657988	0.031	0.0015	0.00978762	0.00044072244618
2	0.000997681653231	0.031	0.0010001	0.00371362	0.000378166734033
3	0.00149906887491	0.03105	0.0005001	0.00283815	0.000369545491047
4	0.00199879181474	0.03105	1e-07	0.00201894	0.000361859634913
5	0.00249851475457	0.03105	-0.0004999	0.0012045	0.000357522558091
6	0.0029982376944	0.03105	-0.0009999	0.00162793	0.000353593730774
7	0.00349962491608	0.0311	-0.0014999	0.00163842	0.000355549932143
8	0.00399934785591	0.0311	-0.0019999	0.000770573	0.000356994816995
9	0.00449917074033	0.0311	-0.0025	0.000934605	0.000352596034216
10	0.00499879373558	0.0311	-0.0029999	0.0012312	0.000352830886149
11	0.00550018095725	0.03115	-0.0034999	0.00105	0.000352474172546
12	0.00599990389708	0.03115	-0.0039999	0.00057793	0.000354082194065
13	0.0064997267815	0.03115	-0.0045	0.000243188	0.000364805043764
14	0.00700101405859	0.0312	-0.0049999	0.000156404	0.000368816290254
15	0.00750240128027	0.03125	-0.0054999	0.000254633	0.000362966901814
16	0.0080021242201	0.03125	-0.0059999	0.000454905	0.000357139196733
17	0.00850184715993	0.03125	-0.0064999	0.000581745	0.00036065320306
18	0.00900323438161	0.0313	-0.0069999	0.00067139	0.000352319138445
19	0.00950295732144	0.0313	-0.0074999	0.000732426	0.000349421394606
20	0.0100043445431	0.03135	-0.0079999	0.000967029	0.000351260421722
21	0.0105040674829	0.03135	-0.0084999	0.000662807	0.00034523147885
22	0.0110037904228	0.03135	-0.0089999	0.000289919	0.000360983421291
23	0.0115035133626	0.03135	-0.0094999	0.000224114	0.000369362781124
24	0.0120049005843	0.0314	-0.0099999	0.000185967	0.000359940015511
25	0.0125046235241	0.0314	-0.0104999	0.00019455	0.000342654333342
26	0.0130060107458	0.03145	-0.0109999	0.00019455	0.000373221380303
27	0.0135057336856	0.03145	-0.0114999	0.000123025	0.000379676019891
28	0.0140037923436	0.0314	-0.0119999	0.000121117	0.000377284287809
29	0.0145035152834	0.0314	-0.0124999	0.000114441	0.000423774509041
30	0.015006566787	0.0315	-0.0129999	0.000130654	0.000375496740602
31	0.0155062897268	0.0315	-0.0134999	0.000106812	0.000397874462596
0	0.0	0.03105	0.002	0.0167848	0.000451635487193
1	0.000498066266757	0.031	0.0015	0.00978762	0.00044072244618
2	0.000997691160111	0.031	0.0010001	0.00371362	0.000378166734033
3	0.00149907457	0.03105	0.0005001	0.00283815	0.000369545491047
4	0.00199879940832	0.03105	1e-07	0.00201894	0.000361859634913
5	0.00249852424664	0.03105	-0.0004999	0.0012045	0.000357522558091
6	0.00299824908497	0.03105	-0.0009999	0.00162793	0.000353593730774
7	0.00349963249485	0.0311	-0.0014999	0.00163842	0.000355549932143
8	0.00399935733318	0.0311	-0.0019999	0.000770573	0.000356994816995
9	0.00449918211647	0.0311	-0.0025	0.000934605	0.000352596034216
10	0.00499880700982	0.0311	-0.0029999	0.0012312	0.000352830886149
11	0.00550019041971	0.03115	-0.0034999	0.00105	0.000352474172546
12	0.00599991525803	0.03115	-0.0039999	0.00057793	0.000354082194065
13	0.00649974004132	0.03115	-0.0045	0.000243188	0.000364805043764
14	0.00700102350624	0.0312	-0.0049999	0.000156404	0.000368816290254
15	0.00750240691613	0.03125	-0.0054999	0.000254633	0.000362966901814
16	0.00800213175445	0.03125	-0.0059999	0.000454905	0.000357139196733
17	0.00850185659277	0.03125	-0.0064999	0.000581745	0.00036065320306
18	0.00900324000266	0.0313	-0.0069999	0.00067139	0.000352319138445
19	0.00950296484098	0.0313	-0.0074999	0.000732426	0.000349421394606
20	0.0100043482509	0.03135	-0.0079999	0.000967029	0.000351260421722
21	0.0105040730892	0.03135	-0.0084999	0.000662807	0.00034523147885
22	0.0110037979275	0.03135	-0.0089999	0.000289919	0.000360983421291
23	0.0115035227658	0.03135	-0.0094999	0.000224114	0.000369362781124
24	0.0120049061757	0.0314	-0.0099999	0.000185967	0.000359940015511
25	0.012504631014	0.0314	-0.0104999	0.00019455	0.000342654333342
26	0.0130060144239	0.03145	-0.0109999	0.00019455	0.000373221380303
27	0.0135057392623	0.03145	-0.0114999	0.000123025	0.000379676019891
28	0.014003805529	0.0314	-0.0119999	0.000121117	0.000377284287809
29	0.0145035303673	0.0314	-0.0124999	0.000114441	0.000423774509041
30	0.0150065723488	0.0315	-0.0129999	0.000130654	0.000375496740602
31	0.0155062971871	0.0315	-0.0134999	0.000106812	0.000397874462596
32	0.0160060220254	0.0315	-0.0139999	0.00011921	0.00037781559956
0	0.0	0.03105	0.002	0.0167848	0.000451635487193
1	0.000498083714556	0.031	0.0015	0.00978762	0.00044072244618
2	0.00099771294195	0.031	0.0010001	0.00371362	0.000378166734033
3	0.00149908757385	0.03105	0.0005001	0.00283815	0.000369545491047
4	0.00199881674708	0.03105	1e-07	0.00201894	0.000361859634913
5	0.00249854592031	0.03105	-0.0004999	0.0012045	0.000357522558091
6	0.00299827509354	0.03105	-0.0009999	0.00162793	0.000353593730774
7	0.00349964972544	0.0311	-0.0014999	0.00163842	0.000355549932143
8	0.00399937889867	0.0311	-0.0019999	0.000770573	0.000356994816995
9	0.00449920801773	0.0311	-0.0025	0.000934605	0.000352596034216
10	0.00499883724512	0.0311	-0.0029999	0.0012312	0.000352830886149
11	0.00550021187702	0.03115	-0.0034999	0.00105	0.000352474172546
12	0.00599994105025	0.03115	-0.0039999	0.00057793	0.000354082194065
13	0.00649977016932	0.03115	-0.0045	0.000243188	0.000364805043764
14	0.00700104485538	0.0312	-0.0049999	0.000156404	0.000368816290254
15	0.00750241948728	0.03125	-0.0054999	0.000254633	0.000362966901814
16	0.00800214866051	0.03125	-0.0059999	0.000454905	0.000357139196733
17	0.00850187783374	0.03125	-0.0064999	0.000581745	0.00036065320306
18	0.00900325246564	0.0313	-0.0069999	0.00067139	0.000352319138445
19	0.00950298163887	0.0313	-0.0074999	0.000732426	0.000349421394606
20	0.0100043562708	0.03135	-0.0079999	0.000967029	0.000351260421722
21	0.010504085444	0.03135	-0.0084999	0.000662807	0.00034523147885
22	0.0110038146172	0.03135	-0.0089999	0.000289919	0.000360983421291
23	0.0115035437905	0.03135	-0.0094999	0.000224114	0.000369362781124
24	0.0120049184224	0.0314	-0.0099999	0.000185967	0.000359940015511
25	0.0125046475956	0.0314	-0.0104999	0.00019455	0.000342654333342
26	0.0130060222275	0.03145	-0.0109999	0.00019455	0.000373221380303
27	0.0135057514007	0.03145	-0.0114999	0.000123025	0.000379676019891
28	0.0140038351153	0.0314	-0.0119999	0.000121117	0.000377284287809
29	0.0145035642885	0.0314	-0.0124999	0.000114441	0.000423774509041
30	0.0150065843791	0.0315	-0.0129999	0.000130654	0.000375496740602
31	0.0155063135523	0.0315	-0.0134999	0.000106812	0.000397874462596
32	0.0160060427255	0.0315	-0.0139999	0.00011921	0.00037781559956
33	0.0165057718988	0.0315	-0.0144999	9.05995e-05	0.000457832243459
0	0.0	0.03105	0.002	0.0167848	0.000451635487193
1	0.000498045441591	0.031	0.0015	0.00978762	0.00044072244618
2	0.000997665128196	0.031	0.0010001	0.00371362	0.000378166734033
3	0.00149905894767	0.03105	0.0005001	0.00283815	0.000369545491047
4	0.0019987785782	0.03105	1e-07	0.00201894	0.000361859634913
5	0.00249849820873	0.03105	-0.0004999	0.0012045	0.000357522558091
6	0.00299821783927	0.03105	-0.0009999	0.00162793	0.000353593730774
7	0.00349961165874	0.0311	-0.0014999	0.00163842	0.000355549932143
8	0.00399933128927	0.0311	-0.0019999	0.000770573	0.000356994816995
9	0.00449915086373	0.0311	-0.0025	0.000934605	0.000352596034216
10	0.00499877055033	0.0311	-0.0029999	0.0012312	0.000352830886149
11	0.00550016436981	0.03115	-0.0034999	0.00105	0.000352474172546
12	0.00599988400034	0.03115	-0.0039999	0.00057793	0.000354082194065
13	0.0064997035748	0.03115	-0.0045	0.000243188	0.000364805043764
14	0.00700099745034	0.0312	-0.0049999	0.000156404	0.000368816290254
15	0.00750239126982	0.03125	-0.0054999	0.000254633	0.000362966901814
16	0.00800211090035	0.03125	-0.0059999	0.000454905	0.000357139196733
17	0.00850183053088	0.03125	-0.0064999	0.000581745	0.00036065320306
18	0.00900322435035	0.0313	-0.0069999	0.00067139	0.000352319138445
19	0.00950294398089	0.0313	-0.0074999	0.000732426	0.000349421394606
20	0.0100043378004	0.03135	-0.0079999	0.000967029	0.000351260421722
21	0.0105040574309	0.03135	-0.0084999	0.000662807	0.00034523147885
22	0.0110037770614	0.03135	-0.0089999	0.000289919	0.000360983421291
23	0.011503496692	0.03135	-0.0094999	0.000224114	0.000369362781124
24	0.0120048905114	0.0314	-0.0099999	0.000185967	0.000359940015511
25	0.012504610142	0.0314	-0.0104999	0.00019455	0.000342654333342
26	0.0130060039614	0.03145	-0.0109999	0.00019455	0.000373221380303
27	0.013505723592	0.03145	-0.0114999	0.000123025	0.000379676019891
28	0.0140037690336	0.0314	-0.0119999	0.000121117	0.000377284287809
29	0.0145034886641	0.0314	-0.0124999	0.000114441	0.000423774509041
30	0.0150065566725	0.0315	-0.0129999	0.000130654	0.000375496740602
31	0.015506276303	0.0315	-0.0134999	0.000106812	0.000397874462596
32	0.0160059959336	0.0315	-0.0139999	0.00011921	0.00037781559956
33	0.0165057155641	0.0315	-0.0144999	9.05995e-05	0.000457832243459
34	0.0170087835725	0.0316	-0.0149999	0.000120163	0.00041850955595
0	0.0	0.03105	0.002	0.0167848	0.000451635487193
1	0.000498053213535	0.031	0.0015	0.00978762	0.00044072244618
2	0.000997674847581	0.031	0.0010001	0.00371362	0.000378166734033
3	0.00149906479077	0.03105	0.0005001	0.00283815	0.000369545491047
4	0.00199878636913	0.03105	1e-07	0.00201894	0.000361859634913
5	0.00249850794749	0.03105	-0.0004999	0.0012045	0.000357522558091
6	0.00299822952586	0.03105	-0.0009999	0.00162793	0.000353593730774
7	0.00349961946904	0.0311	-0.0014999	0.00163842	0.000355549932143
8	0.00399934104741	0.0311	-0.0019999	0.000770573	0.000356994816995
9	0.00449916257008	0.0311	-0.0025	0.000934605	0.000352596034216
10	0.00499878420413	0.0311	-0.0029999	0.0012312	0.000352830886149
11	0.00550017414732	0.03115	-0.0034999	0.00105	0.000352474172546
12	0.00599989572568	0.03115	-0.0039999	0.00057793	0.000354082194065
13	0.00649971724836	0.03115	-0.0045	0.000243188	0.000364805043764
14	0.00700100724723	0.0312	-0.0049999	0.000156404	0.000368816290254
15	0.00750239719042	0.03125	-0.0054999	0.000254633	0.000362966901814
16	0.00800211876878	0.03125	-0.0059999	0.000454905	0.000357139196733
17	0.00850184034714	0.03125	-0.0064999	0.000581745	0.00036065320306
18	0.00900323029033	0.0313	-0.0069999	0.00067139	0.000352319138445
19	0.00950295186869	0.0313	-0.0074999	0.000732426	0.000349421394606
20	0.0100043418119	0.03135	-0.0079999	0.000967029	0.000351260421722
21	0.0105040633902	0.03135	-0.0084999	0.000662807	0.00034523147885
22	0.0110037849686	0.03135	-0.0089999	0.000289919	0.000360983421291
23	0.011503506547	0.03135	-0.0094999	0.000224114	0.000369362781124
24	0.0120048964902	0.0314	-0.0099999	0.000185967	0.000359940015511
25	0.0125046180685	0.0314	-0.0104999	0.00019455	0.000342654333342
26	0.0130060080117	0.03145	-0.0109999	0.00019455	0.000373221380303
27	0.0135057295901	0.03145	-0.0114999	0.000123025	0.000379676019891
28	0.0140037828036	0.0314	-0.0119999	0.000121117	0.000377284287809
29	0.014503504382	0.0314	-0.0124999	0.000114441	0.000423774509041
30	0.01500656269	0.0315	-0.0129999	0.000130654	0.000375496740602
31	0.0155062842683	0.0315	-0.0134999	0.000106812	0.000397874462596
32	0.0160060058467	0.0315	-0.0139999	0.00011921	0.00037781559956
33	0.0165057274251	0.0315	-0.0144999	9.05995e-05	0.000457832243459
34	0.0170087857331	0.0316	-0.0149999	0.000120163	0.00041850955595
35	0.0175068389466	0.03155	-0.0154999	9.25069e-05	0.000478618714285
0	0.0	0.03105	0.002	0.0167848	0.000451635487193
1	0.000498097568136	0.031	0.0015	0.00978762	0.00044072244618
2	0.000997730218282	0.031	0.0010001	0.00371362	0.000378166734033
3	0.00149909784348	0.03105	0.0005001	0.00283815	0.000369545491047
4	0.00199883044014	0.03105	1e-07	0.00201894	0.000361859634913
5	0.00249856303681	0.03105	-0.0004999	0.0012045	0.000357522558091
6	0.00299829563348	0.03105	-0.0009999	0.00162793	0.000353593730774
7	0.00349966325867	0.0311	-0.0014999	0.00163842	0.000355549932143
8	0.00399939585534	0.0311	-0.0019999	0.000770573	0.000356994816995
9	0.00449922839852	0.0311	-0.0025	0.000934605	0.000352596034216
10	0.00499886104867	0.0311	-0.0029999	0.0012312	0.000352830886149
11	0.00550022867387	0.03115	-0.0034999	0.00105	0.000352474172546
12	0.00599996127053	0.03115	-0.0039999	0.00057793	0.000354082194065
13	0.00649979381372	0.03115	-0.0045	0.000243188	0.000364805043764
14	0.00700106149239	0.0312	-0.0049999	0.000156404	0.000368816290254
15	0.00750242911759	0.03125	-0.0054999	0.000254633	0.000362966901814
16	0.00800216171426	0.03125	-0.0059999	0.000454905	0.000357139196733
17	0.00850189431092	0.03125	-0.0064999	0.000581745	0.00036065320306
18	0.00900326193612	0.0313	-0.0069999	0.00067139	0.000352319138445
19	0.00950299453279	0.0313	-0.0074999	0.000732426	0.000349421394606
20	0.010004362158	0.03135	-0.0079999	0.000967029	0.000351260421722
21	0.0105040947546	0.03135	-0.0084999	0.000662807	0.00034523147885
22	0.0110038273513	0.03135	-0.0089999	0.000289919	0.000360983421291
23	0.011503559948	0.03135	-0.0094999	0.000224114	0.000369362781124
24	0.0120049275732	0.0314	-0.0099999	0.000185967	0.000359940015511
25	0.0125046601698	0.0314	-0.0104999	0.00019455	0.000342654333342
26	0.013006027795	0.03145	-0.0109999	0.00019455	0.000373221380303
27	0.0135057603917	0.03145	-0.0114999	0.000123025	0.000379676019891
28	0.0140038579598	0.0314	-0.0119999	0.000121117	0.000377284287809
29	0.0145035905565	0.0314	-0.0124999	0.000114441	0.000423774509041
30	0.0150065932102	0.0315	-0.0129999	0.000130654	0.000375496740602
31	0.0155063258069	0.0315	-0.0134999	0.000106812	0.000397874462596
32	0.0160060584036	0.0315	-0.0139999	0.00011921	0.00037781559956
33	0.0165057910002	0.0315	-0.0144999	9.05995e-05	0.000457832243459
34	0.017008793654	0.0316	-0.0149999	0.000120163	0.00041850955595
35	0.0175068912221	0.03155	-0.0154999	9.25069e-05	0.000478618714285
36	0.0180049887902	0.0315	-0.0159999	9.72752e-05	0.000492412509232
0	0.0	0.03105	0.002	0.0167848	0.000451635487193
1	0.000498090320894	0.031	0.0015	0.00978762	0.00044072244618
2	0.000997721182537	0.031	0.0010001	0.00371362	0.000378166734033
3	0.00149909247725	0.03105	0.0005001	0.00283815	0.000369545491047
4	0.00199882328506	0.03105	1e-07	0.00201894	0.000361859634913
5	0.00249855409286	0.03105	-0.0004999	0.0012045	0.000357522558091
6	0.00299828490067	0.03105	-0.0009999	0.00162793	0.000353593730774
7	0.00349965619538	0.0311	-0.0014999	0.00163842	0.000355549932143
8	0.00399938700319	0.0311	-0.0019999	0.000770573	0.000356994816995
9	0.00449921775716	0.0311	-0.0025	0.000934605	0.000352596034216
10	0.0049988486188	0.0311	-0.0029999	0.0012312	0.000352830886149
11	0.00550021991352	0.03115	-0.0034999	0.00105	0.000352474172546
12	0.00599995072132	0.03115	-0.0039999	0.00057793	0.000354082194065
13	0.00649978147529	0.03115	-0.0045	0.000243188	0.000364805043764
14	0.00700105282384	0.0312	-0.0049999	0.000156404	0.000368816290254
15	0.00750242411856	0.03125	-0.0054999	0.000254633	0.000362966901814
16	0.00800215492636	0.03125	-0.0059999	0.000454905	0.000357139196733
17	0.00850188573417	0.03125	-0.0064999	0.000581745	0.00036065320306
18	0.00900325702888	0.0313	-0.0069999	0.00067139	0.000352319138445
19	0.00950298783669	0.0313	-0.0074999	0.000732426	0.000349421394606
20	0.0100043591314	0.03135	-0.0079999	0.000967029	0.000351260421722
21	0.0105040899392	0.03135	-0.0084999	0.000662807	0.00034523147885
22	0.011003820747	0.03135	-0.0089999	0.000289919	0.000360983421291
23	0.0115035515548	0.03135	-0.0094999	0.000224114	0.000369362781124
24	0.0120049228495	0.0314	-0.0099999	0.000185967	0.000359940015511
25	0.0125046536573	0.0314	-0.0104999	0.00019455	0.000342654333342
26	0.0130060249521	0.03145	-0.0109999	0.00019455	0.000373221380303
27	0.0135057557599	0.03145	-0.0114999	0.000123025	0.000379676019891
28	0.0140038460808	0.0314	-0.0119999	0.000121117	0.000377284287809
29	0.0145035768886	0.0314	-0.0124999	0.000114441	0.000423774509041
30	0.0150065886702	0.0315	-0.0129999	0.000130654	0.000375496740602
31	0.015506319478	0.0315	-0.0134999	0.000106812	0.000397874462596
32	0.0160060502858	0.0315	-0.0139999	0.00011921	0.00037781559956
33	0.0165057810936	0.0315	-0.0144999	9.05995e-05	0.000457832243459
34	0.0170087928752	0.0316	-0.0149999	0.000120163	0.00041850955595
35	0.0175068831961	0.03155	-0.0154999	9.25069e-05	0.000478618714285
36	0.018004973517	0.0315	-0.0159999	9.72752e-05	0.000492412509232
37	0.0185079852986	0.0316	-0.0164999	7.43871e-05	0
0	0.0	0.03105	0.002	0.0167848	0.000451635487193
1	0.000498092502253	0.031	0.0015	0.00978762	0.00044072244618
2	0.000997723902694	0.031	0.0010001	0.00371362	0.000378166734033
3	0.00149909409386	0.03105	0.0005001	0.00283815	0.000369545491047
4	0.00199882544057	0.03105	1e-07	0.00201894	0.000361859634913
5	0.00249855678728	0.03105	-0.0004999	0.0012045	0.000357522558091
6	0.00299828813399	0.03105	-0.0009999	0.00162793	0.000353593730774
7	0.00349965832516	0.0311	-0.0014999	0.00163842	0.000355549932143
8	0.00399938967187	0.0311	-0.0019999	0.000770573	0.000356994816995
9	0.00449922096485	0.0311	-0.0025	0.000934605	0.000352596034216
10	0.00499885236529	0.0311	-0.0029999	0.0012312	0.000352830886149
11	0.00550022255645	0.03115	-0.0034999	0.00105	0.000352474172546
12	0.00599995390317	0.03115	-0.0039999	0.00057793	0.000354082194065
13	0.00649978519614	0.03115	-0.0045	0.000243188	0.000364805043764
14	0.00700105544104	0.0312	-0.0049999	0.000156404	0.000368816290254
15	0.00750242563221	0.03125	-0.0054999	0.000254633	0.000362966901814
16	0.00800215697892	0.03125	-0.0059999	0.000454905	0.000357139196733
17	0.00850188832563	0.03125	-0.0064999	0.000581745	0.00036065320306
18	0.0090032585168	0.0313	-0.0069999	0.00067139	0.000352319138445
19	0.00950298986351	0.0313	-0.0074999	0.000732426	0.000349421394606
20	0.0100043600547	0.03135	-0.0079999	0.000967029	0.000351260421722
21	0.0105040914014	0.03135	-0.0084999	0.000662807	0.00034523147885
22	0.0110038227481	0.03135	-0.0089999	0.000289919	0.000360983421291
23	0.0115035540948	0.03135	-0.0094999	0.000224114	0.000369362781124
24	0.012004924286	0.0314	-0.0099999	0.000185967	0.000359940015511
25	0.0125046556327	0.0314	-0.0104999	0.00019455	0.000342654333342
26	0.0130060258238	0.03145	-0.0109999	0.00019455	0.000373221380303
27	0.0135057571706	0.03145	-0.0114999	0.000123025	0.000379676019891
28	0.0140038496728	0.0314	-0.0119999	0.000121117	0.000377284287809
29	0.0145035810195	0.0314	-0.0124999	0.000114441	0.000423774509041
30	0.0150065900551	0.0315	-0.0129999	0.000130654	0.000375496740602
31	0.0155063214019	0.0315	-0.0134999	0.000106812	0.000397874462596
32	0.0160060527486	0.0315	-0.0139999	0.00011921	0.00037781559956
33	0.0165057840953	0.0315	-0.0144999	9.05995e-05	0.000457832243459
34	0.0170087931309	0.0316	-0.0149999	0.000120163	0.00041850955595
35	0.0175068856332	0.03155	-0.0154999	9.25069e-05	0.000478618714285
36	0.0180049781354	0.0315	-0.0159999	9.72752e-05	0.000492412509232
37	0.018507987171	0.0316	-0.0164999	7.43871e-05	0
38	0.0190077185177	0.0316	-0.0169999	8.77385e-05	0
0	0.0	0.03105	0.002	0.0167848	0.000451635487193
1	0.000498053726046	0.031	0.0015	0.00978762	0.00044072244618
2	0.000997675488335	0.031	0.0010001	0.00371362	0.000378166734033
3	0.00149906517555	0.03105	0.0005001	0.00283815	0.000369545491047
4	0.00199878688218	0.03105	1e-07	0.00201894	0.000361859634913
5	0.00249850858881	0.03105	-0.0004999	0.0012045	0.000357522558091
6	0.00299823029544	0.03105	-0.0009999	0.00162793	0.000353593730774
7	0.00349961998265	0.0311	-0.0014999	0.00163842	0.000355549932143
8	0.00399934168928	0.0311	-0.0019999	0.000770573	0.000356994816995
9	0.00449916334025	0.0311	-0.0025	0.000934605	0.000352596034216
10	0.00499878510254	0.0311	-0.0029999	0.0012312	0.000352830886149
11	0.00550017478976	0.03115	-0.0034999	0.00105	0.000352474172546
12	0.00599989649639	0.03115	-0.0039999	0.00057793	0.000354082194065
13	0.00649971814736	0.03115	-0.0045	0.000243188	0.000364805043764
14	0.00700100789023	0.0312	-0.0049999	0.000156404	0.000368816290254
15	0.00750239757744	0.03125	-0.0054999	0.000254633	0.000362966901814
16	0.00800211928407	0.03125	-0.0059999	0.000454905	0.000357139196733
17	0.0085018409907	0.03125	-0.0064999	0.000581745	0.00036065320306
18	0.00900323067792	0.0313	-0.0069999	0.00067139	0.000352319138445
19	0.00950295238455	0.0313	-0.0074999	0.000732426	0.000349421394606
20	0.0100043420718	0.03135	-0.0079999	0.000967029	0.000351260421722
21	0.0105040637784	0.03135	-0.0084999	0.000662807	0.00034523147885
22	0.011003785485	0.03135	-0.0089999	0.000289919	0.000360983421291
23	0.0115035071917	0.03135	-0.0094999	0.000224114	0.000369362781124
24	0.0120048968789	0.0314	-0.0099999	0.000185967	0.000359940015511
25	0.0125046185855	0.0314	-0.0104999	0.00019455	0.000342654333342
26	0.0130060082727	0.03145	-0.0109999	0.00019455	0.000373221380303
27	0.0135057299793	0.03145	-0.0114999	0.000123025	0.000379676019891
28	0.0140037837054	0.0314	-0.0119999	0.000121117	0.000377284287809
29	0.014503505412	0.0314	-0.0124999	0.000114441	0.000423774509041
30	0.0150065630798	0.0315	-0.0129999	0.000130654	0.000375496740602
31	0.0155062847864	0.0315	-0.0134999	0.000106812	0.000397874462596
32	0.0160060064931	0.0315	-0.0139999	0.00011921	0.00037781559956
33	0.0165057281997	0.0315	-0.0144999	9.05995e-05	0.000457832243459
34	0.0170087858675	0.0316	-0.0149999	0.000120163	0.00041850955595
35	0.0175068395935	0.03155	-0.0154999	9.25069e-05	0.000478618714285
36	0.0180048933196	0.0315	-0.0159999	9.72752e-05	0.000492412509232
37	0.0185079509874	0.0316	-0.0164999	7.43871e-05	0
38	0.019007672694	0.0316	-0.0169999	8.77385e-05	0
39	0.0195107303618	0.0317	-0.0174999	0.000104905	0
0	0.0	0.03105	0.002	0.0167848	0.000451635487193
1	0.000498074404787	0.031	0.0015	0.00978762	0.00044072244618
2	0.000997701322851	0.031	0.0010001	0.00371362	0.000378166734033
3	0.00149908064494	0.03105	0.0005001	0.00283815	0.000369545491047
4	0.00199880750838	0.03105	1e-07	0.00201894	0.000361859634913
5	0.00249853437181	0.03105	-0.0004999	0.0012045	0.000357522558091
6	0.00299826123525	0.03105	-0.0009999	0.00162793	0.000353593730774
7	0.00349964055734	0.0311	-0.0014999	0.00163842	0.000355549932143
8	0.00399936742078	0.0311	-0.0019999	0.000770573	0.000356994816995
9	0.00449919422959	0.0311	-0.0025	0.000934605	0.000352596034216
10	0.00499882114765	0.0311	-0.0029999	0.0012312	0.000352830886149
11	0.00550020046974	0.03115	-0.0034999	0.00105	0.000352474172546
12	0.00599992733318	0.03115	-0.0039999	0.00057793	0.000354082194065
13	0.00649975414199	0.03115	-0.0045	0.000243188	0.000364805043764
14	0.0070010335187	0.0312	-0.0049999	0.000156404	0.000368816290254
15	0.00750241284079	0.03125	-0.0054999	0.000254633	0.000362966901814
16	0.00800213970423	0.03125	-0.0059999	0.000454905	0.000357139196733
17	0.00850186656766	0.03125	-0.0064999	0.000581745	0.00036065320306
18	0.00900324588975	0.0313	-0.0069999	0.00067139	0.000352319138445
19	0.00950297275319	0.0313	-0.0074999	0.000732426	0.000349421394606
20	0.0100043520753	0.03135	-0.0079999	0.000967029	0.000351260421722
21	0.0105040789387	0.03135	-0.0084999	0.000662807	0.00034523147885
22	0.0110038058021	0.03135	-0.0089999	0.000289919	0.000360983421291
23	0.0115035326656	0.03135	-0.0094999	0.000224114	0.000369362781124
24	0.0120049119877	0.0314	-0.0099999	0.000185967	0.000359940015511
25	0.0125046388511	0.0314	-0.0104999	0.00019455	0.000342654333342
26	0.0130060181732	0.03145	-0.0109999	0.00019455	0.000373221380303
27	0.0135057450366	0.03145	-0.0114999	0.000123025	0.000379676019891
28	0.0140038194414	0.0314	-0.0119999	0.000121117	0.000377284287809
29	0.0145035463049	0.0314	-0.0124999	0.000114441	0.000423774509041
30	0.0150065780856	0.0315	-0.0129999	0.000130654	0.000375496740602
31	0.015506304949	0.0315	-0.0134999	0.000106812	0.000397874462596
32	0.0160060318125	0.0315	-0.0139999	0.00011921	0.00037781559956
33	0.0165057586759	0.0315	-0.0144999	9.05995e-05	0.000457832243459
34	0.0170087904566	0.0316	-0.0149999	0.000120163	0.00041850955595
35	0.0175068648614	0.03155	-0.0154999	9.25069e-05	0.000478618714285
36	0.0180049392662	0.0315	-0.0159999	9.72752e-05	0.000492412509232
37	0.018507971047	0.0316	-0.0164999	7.43871e-05	0
38	0.0190076979104	0.0316	-0.0169999	8.77385e-05	0
39	0.0195107296911	0.0317	-0.0174999	0.000104905	0
40	0.0200071516373	0.0316	-0.0179999	0.000117302	0
0	0.0	0.03105	0.002	0.0167848	0.000451635487193
1	0.000498077476873	0.031	0.0015	0.00978762	0.00044072244618
2	0.000997705157798	0.031	0.0010001	0.00371362	0.000378166734033
3	0.00149908293382	0.03105	0.0005001	0.00283815	0.000369545491047
4	0.00199881056027	0.03105	1e-07	0.00201894	0.000361859634913
5	0.00249853818672	0.03105	-0.0004999	0.0012045	0.000357522558091
6	0.00299826581317	0.03105	-0.0009999	0.00162793	0.000353593730774
7	0.0034996435892	0.0311	-0.0014999	0.00163842	0.000355549932143
8	0.00399937121565	0.0311	-0.0019999	0.000770573	0.000356994816995
9	0.00449919878763	0.0311	-0.0025	0.000934605	0.000352596034216
10	0.00499882646855	0.0311	-0.0029999	0.0012312	0.000352830886149
11	0.00550020424458	0.03115	-0.0034999	0.00105	0.000352474172546
12	0.00599993187103	0.03115	-0.0039999	0.00057793	0.000354082194065
13	0.006499759443	0.03115	-0.0045	0.000243188	0.000364805043764
14	0.00700103727351	0.0312	-0.0049999	0.000156404	0.000368816290254
15	0.00750241504953	0.03125	-0.0054999	0.000254633	0.000362966901814
16	0.00800214267598	0.03125	-0.0059999	0.000454905	0.000357139196733
17	0.00850187030243	0.03125	-0.0064999	0.000581745	0.00036065320306
18	0.00900324807846	0.0313	-0.0069999	0.00067139	0.000352319138445
19	0.00950297570491	0.0313	-0.0074999	0.000732426	0.000349421394606
20	0.0100043534809	0.03135	-0.0079999	0.000967029	0.000351260421722
21	0.0105040811074	0.03135	-0.0084999	0.000662807	0.00034523147885
22	0.0110038087338	0.03135	-0.0089999	0.000289919	0.000360983421291
23	0.0115035363603	0.03135	-0.0094999	0.000224114	0.000369362781124
24	0.0120049141363	0.0314	-0.0099999	0.000185967	0.000359940015511
25	0.0125046417628	0.0314	-0.0104999	0.00019455	0.000342654333342
26	0.0130060195388	0.03145	-0.0109999	0.00019455	0.000373221380303
27	0.0135057471652	0.03145	-0.0114999	0.000123025	0.000379676019891
28	0.0140038246421	0.0314	-0.0119999	0.000121117	0.000377284287809
29	0.0145035522686	0.0314	-0.0124999	0.000114441	0.000423774509041
30	0.0150065801942	0.0315	-0.0129999	0.000130654	0.000375496740602
31	0.0155063078206	0.0315	-0.0134999	0.000106812	0.000397874462596
32	0.0160060354471	0.0315	-0.0139999	0.00011921	0.00037781559956
33	0.0165057630735	0.0315	-0.0144999	9.05995e-05	0.000457832243459
34	0.0170087909991	0.0316	-0.0149999	0.000120163	0.00041850955595
35	0.017506868476	0.03155	-0.0154999	9.25069e-05	0.000478618714285
36	0.0180049459529	0.0315	-0.0159999	9.72752e-05	0.000492412509232
37	0.0185079738785	0.0316	-0.0164999	7.43871e-05	0
38	0.0190077015049	0.0316	-0.0169999	8.77385e-05	0
39	0.0195107294305	0.0317	-0.0174999	0.000104905	0
40	0.0200071567578	0.0316	-0.0179999	0.000117302	0
41	0.0205085345338	0.03165	-0.0184999	0.000174523	0.00108475560938
0	0.0	0.03105	0.002	0.0167848	0.000451635487193
1	0.000498087087265	0.031	0.0015	0.00978762	0.00044072244618
2	0.000997717149451	0.031	0.0010001	0.00371362	0.000378166734033
3	0.00149909007856	0.03105	0.0005001	0.00283815	0.000369545491047
4	0.00199882008675	0.03105	1e-07	0.00201894	0.000361859634913
5	0.00249855009494	0.03105	-0.0004999	0.0012045	0.000357522558091
6	0.00299828010313	0.03105	-0.0009999	0.00162793	0.000353593730774
7	0.00349965303224	0.0311	-0.0014999	0.00163842	0.000355549932143
8	0.00399938304043	0.0311	-0.0019999	0.000770573	0.000356994816995
9	0.00449921299462	0.0311	-0.0025	0.000934605	0.000352596034216
10	0.00499884305681	0.0311	-0.0029999	0.0012312	0.000352830886149
11	0.00550021598592	0.03115	-0.0034999	0.00105	0.000352474172546
12	0.00599994599411	0.03115	-0.0039999	0.00057793	0.000354082194065
13	0.0064997759483	0.03115	-0.0045	0.000243188	0.000364805043764
14	0.00700104893141	0.0312	-0.0049999	0.000156404	0.000368816290254
15	0.00750242186052	0.03125	-0.0054999	0.000254633	0.000362966901814
16	0.00800215186871	0.03125	-0.0059999	0.000454905	0.000357139196733
17	0.00850188187689	0.03125	-0.0064999	0.000581745	0.00036065320306
18	0.00900325480601	0.0313	-0.0069999	0.00067139	0.000352319138445
19	0.00950298481419	0.0313	-0.0074999	0.000732426	0.000349421394606
20	0.0100043577433	0.03135	-0.0079999	0.000967029	0.000351260421722
21	0.0105040877515	0.03135	-0.0084999	0.000662807	0.00034523147885
22	0.0110038177597	0.03135	-0.0089999	0.000289919	0.000360983421291
23	0.0115035477679	0.03135	-0.0094999	0.000224114	0.000369362781124
24	0.012004920697	0.0314	-0.0099999	0.000185967	0.000359940015511
25	0.0125046507052	0.0314	-0.0104999	0.00019455	0.000342654333342
26	0.0130060236343	0.03145	-0.0109999	0.00019455	0.000373221380303
27	0.0135057536425	0.03145	-0.0114999	0.000123025	0.000379676019891
28	0.0140038407297	0.0314	-0.0119999	0.000121117	0.000377284287809
29	0.0145035707379	0.0314	-0.0124999	0.000114441	0.000423774509041
30	0.015006586588	0.0315	-0.0129999	0.000130654	0.000375496740602
31	0.0155063165961	0.0315	-0.0134999	0.000106812	0.000397874462596
32	0.0160060466043	0.0315	-0.0139999	0.00011921	0.00037781559956
33	0.0165057766125	0.0315	-0.0144999	9.05995e-05	0.000457832243459
34	0.0170087924626	0.0316	-0.0149999	0.000120163	0.00041850955595
35	0.0175068795498	0.03155	-0.0154999	9.25069e-05	0.000478618714285
36	0.0180049666371	0.0315	-0.0159999	9.72752e-05	0.000492412509232
37	0.0185079824871	0.0316	-0.0164999	7.43871e-05	0
38	0.0190077124953	0.0316	-0.0169999	8.77385e-05	0
39	0.0195107283453	0.0317	-0.0174999	0.000104905	0
40	0.0200071725117	0.0316	-0.0179999	0.000117302	0
41	0.0205085454408	0.03165	-0.0184999	0.000174523	0.00108475560938
42	0.021008275449	0.03165	-0.0189999	0.000227929	0
0	0.0	0.03105	0.002	0.0167848	0.000451635487193
1	0.000498081947497	0.031	0.0015	0.00978762	0.00044072244618
2	0.000997710737132	0.031	0.0010001	0.00371362	0.000378166734033
3	0.0014990862604	0.03105	0.0005001	0.00283815	0.000369545491047
4	0.00199881499578	0.03105	1e-07	0.00201894	0.000361859634913
5	0.00249854373116	0.03105	-0.0004999	0.0012045	0.000357522558091
6	0.00299827246654	0.03105	-0.0009999	0.00162793	0.000353593730774
7	0.00349964798981	0.0311	-0.0014999	0.00163842	0.000355549932143
8	0.00399937672519	0.0311	-0.0019999	0.000770573	0.000356994816995
9	0.00449920540632	0.0311	-0.0025	0.000934605	0.000352596034216
10	0.00499883419596	0.0311	-0.0029999	0.0012312	0.000352830886149
11	0.00550020971922	0.03115	-0.0034999	0.00105	0.000352474172546
12	0.0059999384546	0.03115	-0.0039999	0.00057793	0.000354082194065
13	0.00649976713573	0.03115	-0.0045	0.000243188	0.000364805043764
14	0.00700104271325	0.0312	-0.0049999	0.000156404	0.000368816290254
15	0.00750241823652	0.03125	-0.0054999	0.000254633	0.000362966901814
16	0.0080021469719	0.03125	-0.0059999	0.000454905	0.000357139196733
17	0.00850187570728	0.03125	-0.0064999	0.000581745	0.00036065320306
18	0.00900325123055	0.0313	-0.0069999	0.00067139	0.000352319138445
19	0.00950297996593	0.0313	-0.0074999	0.000732426	0.000349421394606
20	0.0100043554892	0.03135	-0.0079999	0.000967029	0.000351260421722
21	0.0105040842246	0.03135	-0.0084999	0.000662807	0.00034523147885
22	0.01100381296	0.03135	-0.0089999	0.000289919	0.000360983421291
23	0.0115035416953	0.03135	-0.0094999	0.000224114	0.000369362781124
24	0.0120049172186	0.0314	-0.0099999	0.000185967	0.000359940015511
25	0.012504645954	0.0314	-0.0104999	0.00019455	0.000342654333342
26	0.0130060214773	0.03145	-0.0109999	0.00019455	0.000373221380303
27	0.0135057502126	0.03145	-0.0114999	0.000123025	0.000379676019891
28	0.0140038321601	0.0314	-0.0119999	0.000121117	0.000377284287809
29	0.0145035608955	0.0314	-0.0124999	0.000114441	0.000423774509041
30	0.0150065832067	0.0315	-0.0129999	0.000130654	0.000375496740602
31	0.0155063119421	0.0315	-0.0134999	0.000106812	0.000397874462596
32	0.0160060406774	0.0315	-0.0139999	0.00011921	0.00037781559956
33	0.0165057694128	0.0315	-0.0144999	9.05995e-05	0.000457832243459
34	0.017008791724	0.0316	-0.0149999	0.000120163	0.00041850955595
35	0.0175068736715	0.03155	-0.0154999	9.25069e-05	0.000478618714285
36	0.018004955619	0.0315	-0.0159999	9.72752e-05	0.000492412509232
37	0.0185079779301	0.0316	-0.0164999	7.43871e-05	0
38	0.0190077066655	0.0316	-0.0169999	8.77385e-05	0
39	0.0195107289766	0.0317	-0.0174999	0.000104905	0
40	0.0200071641363	0.0316	-0.0179999	0.000117302	0
41	0.0205085396595	0.03165	-0.0184999	0.000174523	0.00108475560938
42	0.0210082683949	0.03165	-0.0189999	0.000227929	0
43	0.0215096439182	0.0317	-0.0194999	0.000340464	0.000964512962479
0	0.0	0.03105	0.002	0.0167848	0.000451635487193
1	0.000498103011509	0.031	0.0015	0.00978762	0.00044072244618
2	0.000997737002034	0.031	0.0010001	0.00371362	0.000378166734033
3	0.00149910186515	0.03105	0.0005001	0.00283815	0.000369545491047
4	0.00199883580246	0.03105	1e-07	0.00201894	0.000361859634913
5	0.00249856973978	0.03105	-0.0004999	0.0012045	0.000357522558091
6	0.00299830367709	0.03105	-0.0009999	0.00162793	0.000353593730774
7	0.00349966854021	0.0311	-0.0014999	0.00163842	0.000355549932143
8	0.00399940247752	0.0311	-0.0019999	0.000770573	0.000356994816995
9	0.00449923636162	0.0311	-0.0025	0.000934605	0.000352596034216
10	0.00499887035214	0.0311	-0.0029999	0.0012312	0.000352830886149
11	0.00550023521526	0.03115	-0.0034999	0.00105	0.000352474172546
12	0.00599996915257	0.03115	-0.0039999	0.00057793	0.000354082194065
13	0.00649980303667	0.03115	-0.0045	0.000243188	0.000364805043764
14	0.007001067953	0.0312	-0.0049999	0.000156404	0.000368816290254
15	0.00750243281612	0.03125	-0.0054999	0.000254633	0.000362966901814
16	0.00800216675343	0.03125	-0.0059999	0.000454905	0.000357139196733
17	0.00850190069075	0.03125	-0.0064999	0.000581745	0.00036065320306
18	0.00900326555386	0.0313	-0.0069999	0.00067139	0.000352319138445
19	0.00950299949118	0.0313	-0.0074999	0.000732426	0.000349421394606
20	0.0100043643543	0.03135	-0.0079999	0.000967029	0.000351260421722
21	0.0105040982916	0.03135	-0.0084999	0.000662807	0.00034523147885
22	0.0110038322289	0.03135	-0.0089999	0.000289919	0.000360983421291
23	0.0115035661662	0.03135	-0.0094999	0.000224114	0.000369362781124
24	0.0120049310293	0.0314	-0.0099999	0.000185967	0.000359940015511
25	0.0125046649667	0.0314	-0.0104999	0.00019455	0.000342654333342
26	0.0130060298298	0.03145	-0.0109999	0.00019455	0.000373221380303
27	0.0135057637671	0.03145	-0.0114999	0.000123025	0.000379676019891
28	0.0140038667786	0.0314	-0.0119999	0.000121117	0.000377284287809
29	0.0145036007159	0.0314	-0.0124999	0.000114441	0.000423774509041
30	0.0150065965048	0.0315	-0.0129999	0.000130654	0.000375496740602
31	0.0155063304421	0.0315	-0.0134999	0.000106812	0.000397874462596
32	0.0160060643795	0.0315	-0.0139999	0.00011921	0.00037781559956
33	0.0165057983168	0.0315	-0.0144999	9.05995e-05	0.000457832243459
34	0.0170087941057	0.0316	-0.0149999	0.000120163	0.00041850955595
35	0.0175068971172	0.03155	-0.0154999	9.25069e-05	0.000478618714285
36	0.0180050001287	0.0315	-0.0159999	9.72752e-05	0.000492412509232
37	0.0185079959176	0.0316	-0.0164999	7.43871e-05	0
38	0.0190077298549	0.0316	-0.0169999	8.77385e-05	0
39	0.0195107256439	0.0317	-0.0174999	0.000104905	0
40	0.0200071977296	0.0316	-0.0179999	0.000117302	0
41	0.0205085625927	0.03165	-0.0184999	0.000174523	0.00108475560938
42	0.02100829653	0.03165	-0.0189999	0.000227929	0
43	0.0215096613931	0.0317	-0.0194999	0.000340464	0.000964512962479
44	0.0220077644046	0.03165	-0.0199999	0.000839237	0.000939630928303
